19.96000 -49.48000 1.50000 -271.1237
-195.55000 -35.66000 1.50000 -145.0985
-250.94000 -128.50000 1.50000 -184.7347
19.96000 -49.48000 1.50000 -271.1210
-195.55000 -35.66000 1.50000 -145.0906
-250.94000 -128.50000 1.50000 -184.7070
19.96000 -49.48000 1.50000 -271.1411
-195.55000 -35.66000 1.50000 -145.1302
-250.94000 -128.50000 1.50000 -184.7390
19.96000 -49.48000 1.50000 -271.1611
-195.55000 -35.66000 1.50000 -145.1697
-250.94000 -128.50000 1.50000 -224.7709
19.96000 -49.48000 1.50000 -271.1810
-195.55000 -35.66000 1.50000 -145.2090
-250.94000 -128.50000 1.50000 -224.8028
19.96000 -49.48000 1.50000 -271.1784
-195.55000 -35.66000 1.50000 -145.2014
-250.94000 -128.50000 1.50000 -224.7757
19.96000 -49.48000 1.50000 -271.1585
-195.55000 -35.66000 1.50000 -145.1620
-250.94000 -128.50000 1.50000 -224.7436
19.96000 -49.48000 1.50000 -271.1385
-195.55000 -35.66000 1.50000 -145.1225
-250.94000 -128.50000 1.50000 -224.7114
19.96000 -49.48000 1.50000 -271.1185
-195.55000 -35.66000 1.50000 -145.0828
-250.94000 -128.50000 1.50000 -184.6793
19.96000 -49.48000 1.50000 -271.0984
-195.55000 -35.66000 1.50000 -145.0430
-250.94000 -128.50000 1.50000 -184.6471
19.96000 -49.48000 1.50000 -271.0958
-195.55000 -35.66000 1.50000 -145.0353
-250.94000 -128.50000 1.50000 -184.6192
19.96000 -49.48000 1.50000 -271.1159
-195.55000 -35.66000 1.50000 -145.0752
-250.94000 -128.50000 1.50000 -224.6516
19.96000 -49.48000 1.50000 -271.1360
-195.55000 -35.66000 1.50000 -145.1150
-250.94000 -128.50000 1.50000 -224.6840
19.96000 -49.48000 1.50000 -271.1560
-195.55000 -35.66000 1.50000 -145.1546
-250.94000 -128.50000 1.50000 -224.7163
19.96000 -49.48000 1.50000 -271.1759
-195.55000 -35.66000 1.50000 -145.1940
-250.94000 -128.50000 1.50000 -224.7486
19.96000 -49.48000 1.50000 -271.1959
-195.55000 -35.66000 1.50000 -145.2332
-250.94000 -128.50000 1.50000 -224.7808
19.96000 -49.48000 1.50000 -271.2157
-195.55000 -35.66000 1.50000 -145.2723
-250.94000 -128.50000 1.50000 -224.8130
19.96000 -49.48000 1.50000 -271.2355
-195.55000 -35.66000 1.50000 -145.3112
-250.94000 -128.50000 1.50000 -224.8452
19.96000 -49.48000 1.50000 -271.2553
-195.55000 -35.66000 1.50000 -145.3500
-250.94000 -128.50000 1.50000 -184.8774
19.96000 -49.48000 1.50000 -271.2751
-195.55000 -35.66000 1.50000 -145.3885
-250.94000 -128.50000 1.50000 -184.9095
19.96000 -49.48000 1.50000 -271.2947
-195.55000 -35.66000 1.50000 -145.4270
-250.94000 -128.50000 1.50000 -184.9415
19.96000 -49.48000 1.50000 -271.3144
-195.55000 -35.66000 1.50000 -145.4652
-250.94000 -128.50000 1.50000 -184.9736
19.96000 -49.48000 1.50000 -271.3340
-195.55000 -35.66000 1.50000 -145.5033
-250.94000 -128.50000 1.50000 -185.0056
19.96000 -49.48000 1.50000 -271.3316
-195.55000 -35.66000 1.50000 -145.4966
-250.94000 -128.50000 1.50000 -184.9801
19.96000 -49.48000 1.50000 -271.3120
-195.55000 -35.66000 1.50000 -145.4584
-250.94000 -128.50000 1.50000 -184.9479
19.96000 -49.48000 1.50000 -271.2924
-195.55000 -35.66000 1.50000 -145.4201
-250.94000 -128.50000 1.50000 -184.9157
19.96000 -49.48000 1.50000 -271.2726
-195.55000 -35.66000 1.50000 -145.3817
-250.94000 -128.50000 1.50000 -184.8834
19.96000 -49.48000 1.50000 -271.2529
-195.55000 -35.66000 1.50000 -145.3430
-250.94000 -128.50000 1.50000 -184.8511
19.96000 -49.48000 1.50000 -271.2331
-195.55000 -35.66000 1.50000 -145.3042
-250.94000 -128.50000 1.50000 -184.8188
19.96000 -49.48000 1.50000 -271.2133
-195.55000 -35.66000 1.50000 -145.2652
-250.94000 -128.50000 1.50000 -224.7864
19.96000 -49.48000 1.50000 -271.1934
-195.55000 -35.66000 1.50000 -145.2261
-250.94000 -128.50000 1.50000 -224.7540
19.96000 -49.48000 1.50000 -271.1735
-195.55000 -35.66000 1.50000 -145.1868
-250.94000 -128.50000 1.50000 -224.7216
19.96000 -49.48000 1.50000 -271.1535
-195.55000 -35.66000 1.50000 -145.1473
-250.94000 -128.50000 1.50000 -224.6891
19.96000 -49.48000 1.50000 -271.1335
-195.55000 -35.66000 1.50000 -145.1076
-250.94000 -128.50000 1.50000 -224.6565
19.96000 -49.48000 1.50000 -271.1134
-195.55000 -35.66000 1.50000 -145.0678
-250.94000 -128.50000 1.50000 -224.6240
19.96000 -49.48000 1.50000 -271.0933
-195.55000 -35.66000 1.50000 -145.0278
-250.94000 -128.50000 1.50000 -224.5914
19.96000 -49.48000 1.50000 -271.0909
-195.55000 -35.66000 1.50000 -145.0205
-250.94000 -128.50000 1.50000 -224.5635
19.96000 -49.48000 1.50000 -271.1110
-195.55000 -35.66000 1.50000 -145.0605
-250.94000 -128.50000 1.50000 -224.5963
19.96000 -49.48000 1.50000 -271.1310
-195.55000 -35.66000 1.50000 -145.1005
-250.94000 -128.50000 1.50000 -224.6291
19.96000 -49.48000 1.50000 -271.1511
-195.55000 -35.66000 1.50000 -145.1402
-250.94000 -128.50000 1.50000 -224.6618
19.96000 -49.48000 1.50000 -271.1711
-195.55000 -35.66000 1.50000 -145.1797
-250.94000 -128.50000 1.50000 -224.6945
19.96000 -49.48000 1.50000 -271.1910
-195.55000 -35.66000 1.50000 -145.2191
-250.94000 -128.50000 1.50000 -184.7272
19.96000 -49.48000 1.50000 -271.2109
-195.55000 -35.66000 1.50000 -145.2583
-250.94000 -128.50000 1.50000 -184.7598
19.96000 -49.48000 1.50000 -271.2307
-195.55000 -35.66000 1.50000 -145.2973
-250.94000 -128.50000 1.50000 -184.7924
19.96000 -49.48000 1.50000 -271.2505
-195.55000 -35.66000 1.50000 -145.3362
-250.94000 -128.50000 1.50000 -184.8249
19.96000 -49.48000 1.50000 -271.2703
-195.55000 -35.66000 1.50000 -145.3749
-250.94000 -128.50000 1.50000 -184.8574
19.96000 -49.48000 1.50000 -271.2900
-195.55000 -35.66000 1.50000 -145.4134
-250.94000 -128.50000 1.50000 -184.8899
19.96000 -49.48000 1.50000 -271.3097
-195.55000 -35.66000 1.50000 -145.4518
-250.94000 -128.50000 1.50000 -184.9223
19.96000 -49.48000 1.50000 -271.3074
-195.55000 -35.66000 1.50000 -145.4453
-250.94000 -128.50000 1.50000 -184.8967
19.96000 -49.48000 1.50000 -271.2877
-195.55000 -35.66000 1.50000 -145.4069
-250.94000 -128.50000 1.50000 -184.8641
19.96000 -49.48000 1.50000 -271.2680
-195.55000 -35.66000 1.50000 -145.3683
-250.94000 -128.50000 1.50000 -184.8315
19.96000 -49.48000 1.50000 -271.2482
-195.55000 -35.66000 1.50000 -145.3296
-250.94000 -128.50000 1.50000 -184.7988
19.96000 -49.48000 1.50000 -271.2284
-195.55000 -35.66000 1.50000 -145.2906
-250.94000 -128.50000 1.50000 -184.7660
19.96000 -49.48000 1.50000 -271.2085
-195.55000 -35.66000 1.50000 -145.2516
-250.94000 -128.50000 1.50000 -184.7333
19.96000 -49.48000 1.50000 -271.1886
-195.55000 -35.66000 1.50000 -145.2123
-250.94000 -128.50000 1.50000 -184.7005
19.96000 -49.48000 1.50000 -271.1687
-195.55000 -35.66000 1.50000 -145.1729
-250.94000 -128.50000 1.50000 -184.6676
19.96000 -49.48000 1.50000 -271.1487
-195.55000 -35.66000 1.50000 -145.1332
-250.94000 -128.50000 1.50000 -224.6347
19.96000 -49.48000 1.50000 -271.1286
-195.55000 -35.66000 1.50000 -145.0935
-250.94000 -128.50000 1.50000 -224.6017
19.96000 -49.48000 1.50000 -271.1086
-195.55000 -35.66000 1.50000 -145.0535
-250.94000 -128.50000 1.50000 -224.5688
19.96000 -49.48000 1.50000 -271.0884
-195.55000 -35.66000 1.50000 -145.0133
-250.94000 -128.50000 1.50000 -224.5358
19.96000 -49.48000 1.50000 -271.0682
-195.55000 -35.66000 1.50000 -144.9730
-250.94000 -128.50000 1.50000 -224.5027
19.96000 -49.48000 1.50000 -271.0659
-195.55000 -35.66000 1.50000 -144.9660
-250.94000 -128.50000 1.50000 -224.4747
19.96000 -49.48000 1.50000 -271.0861
-195.55000 -35.66000 1.50000 -145.0064
-250.94000 -128.50000 1.50000 -224.5080
19.96000 -49.48000 1.50000 -271.1062
-195.55000 -35.66000 1.50000 -145.0466
-250.94000 -128.50000 1.50000 -224.5412
19.96000 -49.48000 1.50000 -271.1263
-195.55000 -35.66000 1.50000 -145.0866
-250.94000 -128.50000 1.50000 -224.5744
19.96000 -49.48000 1.50000 -271.1464
-195.55000 -35.66000 1.50000 -145.1265
-250.94000 -128.50000 1.50000 -184.6076
19.96000 -49.48000 1.50000 -271.1664
-195.55000 -35.66000 1.50000 -145.1662
-250.94000 -128.50000 1.50000 -184.6407
19.96000 -49.48000 1.50000 -271.1863
-195.55000 -35.66000 1.50000 -145.2057
-250.94000 -128.50000 1.50000 -184.6737
19.96000 -49.48000 1.50000 -271.2062
-195.55000 -35.66000 1.50000 -145.2450
-250.94000 -128.50000 1.50000 -184.7068
19.96000 -49.48000 1.50000 -271.2261
-195.55000 -35.66000 1.50000 -145.2841
-250.94000 -128.50000 1.50000 -184.7397
19.96000 -49.48000 1.50000 -271.2459
-195.55000 -35.66000 1.50000 -145.3231
-250.94000 -128.50000 1.50000 -184.7727
19.96000 -49.48000 1.50000 -271.2657
-195.55000 -35.66000 1.50000 -145.3619
-250.94000 -128.50000 1.50000 -184.8055
19.96000 -49.48000 1.50000 -271.2854
-195.55000 -35.66000 1.50000 -145.4006
-250.94000 -128.50000 1.50000 -184.8384
19.96000 -49.48000 1.50000 -231.3051
-195.55000 -35.66000 1.50000 -145.4391
-250.94000 -128.50000 1.50000 -144.8712
19.96000 -49.48000 1.50000 -231.3029
-195.55000 -35.66000 1.50000 -145.4329
-250.94000 -128.50000 1.50000 -144.8457
19.96000 -49.48000 1.50000 -231.2832
-195.55000 -35.66000 1.50000 -145.3944
-250.94000 -128.50000 1.50000 -144.8127
19.96000 -49.48000 1.50000 -231.2635
-195.55000 -35.66000 1.50000 -145.3557
-250.94000 -128.50000 1.50000 -184.7797
19.96000 -49.48000 1.50000 -231.2437
-195.55000 -35.66000 1.50000 -145.3168
-250.94000 -128.50000 1.50000 -184.7466
19.96000 -49.48000 1.50000 -231.2238
-195.55000 -35.66000 1.50000 -145.2778
-250.94000 -128.50000 1.50000 -184.7135
19.96000 -49.48000 1.50000 -231.2040
-195.55000 -35.66000 1.50000 -145.2386
-250.94000 -128.50000 1.50000 -184.6803
19.96000 -49.48000 1.50000 -231.1840
-195.55000 -35.66000 1.50000 -145.1992
-250.94000 -128.50000 1.50000 -184.6471
19.96000 -49.48000 1.50000 -231.1641
-195.55000 -35.66000 1.50000 -145.1596
-250.94000 -128.50000 1.50000 -184.6138
19.96000 -49.48000 1.50000 -231.1440
-195.55000 -35.66000 1.50000 -145.1199
-250.94000 -128.50000 1.50000 -184.5805
19.96000 -49.48000 1.50000 -231.1240
-195.55000 -35.66000 1.50000 -145.0800
-250.94000 -128.50000 1.50000 -184.5471
19.96000 -49.48000 1.50000 -271.1039
-195.55000 -35.66000 1.50000 -145.0399
-250.94000 -128.50000 1.50000 -224.5137
19.96000 -49.48000 1.50000 -271.0837
-195.55000 -35.66000 1.50000 -144.9996
-250.94000 -128.50000 1.50000 -224.4803
19.96000 -49.48000 1.50000 -271.0635
-195.55000 -35.66000 1.50000 -144.9592
-250.94000 -128.50000 1.50000 -224.4468
19.96000 -49.48000 1.50000 -231.0612
-195.55000 -35.66000 1.50000 -144.9525
-250.94000 -128.50000 1.50000 -224.4189
19.96000 -49.48000 1.50000 -231.0815
-195.55000 -35.66000 1.50000 -144.9930
-250.94000 -128.50000 1.50000 -184.4526
19.96000 -49.48000 1.50000 -231.1016
-195.55000 -35.66000 1.50000 -145.0334
-250.94000 -128.50000 1.50000 -184.4863
19.96000 -49.48000 1.50000 -231.1217
-195.55000 -35.66000 1.50000 -145.0735
-250.94000 -128.50000 1.50000 -184.5199
19.96000 -49.48000 1.50000 -231.1418
-195.55000 -35.66000 1.50000 -145.1135
-250.94000 -128.50000 1.50000 -184.5534
19.96000 -49.48000 1.50000 -231.1618
-195.55000 -35.66000 1.50000 -145.1533
-250.94000 -128.50000 1.50000 -184.5870
19.96000 -49.48000 1.50000 -231.1818
-195.55000 -35.66000 1.50000 -145.1929
-250.94000 -128.50000 1.50000 -184.6204
19.96000 -49.48000 1.50000 -231.2018
-195.55000 -35.66000 1.50000 -145.2323
-250.94000 -128.50000 1.50000 -184.6539
19.96000 -49.48000 1.50000 -231.2216
-195.55000 -35.66000 1.50000 -145.2716
-250.94000 -128.50000 1.50000 -184.6872
19.96000 -49.48000 1.50000 -231.2415
-195.55000 -35.66000 1.50000 -145.3107
-250.94000 -128.50000 1.50000 -144.7206
19.96000 -49.48000 1.50000 -231.2613
-195.55000 -35.66000 1.50000 -145.3496
-250.94000 -128.50000 1.50000 -144.7538
19.96000 -49.48000 1.50000 -231.2810
-195.55000 -35.66000 1.50000 -145.3884
-250.94000 -128.50000 1.50000 -144.7871
19.96000 -49.48000 1.50000 -231.3008
-195.55000 -35.66000 1.50000 -145.4270
-250.94000 -128.50000 1.50000 -144.8203
19.96000 -49.48000 1.50000 -231.2986
-195.55000 -35.66000 1.50000 -105.4212
-250.94000 -128.50000 1.50000 -144.7949
19.96000 -49.48000 1.50000 -231.2789
-195.55000 -35.66000 1.50000 -105.3825
-250.94000 -128.50000 1.50000 -144.7615
19.96000 -49.48000 1.50000 -231.2591
-195.55000 -35.66000 1.50000 -105.3437
-250.94000 -128.50000 1.50000 -144.7281
19.96000 -49.48000 1.50000 -231.2393
-195.55000 -35.66000 1.50000 -145.3047
-250.94000 -128.50000 1.50000 -144.6946
19.96000 -49.48000 1.50000 -231.2195
-195.55000 -35.66000 1.50000 -145.2656
-250.94000 -128.50000 1.50000 -144.6611
19.96000 -49.48000 1.50000 -231.1996
-195.55000 -35.66000 1.50000 -145.2263
-250.94000 -128.50000 1.50000 -184.6275
19.96000 -49.48000 1.50000 -231.1796
-195.55000 -35.66000 1.50000 -145.1868
-250.94000 -128.50000 1.50000 -184.5939
19.96000 -49.48000 1.50000 -231.1596
-195.55000 -35.66000 1.50000 -145.1471
-250.94000 -128.50000 1.50000 -184.5602
19.96000 -49.48000 1.50000 -231.1396
-195.55000 -35.66000 1.50000 -145.1073
-250.94000 -128.50000 1.50000 -184.5265
19.96000 -49.48000 1.50000 -231.1195
-195.55000 -35.66000 1.50000 -145.0672
-250.94000 -128.50000 1.50000 -184.4927
19.96000 -49.48000 1.50000 -231.0994
-195.55000 -35.66000 1.50000 -145.0270
-250.94000 -128.50000 1.50000 -184.4589
19.96000 -49.48000 1.50000 -231.0792
-195.55000 -35.66000 1.50000 -144.9866
-250.94000 -128.50000 1.50000 -184.4250
19.96000 -49.48000 1.50000 -231.0590
-195.55000 -35.66000 1.50000 -144.9460
-250.94000 -128.50000 1.50000 -184.3911
19.96000 -49.48000 1.50000 -231.0387
-195.55000 -35.66000 1.50000 -144.9053
-250.94000 -128.50000 1.50000 -224.3571
19.96000 -49.48000 1.50000 -231.0365
-195.55000 -35.66000 1.50000 -144.8989
-250.94000 -128.50000 1.50000 -184.3291
19.96000 -49.48000 1.50000 -231.0568
-195.55000 -35.66000 1.50000 -144.9398
-250.94000 -128.50000 1.50000 -184.3633
19.96000 -49.48000 1.50000 -231.0770
-195.55000 -35.66000 1.50000 -144.9804
-250.94000 -128.50000 1.50000 -184.3974
19.96000 -49.48000 1.50000 -231.0972
-195.55000 -35.66000 1.50000 -145.0209
-250.94000 -128.50000 1.50000 -184.4315
19.96000 -49.48000 1.50000 -231.1174
-195.55000 -35.66000 1.50000 -105.0611
-250.94000 -128.50000 1.50000 -184.4655
19.96000 -49.48000 1.50000 -231.1375
-195.55000 -35.66000 1.50000 -105.1012
-250.94000 -128.50000 1.50000 -184.4995
19.96000 -49.48000 1.50000 -191.1575
-195.55000 -35.66000 1.50000 -105.1411
-250.94000 -128.50000 1.50000 -184.5334
19.96000 -49.48000 1.50000 -191.1775
-195.55000 -35.66000 1.50000 -105.1808
-250.94000 -128.50000 1.50000 -184.5673
19.96000 -49.48000 1.50000 -191.1974
-195.55000 -35.66000 1.50000 -105.2204
-250.94000 -128.50000 1.50000 -144.6012
19.96000 -49.48000 1.50000 -191.2174
-195.55000 -35.66000 1.50000 -105.2598
-250.94000 -128.50000 1.50000 -144.6349
19.96000 -49.48000 1.50000 -191.2372
-195.55000 -35.66000 1.50000 -105.2990
-250.94000 -128.50000 1.50000 -144.6687
19.96000 -49.48000 1.50000 -191.2570
-195.55000 -35.66000 1.50000 -105.3380
-250.94000 -128.50000 1.50000 -144.7024
19.96000 -49.48000 1.50000 -191.2768
-195.55000 -35.66000 1.50000 -105.3768
-250.94000 -128.50000 1.50000 -144.7360
19.96000 -49.48000 1.50000 -191.2748
-195.55000 -35.66000 1.50000 -105.3713
-250.94000 -128.50000 1.50000 -144.7105
19.96000 -49.48000 1.50000 -191.2550
-195.55000 -35.66000 1.50000 -105.3324
-250.94000 -128.50000 1.50000 -144.6767
19.96000 -49.48000 1.50000 -191.2352
-195.55000 -35.66000 1.50000 -105.2934
-250.94000 -128.50000 1.50000 -144.6428
19.96000 -49.48000 1.50000 -191.2153
-195.55000 -35.66000 1.50000 -105.2541
-250.94000 -128.50000 1.50000 -144.6089
19.96000 -49.48000 1.50000 -191.1954
-195.55000 -35.66000 1.50000 -105.2147
-250.94000 -128.50000 1.50000 -144.5749
19.96000 -49.48000 1.50000 -191.1754
-195.55000 -35.66000 1.50000 -105.1751
-250.94000 -128.50000 1.50000 -144.5408
19.96000 -49.48000 1.50000 -191.1554
-195.55000 -35.66000 1.50000 -105.1353
-250.94000 -128.50000 1.50000 -184.5068
19.96000 -49.48000 1.50000 -191.1353
-195.55000 -35.66000 1.50000 -105.0953
-250.94000 -128.50000 1.50000 -184.4726
19.96000 -49.48000 1.50000 -191.1152
-195.55000 -35.66000 1.50000 -105.0552
-250.94000 -128.50000 1.50000 -184.4384
19.96000 -49.48000 1.50000 -191.0951
-195.55000 -35.66000 1.50000 -105.0149
-250.94000 -128.50000 1.50000 -184.4042
19.96000 -49.48000 1.50000 -191.0749
-195.55000 -35.66000 1.50000 -104.9744
-250.94000 -128.50000 1.50000 -184.3699
19.96000 -49.48000 1.50000 -191.0547
-195.55000 -35.66000 1.50000 -104.9337
-250.94000 -128.50000 1.50000 -184.3355
19.96000 -49.48000 1.50000 -191.0344
-195.55000 -35.66000 1.50000 -104.8928
-250.94000 -128.50000 1.50000 -184.3011
19.96000 -49.48000 1.50000 -191.0140
-195.55000 -35.66000 1.50000 -104.8517
-250.94000 -128.50000 1.50000 -184.2667
19.96000 -49.48000 1.50000 -190.9937
-195.55000 -35.66000 1.50000 -104.8105
-250.94000 -128.50000 1.50000 -184.2322
19.96000 -49.48000 1.50000 -190.9732
-195.55000 -35.66000 1.50000 -104.7690
-250.94000 -128.50000 1.50000 -184.1977
19.96000 -49.48000 1.50000 -190.9527
-195.55000 -35.66000 1.50000 -104.7274
-250.94000 -128.50000 1.50000 -184.1631
19.96000 -49.48000 1.50000 -190.9322
-195.55000 -35.66000 1.50000 -104.6855
-250.94000 -128.50000 1.50000 -184.1285
19.96000 -49.48000 1.50000 -190.9117
-195.55000 -35.66000 1.50000 -104.6435
-250.94000 -128.50000 1.50000 -184.0938
19.96000 -49.48000 1.50000 -190.8910
-195.55000 -35.66000 1.50000 -104.6012
-250.94000 -128.50000 1.50000 -184.0591
19.96000 -49.48000 1.50000 -190.8703
-195.55000 -35.66000 1.50000 -104.5588
-250.94000 -128.50000 1.50000 -184.0244
19.96000 -49.48000 1.50000 -190.8496
-195.55000 -35.66000 1.50000 -104.5162
-250.94000 -128.50000 1.50000 -143.9896
19.96000 -49.48000 1.50000 -190.8289
-195.55000 -35.66000 1.50000 -104.4733
-250.94000 -128.50000 1.50000 -143.9548
19.96000 -49.48000 1.50000 -190.8080
-195.55000 -35.66000 1.50000 -104.4303
-250.94000 -128.50000 1.50000 -143.9200
19.96000 -49.48000 1.50000 -190.7872
-195.55000 -35.66000 1.50000 -104.3870
-250.94000 -128.50000 1.50000 -143.8851
19.96000 -49.48000 1.50000 -190.7663
-195.55000 -35.66000 1.50000 -104.3435
-250.94000 -128.50000 1.50000 -143.8502
19.96000 -49.48000 1.50000 -190.7453
-195.55000 -35.66000 1.50000 -104.2998
-250.94000 -128.50000 1.50000 -143.8153
19.96000 -49.48000 1.50000 -190.7243
-195.55000 -35.66000 1.50000 -104.2559
-250.94000 -128.50000 1.50000 -143.7803
19.96000 -49.48000 1.50000 -190.7032
-195.55000 -35.66000 1.50000 -104.2118
-250.94000 -128.50000 1.50000 -143.7453
19.96000 -49.48000 1.50000 -190.6821
-195.55000 -35.66000 1.50000 -104.1674
-250.94000 -128.50000 1.50000 -143.7103
19.96000 -49.48000 1.50000 -190.6609
-195.55000 -35.66000 1.50000 -104.1229
-250.94000 -128.50000 1.50000 -143.6753
19.96000 -49.48000 1.50000 -190.6397
-195.55000 -35.66000 1.50000 -104.0781
-250.94000 -128.50000 1.50000 -143.6402
19.96000 -49.48000 1.50000 -190.6185
-195.55000 -35.66000 1.50000 -104.0331
-250.94000 -128.50000 1.50000 -143.6051
19.96000 -49.48000 1.50000 -190.5971
-195.55000 -35.66000 1.50000 -103.9878
-250.94000 -128.50000 1.50000 -143.5701
19.96000 -49.48000 1.50000 -190.5757
-195.55000 -35.66000 1.50000 -103.9424
-250.94000 -128.50000 1.50000 -143.5349
19.96000 -49.48000 1.50000 -190.5543
-195.55000 -35.66000 1.50000 -103.8967
-250.94000 -128.50000 1.50000 -143.4998
19.96000 -49.48000 1.50000 -190.5329
-195.55000 -35.66000 1.50000 -103.8507
-250.94000 -128.50000 1.50000 -143.4647
19.96000 -49.48000 1.50000 -190.5113
-195.55000 -35.66000 1.50000 -103.8045
-250.94000 -128.50000 1.50000 -143.4295
19.96000 -49.48000 1.50000 -190.4897
-195.55000 -35.66000 1.50000 -103.7581
-250.94000 -128.50000 1.50000 -143.3944
19.96000 -49.48000 1.50000 -190.4681
-195.55000 -35.66000 1.50000 -103.7115
-250.94000 -128.50000 1.50000 -143.3592
19.96000 -49.48000 1.50000 -190.4464
-195.55000 -35.66000 1.50000 -103.6646
-250.94000 -128.50000 1.50000 -143.3241
19.96000 -49.48000 1.50000 -190.4247
-195.55000 -35.66000 1.50000 -103.6174
-250.94000 -128.50000 1.50000 -143.2889
19.96000 -49.48000 1.50000 -190.4222
-195.55000 -35.66000 1.50000 -103.6094
-250.94000 -128.50000 1.50000 -143.2536
19.96000 -49.48000 1.50000 -190.4440
-195.55000 -35.66000 1.50000 -103.6566
-250.94000 -128.50000 1.50000 -143.2891
19.96000 -49.48000 1.50000 -190.4657
-195.55000 -35.66000 1.50000 -103.7036
-250.94000 -128.50000 1.50000 -143.3245
19.96000 -49.48000 1.50000 -190.4873
-195.55000 -35.66000 1.50000 -103.7504
-250.94000 -128.50000 1.50000 -143.3599
19.96000 -49.48000 1.50000 -190.5089
-195.55000 -35.66000 1.50000 -103.7969
-250.94000 -128.50000 1.50000 -143.3954
19.96000 -49.48000 1.50000 -190.5305
-195.55000 -35.66000 1.50000 -103.8431
-250.94000 -128.50000 1.50000 -143.4308
19.96000 -49.48000 1.50000 -190.5520
-195.55000 -35.66000 1.50000 -103.8892
-250.94000 -128.50000 1.50000 -143.4662
19.96000 -49.48000 1.50000 -190.5734
-195.55000 -35.66000 1.50000 -103.9349
-250.94000 -128.50000 1.50000 -143.5016
19.96000 -49.48000 1.50000 -190.5948
-195.55000 -35.66000 1.50000 -103.9805
-250.94000 -128.50000 1.50000 -143.5370
19.96000 -49.48000 1.50000 -190.6161
-195.55000 -35.66000 1.50000 -104.0258
-250.94000 -128.50000 1.50000 -143.5723
19.96000 -49.48000 1.50000 -190.6374
-195.55000 -35.66000 1.50000 -104.0709
-250.94000 -128.50000 1.50000 -143.6077
19.96000 -49.48000 1.50000 -190.6586
-195.55000 -35.66000 1.50000 -104.1158
-250.94000 -128.50000 1.50000 -143.6430
19.96000 -49.48000 1.50000 -190.6798
-195.55000 -35.66000 1.50000 -104.1604
-250.94000 -128.50000 1.50000 -143.6783
19.96000 -49.48000 1.50000 -190.7009
-195.55000 -35.66000 1.50000 -104.2048
-250.94000 -128.50000 1.50000 -143.7136
19.96000 -49.48000 1.50000 -190.7220
-195.55000 -35.66000 1.50000 -104.2490
-250.94000 -128.50000 1.50000 -143.7488
19.96000 -49.48000 1.50000 -190.7430
-195.55000 -35.66000 1.50000 -104.2930
-250.94000 -128.50000 1.50000 -143.7840
19.96000 -49.48000 1.50000 -190.7640
-195.55000 -35.66000 1.50000 -104.3367
-250.94000 -128.50000 1.50000 -143.8192
19.96000 -49.48000 1.50000 -190.7849
-195.55000 -35.66000 1.50000 -104.3803
-250.94000 -128.50000 1.50000 -143.8544
19.96000 -49.48000 1.50000 -190.8058
-195.55000 -35.66000 1.50000 -104.4236
-250.94000 -128.50000 1.50000 -143.8895
19.96000 -49.48000 1.50000 -190.8267
-195.55000 -35.66000 1.50000 -104.4668
-250.94000 -128.50000 1.50000 -143.9246
19.96000 -49.48000 1.50000 -190.8474
-195.55000 -35.66000 1.50000 -104.5097
-250.94000 -128.50000 1.50000 -183.9596
19.96000 -49.48000 1.50000 -190.8682
-195.55000 -35.66000 1.50000 -104.5524
-250.94000 -128.50000 1.50000 -183.9946
19.96000 -49.48000 1.50000 -190.8888
-195.55000 -35.66000 1.50000 -104.5949
-250.94000 -128.50000 1.50000 -184.0296
19.96000 -49.48000 1.50000 -190.9095
-195.55000 -35.66000 1.50000 -104.6372
-250.94000 -128.50000 1.50000 -184.0645
19.96000 -49.48000 1.50000 -190.9301
-195.55000 -35.66000 1.50000 -104.6793
-250.94000 -128.50000 1.50000 -184.0994
19.96000 -49.48000 1.50000 -190.9506
-195.55000 -35.66000 1.50000 -104.7212
-250.94000 -128.50000 1.50000 -184.1343
19.96000 -49.48000 1.50000 -190.9711
-195.55000 -35.66000 1.50000 -104.7629
-250.94000 -128.50000 1.50000 -184.1691
19.96000 -49.48000 1.50000 -190.9915
-195.55000 -35.66000 1.50000 -104.8044
-250.94000 -128.50000 1.50000 -184.2038
19.96000 -49.48000 1.50000 -191.0119
-195.55000 -35.66000 1.50000 -104.8457
-250.94000 -128.50000 1.50000 -184.2385
19.96000 -49.48000 1.50000 -191.0323
-195.55000 -35.66000 1.50000 -104.8868
-250.94000 -128.50000 1.50000 -184.2732
19.96000 -49.48000 1.50000 -191.0526
-195.55000 -35.66000 1.50000 -104.9278
-250.94000 -128.50000 1.50000 -184.3078
19.96000 -49.48000 1.50000 -191.0728
-195.55000 -35.66000 1.50000 -104.9685
-250.94000 -128.50000 1.50000 -184.3424
19.96000 -49.48000 1.50000 -191.0930
-195.55000 -35.66000 1.50000 -105.0091
-250.94000 -128.50000 1.50000 -184.3769
19.96000 -49.48000 1.50000 -191.1132
-195.55000 -35.66000 1.50000 -105.0495
-250.94000 -128.50000 1.50000 -184.4113
19.96000 -49.48000 1.50000 -191.1333
-195.55000 -35.66000 1.50000 -105.0896
-250.94000 -128.50000 1.50000 -144.4458
19.96000 -49.48000 1.50000 -191.1533
-195.55000 -35.66000 1.50000 -105.1297
-250.94000 -128.50000 1.50000 -144.4801
19.96000 -49.48000 1.50000 -191.1734
-195.55000 -35.66000 1.50000 -105.1695
-250.94000 -128.50000 1.50000 -144.5144
19.96000 -49.48000 1.50000 -191.1933
-195.55000 -35.66000 1.50000 -105.2091
-250.94000 -128.50000 1.50000 -144.5487
19.96000 -49.48000 1.50000 -191.2133
-195.55000 -35.66000 1.50000 -105.2486
-250.94000 -128.50000 1.50000 -144.5829
19.96000 -49.48000 1.50000 -191.2332
-195.55000 -35.66000 1.50000 -105.2879
-250.94000 -128.50000 1.50000 -144.6170
19.96000 -49.48000 1.50000 -191.2530
-195.55000 -35.66000 1.50000 -105.3270
-250.94000 -128.50000 1.50000 -144.6511
19.96000 -49.48000 1.50000 -191.2728
-195.55000 -35.66000 1.50000 -105.3660
-250.94000 -128.50000 1.50000 -144.6851
19.96000 -49.48000 1.50000 -191.2708
-195.55000 -35.66000 1.50000 -105.3608
-250.94000 -128.50000 1.50000 -144.6598
19.96000 -49.48000 1.50000 -191.2510
-195.55000 -35.66000 1.50000 -105.3218
-250.94000 -128.50000 1.50000 -144.6255
19.96000 -49.48000 1.50000 -191.2312
-195.55000 -35.66000 1.50000 -105.2827
-250.94000 -128.50000 1.50000 -144.5912
19.96000 -49.48000 1.50000 -191.2113
-195.55000 -35.66000 1.50000 -105.2433
-250.94000 -128.50000 1.50000 -144.5569
19.96000 -49.48000 1.50000 -191.1913
-195.55000 -35.66000 1.50000 -105.2038
-250.94000 -128.50000 1.50000 -144.5225
19.96000 -49.48000 1.50000 -191.1714
-195.55000 -35.66000 1.50000 -105.1641
-250.94000 -128.50000 1.50000 -144.4881
19.96000 -49.48000 1.50000 -191.1513
-195.55000 -35.66000 1.50000 -105.1242
-250.94000 -128.50000 1.50000 -144.4535
19.96000 -49.48000 1.50000 -191.1313
-195.55000 -35.66000 1.50000 -105.0841
-250.94000 -128.50000 1.50000 -144.4190
19.96000 -49.48000 1.50000 -191.1111
-195.55000 -35.66000 1.50000 -105.0439
-250.94000 -128.50000 1.50000 -144.3844
19.96000 -49.48000 1.50000 -191.0910
-195.55000 -35.66000 1.50000 -105.0035
-250.94000 -128.50000 1.50000 -184.3497
19.96000 -49.48000 1.50000 -191.0708
-195.55000 -35.66000 1.50000 -104.9629
-250.94000 -128.50000 1.50000 -184.3149
19.96000 -49.48000 1.50000 -191.0505
-195.55000 -35.66000 1.50000 -104.9221
-250.94000 -128.50000 1.50000 -184.2802
19.96000 -49.48000 1.50000 -191.0302
-195.55000 -35.66000 1.50000 -104.8811
-250.94000 -128.50000 1.50000 -184.2453
19.96000 -49.48000 1.50000 -191.0098
-195.55000 -35.66000 1.50000 -104.8399
-250.94000 -128.50000 1.50000 -184.2104
19.96000 -49.48000 1.50000 -190.9894
-195.55000 -35.66000 1.50000 -104.7985
-250.94000 -128.50000 1.50000 -184.1755
19.96000 -49.48000 1.50000 -190.9690
-195.55000 -35.66000 1.50000 -104.7569
-250.94000 -128.50000 1.50000 -184.1405
19.96000 -49.48000 1.50000 -190.9485
-195.55000 -35.66000 1.50000 -104.7152
-250.94000 -128.50000 1.50000 -184.1055
19.96000 -49.48000 1.50000 -190.9279
-195.55000 -35.66000 1.50000 -104.6732
-250.94000 -128.50000 1.50000 -184.0704
19.96000 -49.48000 1.50000 -190.9073
-195.55000 -35.66000 1.50000 -104.6311
-250.94000 -128.50000 1.50000 -184.0353
19.96000 -49.48000 1.50000 -190.8867
-195.55000 -35.66000 1.50000 -104.5887
-250.94000 -128.50000 1.50000 -184.0001
19.96000 -49.48000 1.50000 -190.8660
-195.55000 -35.66000 1.50000 -104.5461
-250.94000 -128.50000 1.50000 -183.9649
19.96000 -49.48000 1.50000 -190.8453
-195.55000 -35.66000 1.50000 -104.5034
-250.94000 -128.50000 1.50000 -183.9296
19.96000 -49.48000 1.50000 -190.8245
-195.55000 -35.66000 1.50000 -104.4604
-250.94000 -128.50000 1.50000 -183.8943
19.96000 -49.48000 1.50000 -190.8036
-195.55000 -35.66000 1.50000 -104.4172
-250.94000 -128.50000 1.50000 -143.8590
19.96000 -49.48000 1.50000 -190.7828
-195.55000 -35.66000 1.50000 -104.3738
-250.94000 -128.50000 1.50000 -143.8237
19.96000 -49.48000 1.50000 -190.7618
-195.55000 -35.66000 1.50000 -104.3302
-250.94000 -128.50000 1.50000 -143.7883
19.96000 -49.48000 1.50000 -190.7408
-195.55000 -35.66000 1.50000 -104.2864
-250.94000 -128.50000 1.50000 -143.7528
19.96000 -49.48000 1.50000 -190.7198
-195.55000 -35.66000 1.50000 -104.2423
-250.94000 -128.50000 1.50000 -143.7173
19.96000 -49.48000 1.50000 -190.6987
-195.55000 -35.66000 1.50000 -104.1981
-250.94000 -128.50000 1.50000 -143.6818
19.96000 -49.48000 1.50000 -190.6776
-195.55000 -35.66000 1.50000 -104.1536
-250.94000 -128.50000 1.50000 -143.6463
19.96000 -49.48000 1.50000 -190.6564
-195.55000 -35.66000 1.50000 -104.1089
-250.94000 -128.50000 1.50000 -143.6107
19.96000 -49.48000 1.50000 -190.6351
-195.55000 -35.66000 1.50000 -104.0639
-250.94000 -128.50000 1.50000 -143.5752
19.96000 -49.48000 1.50000 -190.6138
-195.55000 -35.66000 1.50000 -104.0188
-250.94000 -128.50000 1.50000 -143.5396
19.96000 -49.48000 1.50000 -190.5925
-195.55000 -35.66000 1.50000 -103.9734
-250.94000 -128.50000 1.50000 -143.5039
19.96000 -49.48000 1.50000 -190.5711
-195.55000 -35.66000 1.50000 -103.9277
-250.94000 -128.50000 1.50000 -143.4683
19.96000 -49.48000 1.50000 -190.5497
-195.55000 -35.66000 1.50000 -103.8819
-250.94000 -128.50000 1.50000 -143.4326
19.96000 -49.48000 1.50000 -190.5282
-195.55000 -35.66000 1.50000 -103.8358
-250.94000 -128.50000 1.50000 -143.3969
19.96000 -49.48000 1.50000 -190.5066
-195.55000 -35.66000 1.50000 -103.7895
-250.94000 -128.50000 1.50000 -143.3612
19.96000 -49.48000 1.50000 -190.5043
-195.55000 -35.66000 1.50000 -103.7823
-250.94000 -128.50000 1.50000 -143.3271
19.96000 -49.48000 1.50000 -190.5259
-195.55000 -35.66000 1.50000 -103.8287
-250.94000 -128.50000 1.50000 -143.3631
19.96000 -49.48000 1.50000 -190.5474
-195.55000 -35.66000 1.50000 -103.8749
-250.94000 -128.50000 1.50000 -143.3990
19.96000 -49.48000 1.50000 -190.5689
-195.55000 -35.66000 1.50000 -103.9208
-250.94000 -128.50000 1.50000 -143.4350
19.96000 -49.48000 1.50000 -190.5903
-195.55000 -35.66000 1.50000 -103.9665
-250.94000 -128.50000 1.50000 -143.4709
19.96000 -49.48000 1.50000 -190.6116
-195.55000 -35.66000 1.50000 -104.0120
-250.94000 -128.50000 1.50000 -143.5068
19.96000 -49.48000 1.50000 -190.6329
-195.55000 -35.66000 1.50000 -104.0572
-250.94000 -128.50000 1.50000 -143.5427
19.96000 -49.48000 1.50000 -190.6542
-195.55000 -35.66000 1.50000 -104.1022
-250.94000 -128.50000 1.50000 -143.5785
19.96000 -49.48000 1.50000 -190.6754
-195.55000 -35.66000 1.50000 -104.1470
-250.94000 -128.50000 1.50000 -143.6143
19.96000 -49.48000 1.50000 -190.6965
-195.55000 -35.66000 1.50000 -104.1915
-250.94000 -128.50000 1.50000 -143.6501
19.96000 -49.48000 1.50000 -190.7176
-195.55000 -35.66000 1.50000 -104.2359
-250.94000 -128.50000 1.50000 -143.6859
19.96000 -49.48000 1.50000 -190.7387
-195.55000 -35.66000 1.50000 -104.2800
-250.94000 -128.50000 1.50000 -143.7216
19.96000 -49.48000 1.50000 -190.7597
-195.55000 -35.66000 1.50000 -104.3239
-250.94000 -128.50000 1.50000 -143.7573
19.96000 -49.48000 1.50000 -190.7806
-195.55000 -35.66000 1.50000 -104.3675
-250.94000 -128.50000 1.50000 -143.7930
19.96000 -49.48000 1.50000 -190.8015
-195.55000 -35.66000 1.50000 -104.4110
-250.94000 -128.50000 1.50000 -183.8286
19.96000 -49.48000 1.50000 -190.8224
-195.55000 -35.66000 1.50000 -104.4542
-250.94000 -128.50000 1.50000 -183.8642
19.96000 -49.48000 1.50000 -190.8432
-195.55000 -35.66000 1.50000 -104.4973
-250.94000 -128.50000 1.50000 -183.8997
19.96000 -49.48000 1.50000 -190.8639
-195.55000 -35.66000 1.50000 -104.5401
-250.94000 -128.50000 1.50000 -183.9352
19.96000 -49.48000 1.50000 -190.8846
-195.55000 -35.66000 1.50000 -104.5827
-250.94000 -128.50000 1.50000 -183.9706
19.96000 -49.48000 1.50000 -190.9053
-195.55000 -35.66000 1.50000 -104.6252
-250.94000 -128.50000 1.50000 -184.0061
19.96000 -49.48000 1.50000 -190.9259
-195.55000 -35.66000 1.50000 -104.6674
-250.94000 -128.50000 1.50000 -184.0414
19.96000 -49.48000 1.50000 -190.9464
-195.55000 -35.66000 1.50000 -104.7094
-250.94000 -128.50000 1.50000 -184.0767
19.96000 -49.48000 1.50000 -190.9669
-195.55000 -35.66000 1.50000 -104.7512
-250.94000 -128.50000 1.50000 -184.1120
19.96000 -49.48000 1.50000 -190.9874
-195.55000 -35.66000 1.50000 -104.7928
-250.94000 -128.50000 1.50000 -184.1472
19.96000 -49.48000 1.50000 -191.0078
-195.55000 -35.66000 1.50000 -104.8343
-250.94000 -128.50000 1.50000 -184.1824
19.96000 -49.48000 1.50000 -191.0282
-195.55000 -35.66000 1.50000 -104.8755
-250.94000 -128.50000 1.50000 -184.2175
19.96000 -49.48000 1.50000 -191.0485
-195.55000 -35.66000 1.50000 -104.9165
-250.94000 -128.50000 1.50000 -184.2525
19.96000 -49.48000 1.50000 -191.0688
-195.55000 -35.66000 1.50000 -104.9574
-250.94000 -128.50000 1.50000 -184.2876
19.96000 -49.48000 1.50000 -191.0890
-195.55000 -35.66000 1.50000 -104.9980
-250.94000 -128.50000 1.50000 -144.3225
19.96000 -49.48000 1.50000 -191.1092
-195.55000 -35.66000 1.50000 -105.0385
-250.94000 -128.50000 1.50000 -144.3574
19.96000 -49.48000 1.50000 -191.1293
-195.55000 -35.66000 1.50000 -105.0788
-250.94000 -128.50000 1.50000 -144.3922
19.96000 -49.48000 1.50000 -191.1494
-195.55000 -35.66000 1.50000 -105.1189
-250.94000 -128.50000 1.50000 -144.4270
19.96000 -49.48000 1.50000 -191.1694
-195.55000 -35.66000 1.50000 -105.1589
-250.94000 -128.50000 1.50000 -144.4617
19.96000 -49.48000 1.50000 -191.1894
-195.55000 -35.66000 1.50000 -105.1986
-250.94000 -128.50000 1.50000 -144.4964
19.96000 -49.48000 1.50000 -191.2094
-195.55000 -35.66000 1.50000 -105.2382
-250.94000 -128.50000 1.50000 -144.5310
19.96000 -49.48000 1.50000 -191.2292
-195.55000 -35.66000 1.50000 -105.2776
-250.94000 -128.50000 1.50000 -144.5656
19.96000 -49.48000 1.50000 -191.2491
-195.55000 -35.66000 1.50000 -105.3168
-250.94000 -128.50000 1.50000 -144.6000
19.96000 -49.48000 1.50000 -191.2472
-195.55000 -35.66000 1.50000 -105.3119
-250.94000 -128.50000 1.50000 -144.5746
19.96000 -49.48000 1.50000 -191.2274
-195.55000 -35.66000 1.50000 -105.2727
-250.94000 -128.50000 1.50000 -144.5399
19.96000 -49.48000 1.50000 -191.2075
-195.55000 -35.66000 1.50000 -105.2332
-250.94000 -128.50000 1.50000 -144.5052
19.96000 -49.48000 1.50000 -191.1875
-195.55000 -35.66000 1.50000 -105.1936
-250.94000 -128.50000 1.50000 -144.4704
19.96000 -49.48000 1.50000 -191.1675
-195.55000 -35.66000 1.50000 -105.1538
-250.94000 -128.50000 1.50000 -144.4355
19.96000 -49.48000 1.50000 -191.1474
-195.55000 -35.66000 1.50000 -105.1138
-250.94000 -128.50000 1.50000 -144.4006
19.96000 -49.48000 1.50000 -191.1273
-195.55000 -35.66000 1.50000 -105.0737
-250.94000 -128.50000 1.50000 -144.3656
19.96000 -49.48000 1.50000 -191.1072
-195.55000 -35.66000 1.50000 -105.0333
-250.94000 -128.50000 1.50000 -144.3305
19.96000 -49.48000 1.50000 -191.0870
-195.55000 -35.66000 1.50000 -104.9928
-250.94000 -128.50000 1.50000 -144.2954
19.96000 -49.48000 1.50000 -191.0668
-195.55000 -35.66000 1.50000 -104.9521
-250.94000 -128.50000 1.50000 -144.2602
19.96000 -49.48000 1.50000 -191.0465
-195.55000 -35.66000 1.50000 -104.9112
-250.94000 -128.50000 1.50000 -144.2250
19.96000 -49.48000 1.50000 -191.0262
-195.55000 -35.66000 1.50000 -104.8701
-250.94000 -128.50000 1.50000 -184.1897
19.96000 -49.48000 1.50000 -191.0058
-195.55000 -35.66000 1.50000 -104.8288
-250.94000 -128.50000 1.50000 -184.1544
19.96000 -49.48000 1.50000 -190.9854
-195.55000 -35.66000 1.50000 -104.7873
-250.94000 -128.50000 1.50000 -184.1190
19.96000 -49.48000 1.50000 -190.9649
-195.55000 -35.66000 1.50000 -104.7457
-250.94000 -128.50000 1.50000 -184.0835
19.96000 -49.48000 1.50000 -190.9444
-195.55000 -35.66000 1.50000 -104.7038
-250.94000 -128.50000 1.50000 -184.0480
19.96000 -49.48000 1.50000 -190.9239
-195.55000 -35.66000 1.50000 -104.6617
-250.94000 -128.50000 1.50000 -184.0125
19.96000 -49.48000 1.50000 -190.9032
-195.55000 -35.66000 1.50000 -104.6194
-250.94000 -128.50000 1.50000 -183.9769
19.96000 -49.48000 1.50000 -190.8826
-195.55000 -35.66000 1.50000 -104.5770
-250.94000 -128.50000 1.50000 -183.9412
19.96000 -49.48000 1.50000 -190.8619
-195.55000 -35.66000 1.50000 -104.5343
-250.94000 -128.50000 1.50000 -183.9055
19.96000 -49.48000 1.50000 -190.8411
-195.55000 -35.66000 1.50000 -104.4914
-250.94000 -128.50000 1.50000 -183.8698
19.96000 -49.48000 1.50000 -190.8203
-195.55000 -35.66000 1.50000 -104.4483
-250.94000 -128.50000 1.50000 -183.8340
19.96000 -49.48000 1.50000 -190.7994
-195.55000 -35.66000 1.50000 -104.4050
-250.94000 -128.50000 1.50000 -183.7982
19.96000 -49.48000 1.50000 -190.7785
-195.55000 -35.66000 1.50000 -104.3615
-250.94000 -128.50000 1.50000 -183.7623
19.96000 -49.48000 1.50000 -190.7576
-195.55000 -35.66000 1.50000 -104.3177
-250.94000 -128.50000 1.50000 -143.7264
19.96000 -49.48000 1.50000 -190.7366
-195.55000 -35.66000 1.50000 -104.2738
-250.94000 -128.50000 1.50000 -143.6905
19.96000 -49.48000 1.50000 -190.7155
-195.55000 -35.66000 1.50000 -104.2296
-250.94000 -128.50000 1.50000 -143.6545
19.96000 -49.48000 1.50000 -190.6944
-195.55000 -35.66000 1.50000 -104.1852
-250.94000 -128.50000 1.50000 -143.6185
19.96000 -49.48000 1.50000 -190.6732
-195.55000 -35.66000 1.50000 -104.1406
-250.94000 -128.50000 1.50000 -143.5824
19.96000 -49.48000 1.50000 -190.6520
-195.55000 -35.66000 1.50000 -104.0958
-250.94000 -128.50000 1.50000 -143.5463
19.96000 -49.48000 1.50000 -190.6308
-195.55000 -35.66000 1.50000 -104.0507
-250.94000 -128.50000 1.50000 -143.5102
19.96000 -49.48000 1.50000 -190.6095
-195.55000 -35.66000 1.50000 -104.0054
-250.94000 -128.50000 1.50000 -143.4741
19.96000 -49.48000 1.50000 -190.6073
-195.55000 -35.66000 1.50000 -103.9990
-250.94000 -128.50000 1.50000 -143.4414
19.96000 -49.48000 1.50000 -190.6287
-195.55000 -35.66000 1.50000 -104.0444
-250.94000 -128.50000 1.50000 -143.4778
19.96000 -49.48000 1.50000 -190.6499
-195.55000 -35.66000 1.50000 -104.0895
-250.94000 -128.50000 1.50000 -143.5142
19.96000 -49.48000 1.50000 -190.6712
-195.55000 -35.66000 1.50000 -104.1345
-250.94000 -128.50000 1.50000 -143.5505
19.96000 -49.48000 1.50000 -190.6923
-195.55000 -35.66000 1.50000 -104.1791
-250.94000 -128.50000 1.50000 -143.5868
19.96000 -49.48000 1.50000 -190.7134
-195.55000 -35.66000 1.50000 -104.2236
-250.94000 -128.50000 1.50000 -143.6231
19.96000 -49.48000 1.50000 -190.7345
-195.55000 -35.66000 1.50000 -104.2678
-250.94000 -128.50000 1.50000 -183.6594
19.96000 -49.48000 1.50000 -190.7555
-195.55000 -35.66000 1.50000 -104.3118
-250.94000 -128.50000 1.50000 -183.6956
19.96000 -49.48000 1.50000 -190.7765
-195.55000 -35.66000 1.50000 -104.3556
-250.94000 -128.50000 1.50000 -183.7317
19.96000 -49.48000 1.50000 -190.7974
-195.55000 -35.66000 1.50000 -104.3992
-250.94000 -128.50000 1.50000 -183.7679
19.96000 -49.48000 1.50000 -190.8183
-195.55000 -35.66000 1.50000 -104.4426
-250.94000 -128.50000 1.50000 -183.8039
19.96000 -49.48000 1.50000 -190.8391
-195.55000 -35.66000 1.50000 -104.4857
-250.94000 -128.50000 1.50000 -183.8400
19.96000 -49.48000 1.50000 -190.8599
-195.55000 -35.66000 1.50000 -104.5287
-250.94000 -128.50000 1.50000 -183.8759
19.96000 -49.48000 1.50000 -190.8806
-195.55000 -35.66000 1.50000 -104.5714
-250.94000 -128.50000 1.50000 -183.9119
19.96000 -49.48000 1.50000 -190.9013
-195.55000 -35.66000 1.50000 -104.6139
-250.94000 -128.50000 1.50000 -183.9478
19.96000 -49.48000 1.50000 -190.9219
-195.55000 -35.66000 1.50000 -104.6563
-250.94000 -128.50000 1.50000 -183.9836
19.96000 -49.48000 1.50000 -190.9425
-195.55000 -35.66000 1.50000 -104.6984
-250.94000 -128.50000 1.50000 -184.0194
19.96000 -49.48000 1.50000 -190.9630
-195.55000 -35.66000 1.50000 -104.7403
-250.94000 -128.50000 1.50000 -184.0551
19.96000 -49.48000 1.50000 -190.9835
-195.55000 -35.66000 1.50000 -104.7820
-250.94000 -128.50000 1.50000 -184.0908
19.96000 -49.48000 1.50000 -191.0039
-195.55000 -35.66000 1.50000 -104.8236
-250.94000 -128.50000 1.50000 -184.1264
19.96000 -49.48000 1.50000 -191.0243
-195.55000 -35.66000 1.50000 -104.8649
-250.94000 -128.50000 1.50000 -144.1620
19.96000 -49.48000 1.50000 -191.0446
-195.55000 -35.66000 1.50000 -104.9060
-250.94000 -128.50000 1.50000 -144.1975
19.96000 -49.48000 1.50000 -191.0649
-195.55000 -35.66000 1.50000 -104.9470
-250.94000 -128.50000 1.50000 -144.2329
19.96000 -49.48000 1.50000 -191.0851
-195.55000 -35.66000 1.50000 -104.9877
-250.94000 -128.50000 1.50000 -144.2683
19.96000 -49.48000 1.50000 -191.1053
-195.55000 -35.66000 1.50000 -105.0283
-250.94000 -128.50000 1.50000 -144.3037
19.96000 -49.48000 1.50000 -191.1255
-195.55000 -35.66000 1.50000 -105.0687
-250.94000 -128.50000 1.50000 -144.3389
19.96000 -49.48000 1.50000 -191.1456
-195.55000 -35.66000 1.50000 -105.1089
-250.94000 -128.50000 1.50000 -144.3741
19.96000 -49.48000 1.50000 -191.1656
-195.55000 -35.66000 1.50000 -105.1489
-250.94000 -128.50000 1.50000 -144.4093
19.96000 -49.48000 1.50000 -191.1856
-195.55000 -35.66000 1.50000 -105.1888
-250.94000 -128.50000 1.50000 -144.4444
19.96000 -49.48000 1.50000 -191.2056
-195.55000 -35.66000 1.50000 -105.2284
-250.94000 -128.50000 1.50000 -144.4794
19.96000 -49.48000 1.50000 -191.2255
-195.55000 -35.66000 1.50000 -105.2679
-250.94000 -128.50000 1.50000 -144.5144
19.96000 -49.48000 1.50000 -191.2454
-195.55000 -35.66000 1.50000 -105.3072
-250.94000 -128.50000 1.50000 -144.5493
19.96000 -49.48000 1.50000 -191.2436
-195.55000 -35.66000 1.50000 -105.3027
-250.94000 -128.50000 1.50000 -144.5240
19.96000 -49.48000 1.50000 -191.2237
-195.55000 -35.66000 1.50000 -105.2634
-250.94000 -128.50000 1.50000 -144.4889
19.96000 -49.48000 1.50000 -191.2038
-195.55000 -35.66000 1.50000 -105.2238
-250.94000 -128.50000 1.50000 -144.4537
19.96000 -49.48000 1.50000 -191.1838
-195.55000 -35.66000 1.50000 -105.1841
-250.94000 -128.50000 1.50000 -144.4185
19.96000 -49.48000 1.50000 -191.1638
-195.55000 -35.66000 1.50000 -105.1443
-250.94000 -128.50000 1.50000 -144.3832
19.96000 -49.48000 1.50000 -191.1438
-195.55000 -35.66000 1.50000 -105.1042
-250.94000 -128.50000 1.50000 -144.3478
19.96000 -49.48000 1.50000 -191.1236
-195.55000 -35.66000 1.50000 -105.0639
-250.94000 -128.50000 1.50000 -144.3124
19.96000 -49.48000 1.50000 -191.1035
-195.55000 -35.66000 1.50000 -105.0235
-250.94000 -128.50000 1.50000 -144.2769
19.96000 -49.48000 1.50000 -191.0833
-195.55000 -35.66000 1.50000 -104.9829
-250.94000 -128.50000 1.50000 -144.2413
19.96000 -49.48000 1.50000 -191.0630
-195.55000 -35.66000 1.50000 -104.9421
-250.94000 -128.50000 1.50000 -144.2057
19.96000 -49.48000 1.50000 -191.0427
-195.55000 -35.66000 1.50000 -104.9011
-250.94000 -128.50000 1.50000 -144.1701
19.96000 -49.48000 1.50000 -191.0224
-195.55000 -35.66000 1.50000 -104.8599
-250.94000 -128.50000 1.50000 -144.1343
19.96000 -49.48000 1.50000 -191.0020
-195.55000 -35.66000 1.50000 -104.8185
-250.94000 -128.50000 1.50000 -144.0985
19.96000 -49.48000 1.50000 -190.9816
-195.55000 -35.66000 1.50000 -104.7769
-250.94000 -128.50000 1.50000 -184.0627
19.96000 -49.48000 1.50000 -190.9611
-195.55000 -35.66000 1.50000 -104.7352
-250.94000 -128.50000 1.50000 -184.0268
19.96000 -49.48000 1.50000 -190.9406
-195.55000 -35.66000 1.50000 -104.6932
-250.94000 -128.50000 1.50000 -183.9908
19.96000 -49.48000 1.50000 -190.9200
-195.55000 -35.66000 1.50000 -104.6510
-250.94000 -128.50000 1.50000 -183.9548
19.96000 -49.48000 1.50000 -190.8993
-195.55000 -35.66000 1.50000 -104.6086
-250.94000 -128.50000 1.50000 -183.9187
19.96000 -49.48000 1.50000 -190.8786
-195.55000 -35.66000 1.50000 -104.5661
-250.94000 -128.50000 1.50000 -183.8826
19.96000 -49.48000 1.50000 -190.8579
-195.55000 -35.66000 1.50000 -104.5233
-250.94000 -128.50000 1.50000 -183.8464
19.96000 -49.48000 1.50000 -190.8371
-195.55000 -35.66000 1.50000 -104.4803
-250.94000 -128.50000 1.50000 -183.8102
19.96000 -49.48000 1.50000 -190.8163
-195.55000 -35.66000 1.50000 -104.4371
-250.94000 -128.50000 1.50000 -183.7739
19.96000 -49.48000 1.50000 -190.7954
-195.55000 -35.66000 1.50000 -104.3936
-250.94000 -128.50000 1.50000 -183.7375
19.96000 -49.48000 1.50000 -190.7745
-195.55000 -35.66000 1.50000 -104.3500
-250.94000 -128.50000 1.50000 -183.7012
19.96000 -49.48000 1.50000 -190.7535
-195.55000 -35.66000 1.50000 -104.3062
-250.94000 -128.50000 1.50000 -183.6648
19.96000 -49.48000 1.50000 -190.7325
-195.55000 -35.66000 1.50000 -104.2621
-250.94000 -128.50000 1.50000 -183.6283
19.96000 -49.48000 1.50000 -190.7114
-195.55000 -35.66000 1.50000 -104.2178
-250.94000 -128.50000 1.50000 -183.5918
19.96000 -49.48000 1.50000 -190.7095
-195.55000 -35.66000 1.50000 -104.2122
-250.94000 -128.50000 1.50000 -183.5605
19.96000 -49.48000 1.50000 -190.7076
-195.55000 -35.66000 1.50000 -104.2069
-250.94000 -128.50000 1.50000 -183.5293
19.96000 -49.48000 1.50000 -190.7287
-195.55000 -35.66000 1.50000 -104.2513
-250.94000 -128.50000 1.50000 -183.5663
19.96000 -49.48000 1.50000 -190.7497
-195.55000 -35.66000 1.50000 -104.2954
-250.94000 -128.50000 1.50000 -183.6033
19.96000 -49.48000 1.50000 -190.7707
-195.55000 -35.66000 1.50000 -104.3394
-250.94000 -128.50000 1.50000 -183.6402
19.96000 -49.48000 1.50000 -190.7916
-195.55000 -35.66000 1.50000 -104.3831
-250.94000 -128.50000 1.50000 -183.6771
19.96000 -49.48000 1.50000 -190.8125
-195.55000 -35.66000 1.50000 -104.4267
-250.94000 -128.50000 1.50000 -183.7139
19.96000 -49.48000 1.50000 -190.8334
-195.55000 -35.66000 1.50000 -104.4700
-250.94000 -128.50000 1.50000 -183.7507
19.96000 -49.48000 1.50000 -190.8542
-195.55000 -35.66000 1.50000 -104.5131
-250.94000 -128.50000 1.50000 -183.7874
19.96000 -49.48000 1.50000 -190.8749
-195.55000 -35.66000 1.50000 -104.5560
-250.94000 -128.50000 1.50000 -183.8241
19.96000 -49.48000 1.50000 -190.8956
-195.55000 -35.66000 1.50000 -104.5986
-250.94000 -128.50000 1.50000 -183.8607
19.96000 -49.48000 1.50000 -190.9163
-195.55000 -35.66000 1.50000 -104.6411
-250.94000 -128.50000 1.50000 -183.8973
19.96000 -49.48000 1.50000 -190.9369
-195.55000 -35.66000 1.50000 -104.6834
-250.94000 -128.50000 1.50000 -143.9338
19.96000 -49.48000 1.50000 -190.9574
-195.55000 -35.66000 1.50000 -104.7255
-250.94000 -128.50000 1.50000 -143.9702
19.96000 -49.48000 1.50000 -190.9779
-195.55000 -35.66000 1.50000 -104.7673
-250.94000 -128.50000 1.50000 -144.0066
19.96000 -49.48000 1.50000 -190.9984
-195.55000 -35.66000 1.50000 -104.8090
-250.94000 -128.50000 1.50000 -144.0429
19.96000 -49.48000 1.50000 -191.0188
-195.55000 -35.66000 1.50000 -104.8505
-250.94000 -128.50000 1.50000 -144.0792
19.96000 -49.48000 1.50000 -191.0391
-195.55000 -35.66000 1.50000 -104.8917
-250.94000 -128.50000 1.50000 -144.1154
19.96000 -49.48000 1.50000 -191.0594
-195.55000 -35.66000 1.50000 -104.9328
-250.94000 -128.50000 1.50000 -144.1515
19.96000 -49.48000 1.50000 -191.0797
-195.55000 -35.66000 1.50000 -104.9737
-250.94000 -128.50000 1.50000 -144.1875
19.96000 -49.48000 1.50000 -191.0999
-195.55000 -35.66000 1.50000 -105.0144
-250.94000 -128.50000 1.50000 -144.2235
19.96000 -49.48000 1.50000 -191.1201
-195.55000 -35.66000 1.50000 -105.0549
-250.94000 -128.50000 1.50000 -144.2595
19.96000 -49.48000 1.50000 -191.1402
-195.55000 -35.66000 1.50000 -105.0953
-250.94000 -128.50000 1.50000 -144.2953
19.96000 -49.48000 1.50000 -191.1603
-195.55000 -35.66000 1.50000 -105.1354
-250.94000 -128.50000 1.50000 -144.3311
19.96000 -49.48000 1.50000 -191.1804
-195.55000 -35.66000 1.50000 -105.1754
-250.94000 -128.50000 1.50000 -144.3668
19.96000 -49.48000 1.50000 -191.2003
-195.55000 -35.66000 1.50000 -105.2152
-250.94000 -128.50000 1.50000 -144.4025
19.96000 -49.48000 1.50000 -191.2203
-195.55000 -35.66000 1.50000 -105.2548
-250.94000 -128.50000 1.50000 -144.4380
19.96000 -49.48000 1.50000 -191.2186
-195.55000 -35.66000 1.50000 -105.2507
-250.94000 -128.50000 1.50000 -144.4128
19.96000 -49.48000 1.50000 -191.1987
-195.55000 -35.66000 1.50000 -105.2111
-250.94000 -128.50000 1.50000 -144.3770
19.96000 -49.48000 1.50000 -191.1787
-195.55000 -35.66000 1.50000 -105.1713
-250.94000 -128.50000 1.50000 -144.3411
19.96000 -49.48000 1.50000 -191.1586
-195.55000 -35.66000 1.50000 -105.1313
-250.94000 -128.50000 1.50000 -144.3052
19.96000 -49.48000 1.50000 -191.1385
-195.55000 -35.66000 1.50000 -105.0911
-250.94000 -128.50000 1.50000 -144.2692
19.96000 -49.48000 1.50000 -191.1184
-195.55000 -35.66000 1.50000 -105.0507
-250.94000 -128.50000 1.50000 -144.2331
19.96000 -49.48000 1.50000 -191.0982
-195.55000 -35.66000 1.50000 -105.0102
-250.94000 -128.50000 1.50000 -144.1970
19.96000 -49.48000 1.50000 -191.0780
-195.55000 -35.66000 1.50000 -104.9694
-250.94000 -128.50000 1.50000 -144.1607
19.96000 -49.48000 1.50000 -191.0577
-195.55000 -35.66000 1.50000 -104.9285
-250.94000 -128.50000 1.50000 -144.1245
19.96000 -49.48000 1.50000 -191.0374
-195.55000 -35.66000 1.50000 -104.8874
-250.94000 -128.50000 1.50000 -144.0881
19.96000 -49.48000 1.50000 -191.0170
-195.55000 -35.66000 1.50000 -104.8460
-250.94000 -128.50000 1.50000 -144.0517
19.96000 -49.48000 1.50000 -190.9966
-195.55000 -35.66000 1.50000 -104.8045
-250.94000 -128.50000 1.50000 -144.0152
19.96000 -49.48000 1.50000 -190.9762
-195.55000 -35.66000 1.50000 -104.7628
-250.94000 -128.50000 1.50000 -143.9787
19.96000 -49.48000 1.50000 -190.9557
-195.55000 -35.66000 1.50000 -104.7209
-250.94000 -128.50000 1.50000 -143.9420
19.96000 -49.48000 1.50000 -190.9351
-195.55000 -35.66000 1.50000 -104.6788
-250.94000 -128.50000 1.50000 -143.9054
19.96000 -49.48000 1.50000 -190.9145
-195.55000 -35.66000 1.50000 -104.6365
-250.94000 -128.50000 1.50000 -143.8686
19.96000 -49.48000 1.50000 -190.8938
-195.55000 -35.66000 1.50000 -104.5940
-250.94000 -128.50000 1.50000 -183.8318
19.96000 -49.48000 1.50000 -190.8731
-195.55000 -35.66000 1.50000 -104.5512
-250.94000 -128.50000 1.50000 -183.7950
19.96000 -49.48000 1.50000 -190.8524
-195.55000 -35.66000 1.50000 -104.5083
-250.94000 -128.50000 1.50000 -183.7580
19.96000 -49.48000 1.50000 -190.8316
-195.55000 -35.66000 1.50000 -104.4651
-250.94000 -128.50000 1.50000 -183.7211
19.96000 -49.48000 1.50000 -190.8107
-195.55000 -35.66000 1.50000 -104.4218
-250.94000 -128.50000 1.50000 -183.6840
19.96000 -49.48000 1.50000 -190.8089
-195.55000 -35.66000 1.50000 -104.4171
-250.94000 -128.50000 1.50000 -183.6542
19.96000 -49.48000 1.50000 -190.8298
-195.55000 -35.66000 1.50000 -104.4605
-250.94000 -128.50000 1.50000 -183.6915
19.96000 -49.48000 1.50000 -190.8506
-195.55000 -35.66000 1.50000 -104.5037
-250.94000 -128.50000 1.50000 -183.7287
19.96000 -49.48000 1.50000 -190.8714
-195.55000 -35.66000 1.50000 -104.5467
-250.94000 -128.50000 1.50000 -183.7659
19.96000 -49.48000 1.50000 -190.8921
-195.55000 -35.66000 1.50000 -104.5895
-250.94000 -128.50000 1.50000 -143.8030
19.96000 -49.48000 1.50000 -190.9128
-195.55000 -35.66000 1.50000 -104.6320
-250.94000 -128.50000 1.50000 -143.8400
19.96000 -49.48000 1.50000 -190.9334
-195.55000 -35.66000 1.50000 -104.6744
-250.94000 -128.50000 1.50000 -143.8770
19.96000 -49.48000 1.50000 -190.9539
-195.55000 -35.66000 1.50000 -104.7166
-250.94000 -128.50000 1.50000 -143.9139
19.96000 -49.48000 1.50000 -190.9745
-195.55000 -35.66000 1.50000 -104.7585
-250.94000 -128.50000 1.50000 -143.9508
19.96000 -49.48000 1.50000 -190.9949
-195.55000 -35.66000 1.50000 -104.8003
-250.94000 -128.50000 1.50000 -143.9876
19.96000 -49.48000 1.50000 -191.0154
-195.55000 -35.66000 1.50000 -104.8418
-250.94000 -128.50000 1.50000 -144.0243
19.96000 -49.48000 1.50000 -191.0357
-195.55000 -35.66000 1.50000 -104.8832
-250.94000 -128.50000 1.50000 -144.0609
19.96000 -49.48000 1.50000 -191.0561
-195.55000 -35.66000 1.50000 -104.9243
-250.94000 -128.50000 1.50000 -144.0975
19.96000 -49.48000 1.50000 -191.0764
-195.55000 -35.66000 1.50000 -104.9653
-250.94000 -128.50000 1.50000 -144.1340
19.96000 -49.48000 1.50000 -191.0966
-195.55000 -35.66000 1.50000 -105.0061
-250.94000 -128.50000 1.50000 -144.1704
19.96000 -49.48000 1.50000 -191.1168
-195.55000 -35.66000 1.50000 -105.0467
-250.94000 -128.50000 1.50000 -144.2068
19.96000 -49.48000 1.50000 -191.1369
-195.55000 -35.66000 1.50000 -105.0871
-250.94000 -128.50000 1.50000 -144.2431
19.96000 -49.48000 1.50000 -191.1570
-195.55000 -35.66000 1.50000 -105.1273
-250.94000 -128.50000 1.50000 -144.2793
19.96000 -49.48000 1.50000 -191.1771
-195.55000 -35.66000 1.50000 -105.1674
-250.94000 -128.50000 1.50000 -144.3155
19.96000 -49.48000 1.50000 -191.1971
-195.55000 -35.66000 1.50000 -105.2072
-250.94000 -128.50000 1.50000 -144.3515
19.96000 -49.48000 1.50000 -191.2170
-195.55000 -35.66000 1.50000 -105.2469
-250.94000 -128.50000 1.50000 -144.3875
19.96000 -49.48000 1.50000 -191.2155
-195.55000 -35.66000 1.50000 -105.2432
-250.94000 -128.50000 1.50000 -144.3624
19.96000 -49.48000 1.50000 -191.1955
-195.55000 -35.66000 1.50000 -105.2035
-250.94000 -128.50000 1.50000 -144.3262
19.96000 -49.48000 1.50000 -191.1755
-195.55000 -35.66000 1.50000 -105.1636
-250.94000 -128.50000 1.50000 -144.2899
19.96000 -49.48000 1.50000 -191.1554
-195.55000 -35.66000 1.50000 -105.1236
-250.94000 -128.50000 1.50000 -144.2535
19.96000 -49.48000 1.50000 -191.1353
-195.55000 -35.66000 1.50000 -105.0833
-250.94000 -128.50000 1.50000 -144.2171
19.96000 -49.48000 1.50000 -191.1152
-195.55000 -35.66000 1.50000 -105.0428
-250.94000 -128.50000 1.50000 -144.1806
19.96000 -49.48000 1.50000 -191.0950
-195.55000 -35.66000 1.50000 -105.0022
-250.94000 -128.50000 1.50000 -144.1440
19.96000 -49.48000 1.50000 -191.0747
-195.55000 -35.66000 1.50000 -104.9614
-250.94000 -128.50000 1.50000 -144.1073
19.96000 -49.48000 1.50000 -191.0544
-195.55000 -35.66000 1.50000 -104.9204
-250.94000 -128.50000 1.50000 -144.0706
19.96000 -49.48000 1.50000 -191.0341
-195.55000 -35.66000 1.50000 -104.8792
-250.94000 -128.50000 1.50000 -144.0338
19.96000 -49.48000 1.50000 -191.0137
-195.55000 -35.66000 1.50000 -104.8378
-250.94000 -128.50000 1.50000 -143.9969
19.96000 -49.48000 1.50000 -190.9933
-195.55000 -35.66000 1.50000 -104.7962
-250.94000 -128.50000 1.50000 -143.9600
19.96000 -49.48000 1.50000 -190.9728
-195.55000 -35.66000 1.50000 -104.7544
-250.94000 -128.50000 1.50000 -143.9230
19.96000 -49.48000 1.50000 -190.9523
-195.55000 -35.66000 1.50000 -104.7124
-250.94000 -128.50000 1.50000 -143.8859
19.96000 -49.48000 1.50000 -190.9317
-195.55000 -35.66000 1.50000 -104.6702
-250.94000 -128.50000 1.50000 -143.8487
19.96000 -49.48000 1.50000 -190.9111
-195.55000 -35.66000 1.50000 -104.6278
-250.94000 -128.50000 1.50000 -143.8115
19.96000 -49.48000 1.50000 -190.8904
-195.55000 -35.66000 1.50000 -104.5852
-250.94000 -128.50000 1.50000 -143.7742
19.96000 -49.48000 1.50000 -190.8888
-195.55000 -35.66000 1.50000 -104.5811
-250.94000 -128.50000 1.50000 -143.7455
19.96000 -49.48000 1.50000 -190.9095
-195.55000 -35.66000 1.50000 -104.6238
-250.94000 -128.50000 1.50000 -143.7830
19.96000 -49.48000 1.50000 -190.9301
-195.55000 -35.66000 1.50000 -104.6662
-250.94000 -128.50000 1.50000 -143.8205
19.96000 -49.48000 1.50000 -190.9507
-195.55000 -35.66000 1.50000 -104.7085
-250.94000 -128.50000 1.50000 -143.8579
19.96000 -49.48000 1.50000 -190.9712
-195.55000 -35.66000 1.50000 -104.7505
-250.94000 -128.50000 1.50000 -143.8952
19.96000 -49.48000 1.50000 -190.9917
-195.55000 -35.66000 1.50000 -104.7923
-250.94000 -128.50000 1.50000 -143.9325
19.96000 -49.48000 1.50000 -191.0121
-195.55000 -35.66000 1.50000 -104.8340
-250.94000 -128.50000 1.50000 -143.9697
19.96000 -49.48000 1.50000 -191.0325
-195.55000 -35.66000 1.50000 -104.8754
-250.94000 -128.50000 1.50000 -144.0068
19.96000 -49.48000 1.50000 -191.0529
-195.55000 -35.66000 1.50000 -104.9166
-250.94000 -128.50000 1.50000 -144.0438
19.96000 -49.48000 1.50000 -191.0732
-195.55000 -35.66000 1.50000 -104.9577
-250.94000 -128.50000 1.50000 -144.0808
19.96000 -49.48000 1.50000 -191.0934
-195.55000 -35.66000 1.50000 -104.9985
-250.94000 -128.50000 1.50000 -144.1176
19.96000 -49.48000 1.50000 -191.1136
-195.55000 -35.66000 1.50000 -105.0392
-250.94000 -128.50000 1.50000 -144.1544
19.96000 -49.48000 1.50000 -191.1338
-195.55000 -35.66000 1.50000 -105.0797
-250.94000 -128.50000 1.50000 -144.1912
19.96000 -49.48000 1.50000 -191.1539
-195.55000 -35.66000 1.50000 -105.1200
-250.94000 -128.50000 1.50000 -144.2278
19.96000 -49.48000 1.50000 -191.1524
-195.55000 -35.66000 1.50000 -105.1166
-250.94000 -128.50000 1.50000 -144.2022
19.96000 -49.48000 1.50000 -191.1323
-195.55000 -35.66000 1.50000 -105.0762
-250.94000 -128.50000 1.50000 -144.1653
19.96000 -49.48000 1.50000 -191.1121
-195.55000 -35.66000 1.50000 -105.0357
-250.94000 -128.50000 1.50000 -144.1284
19.96000 -49.48000 1.50000 -191.0919
-195.55000 -35.66000 1.50000 -104.9950
-250.94000 -128.50000 1.50000 -144.0914
19.96000 -49.48000 1.50000 -191.0716
-195.55000 -35.66000 1.50000 -104.9541
-250.94000 -128.50000 1.50000 -144.0542
19.96000 -49.48000 1.50000 -191.0513
-195.55000 -35.66000 1.50000 -104.9131
-250.94000 -128.50000 1.50000 -144.0171
19.96000 -49.48000 1.50000 -191.0310
-195.55000 -35.66000 1.50000 -104.8718
-250.94000 -128.50000 1.50000 -143.9798
19.96000 -49.48000 1.50000 -191.0106
-195.55000 -35.66000 1.50000 -104.8303
-250.94000 -128.50000 1.50000 -143.9425
19.96000 -49.48000 1.50000 -190.9901
-195.55000 -35.66000 1.50000 -104.7887
-250.94000 -128.50000 1.50000 -143.9050
19.96000 -49.48000 1.50000 -190.9697
-195.55000 -35.66000 1.50000 -104.7468
-250.94000 -128.50000 1.50000 -143.8675
19.96000 -49.48000 1.50000 -190.9681
-195.55000 -35.66000 1.50000 -104.7433
-250.94000 -128.50000 1.50000 -143.8399
19.96000 -49.48000 1.50000 -190.9886
-195.55000 -35.66000 1.50000 -104.7852
-250.94000 -128.50000 1.50000 -143.8777
19.96000 -49.48000 1.50000 -191.0091
-195.55000 -35.66000 1.50000 -104.8269
-250.94000 -128.50000 1.50000 -143.9153
19.96000 -49.48000 1.50000 -191.0295
-195.55000 -35.66000 1.50000 -104.8684
-250.94000 -128.50000 1.50000 -143.9529
19.96000 -49.48000 1.50000 -191.0499
-195.55000 -35.66000 1.50000 -104.9097
-250.94000 -128.50000 1.50000 -143.9904
19.96000 -49.48000 1.50000 -191.0702
-195.55000 -35.66000 1.50000 -104.9508
-250.94000 -128.50000 1.50000 -144.0278
19.96000 -49.48000 1.50000 -191.0904
-195.55000 -35.66000 1.50000 -104.9917
-250.94000 -128.50000 1.50000 -144.0652
19.96000 -49.48000 1.50000 -191.0890
-195.55000 -35.66000 1.50000 -104.9886
-250.94000 -128.50000 1.50000 -144.0390