19.96000 -49.48000 1.50000 -150.0057
-195.55000 -35.66000 1.50000 -144.1269
-250.94000 -128.50000 1.50000 -98.0834
19.96000 -49.48000 1.50000 -150.0277
-195.55000 -35.66000 1.50000 -144.1612
-250.94000 -128.50000 1.50000 -98.1683
19.96000 -49.48000 1.50000 -150.0345
-195.55000 -35.66000 1.50000 -144.1905
-250.94000 -128.50000 1.50000 -98.1989
19.96000 -49.48000 1.50000 -150.0125
-195.55000 -35.66000 1.50000 -144.1565
-250.94000 -128.50000 1.50000 -98.1145
19.96000 -49.48000 1.50000 -150.0194
-195.55000 -35.66000 1.50000 -144.1861
-250.94000 -128.50000 1.50000 -98.1464
19.96000 -49.48000 1.50000 -150.0413
-195.55000 -35.66000 1.50000 -144.2199
-250.94000 -128.50000 1.50000 -98.2301
19.96000 -49.48000 1.50000 -150.0631
-195.55000 -35.66000 1.50000 -144.2536
-250.94000 -128.50000 1.50000 -98.3132
19.96000 -49.48000 1.50000 -150.0849
-195.55000 -35.66000 1.50000 -144.2873
-250.94000 -128.50000 1.50000 -98.3956
19.96000 -49.48000 1.50000 -150.1066
-195.55000 -35.66000 1.50000 -144.3210
-250.94000 -128.50000 1.50000 -98.4773
19.96000 -49.48000 1.50000 -150.1283
-195.55000 -35.66000 1.50000 -144.3547
-250.94000 -128.50000 1.50000 -98.5583
19.96000 -49.48000 1.50000 -150.1499
-195.55000 -35.66000 1.50000 -144.3883
-250.94000 -128.50000 1.50000 -98.6387
19.96000 -49.48000 1.50000 -150.1566
-195.55000 -35.66000 1.50000 -144.4166
-250.94000 -128.50000 1.50000 -98.6678
19.96000 -49.48000 1.50000 -150.1350
-195.55000 -35.66000 1.50000 -144.3832
-250.94000 -128.50000 1.50000 -98.5880
19.96000 -49.48000 1.50000 -150.1134
-195.55000 -35.66000 1.50000 -144.3497
-250.94000 -128.50000 1.50000 -98.5075
19.96000 -49.48000 1.50000 -150.0917
-195.55000 -35.66000 1.50000 -144.3163
-250.94000 -128.50000 1.50000 -98.4263
19.96000 -49.48000 1.50000 -150.0699
-195.55000 -35.66000 1.50000 -144.2828
-250.94000 -128.50000 1.50000 -98.3445
19.96000 -49.48000 1.50000 -150.0482
-195.55000 -35.66000 1.50000 -144.2492
-250.94000 -128.50000 1.50000 -98.2621
19.96000 -49.48000 1.50000 -150.0263
-195.55000 -35.66000 1.50000 -144.2157
-250.94000 -128.50000 1.50000 -98.1789
19.96000 -49.48000 1.50000 -150.0333
-195.55000 -35.66000 1.50000 -144.2453
-250.94000 -128.50000 1.50000 -98.2122
19.96000 -49.48000 1.50000 -150.0551
-195.55000 -35.66000 1.50000 -144.2787
-250.94000 -128.50000 1.50000 -98.2947
19.96000 -49.48000 1.50000 -150.0768
-195.55000 -35.66000 1.50000 -144.3120
-250.94000 -128.50000 1.50000 -98.3765
19.96000 -49.48000 1.50000 -150.0985
-195.55000 -35.66000 1.50000 -144.3452
-250.94000 -128.50000 1.50000 -98.4577
19.96000 -49.48000 1.50000 -150.1202
-195.55000 -35.66000 1.50000 -144.3785
-250.94000 -128.50000 1.50000 -98.5383
19.96000 -49.48000 1.50000 -150.1418
-195.55000 -35.66000 1.50000 -144.4117
-250.94000 -128.50000 1.50000 -98.6182
19.96000 -49.48000 1.50000 -150.1634
-195.55000 -35.66000 1.50000 -144.4449
-250.94000 -128.50000 1.50000 -98.6975
19.96000 -49.48000 1.50000 -150.1849
-195.55000 -35.66000 1.50000 -144.4780
-250.94000 -128.50000 1.50000 -98.7762
19.96000 -49.48000 1.50000 -150.2063
-195.55000 -35.66000 1.50000 -144.5111
-250.94000 -128.50000 1.50000 -98.8543
19.96000 -49.48000 1.50000 -150.2278
-195.55000 -35.66000 1.50000 -144.5442
-250.94000 -128.50000 1.50000 -98.9318
19.96000 -49.48000 1.50000 -150.2345
-195.55000 -35.66000 1.50000 -144.5719
-250.94000 -128.50000 1.50000 -98.9606
19.96000 -49.48000 1.50000 -150.2131
-195.55000 -35.66000 1.50000 -144.5390
-250.94000 -128.50000 1.50000 -98.8836
19.96000 -49.48000 1.50000 -150.1917
-195.55000 -35.66000 1.50000 -144.5061
-250.94000 -128.50000 1.50000 -98.8060
19.96000 -49.48000 1.50000 -150.1702
-195.55000 -35.66000 1.50000 -144.4732
-250.94000 -128.50000 1.50000 -98.7279
19.96000 -49.48000 1.50000 -150.1486
-195.55000 -35.66000 1.50000 -144.4402
-250.94000 -128.50000 1.50000 -98.6491
19.96000 -49.48000 1.50000 -150.1271
-195.55000 -35.66000 1.50000 -144.4073
-250.94000 -128.50000 1.50000 -98.5697
19.96000 -49.48000 1.50000 -150.1055
-195.55000 -35.66000 1.50000 -144.3742
-250.94000 -128.50000 1.50000 -98.4898
19.96000 -49.48000 1.50000 -150.0838
-195.55000 -35.66000 1.50000 -144.3412
-250.94000 -128.50000 1.50000 -98.4092
19.96000 -49.48000 1.50000 -150.0621
-195.55000 -35.66000 1.50000 -144.3081
-250.94000 -128.50000 1.50000 -98.3279
19.96000 -49.48000 1.50000 -150.0403
-195.55000 -35.66000 1.50000 -144.2750
-250.94000 -128.50000 1.50000 -98.2461
19.96000 -49.48000 1.50000 -150.0185
-195.55000 -35.66000 1.50000 -144.2419
-250.94000 -128.50000 1.50000 -98.1636
19.96000 -49.48000 1.50000 -110.0256
-195.55000 -35.66000 1.50000 -144.2718
-250.94000 -128.50000 1.50000 -98.1988
19.96000 -49.48000 1.50000 -150.0473
-195.55000 -35.66000 1.50000 -144.3047
-250.94000 -128.50000 1.50000 -98.2806
19.96000 -49.48000 1.50000 -150.0691
-195.55000 -35.66000 1.50000 -144.3376
-250.94000 -128.50000 1.50000 -98.3618
19.96000 -49.48000 1.50000 -150.0908
-195.55000 -35.66000 1.50000 -144.3704
-250.94000 -128.50000 1.50000 -98.4424
19.96000 -49.48000 1.50000 -150.1124
-195.55000 -35.66000 1.50000 -144.4033
-250.94000 -128.50000 1.50000 -98.5224
19.96000 -49.48000 1.50000 -150.1340
-195.55000 -35.66000 1.50000 -144.4361
-250.94000 -128.50000 1.50000 -98.6018
19.96000 -49.48000 1.50000 -150.1555
-195.55000 -35.66000 1.50000 -144.4688
-250.94000 -128.50000 1.50000 -98.6806
19.96000 -49.48000 1.50000 -150.1770
-195.55000 -35.66000 1.50000 -144.5016
-250.94000 -128.50000 1.50000 -98.7588
19.96000 -49.48000 1.50000 -150.1985
-195.55000 -35.66000 1.50000 -144.5343
-250.94000 -128.50000 1.50000 -98.8364
19.96000 -49.48000 1.50000 -150.2199
-195.55000 -35.66000 1.50000 -144.5670
-250.94000 -128.50000 1.50000 -98.9134
19.96000 -49.48000 1.50000 -150.2267
-195.55000 -35.66000 1.50000 -144.5950
-250.94000 -128.50000 1.50000 -98.9438
19.96000 -49.48000 1.50000 -150.2053
-195.55000 -35.66000 1.50000 -144.5625
-250.94000 -128.50000 1.50000 -98.8674
19.96000 -49.48000 1.50000 -150.1839
-195.55000 -35.66000 1.50000 -144.5300
-250.94000 -128.50000 1.50000 -98.7903
19.96000 -49.48000 1.50000 -150.1625
-195.55000 -35.66000 1.50000 -144.4975
-250.94000 -128.50000 1.50000 -98.7127
19.96000 -49.48000 1.50000 -150.1410
-195.55000 -35.66000 1.50000 -144.4649
-250.94000 -128.50000 1.50000 -98.6345
19.96000 -49.48000 1.50000 -150.1194
-195.55000 -35.66000 1.50000 -144.4323
-250.94000 -128.50000 1.50000 -98.5557
19.96000 -49.48000 1.50000 -110.0978
-195.55000 -35.66000 1.50000 -144.3997
-250.94000 -128.50000 1.50000 -98.4763
19.96000 -49.48000 1.50000 -110.0762
-195.55000 -35.66000 1.50000 -144.3671
-250.94000 -128.50000 1.50000 -98.3963
19.96000 -49.48000 1.50000 -110.0545
-195.55000 -35.66000 1.50000 -144.3344
-250.94000 -128.50000 1.50000 -98.3158
19.96000 -49.48000 1.50000 -110.0327
-195.55000 -35.66000 1.50000 -144.3017
-250.94000 -128.50000 1.50000 -98.2346
19.96000 -49.48000 1.50000 -110.0109
-195.55000 -35.66000 1.50000 -144.2690
-250.94000 -128.50000 1.50000 -98.1528
19.96000 -49.48000 1.50000 -110.0181
-195.55000 -35.66000 1.50000 -144.2992
-250.94000 -128.50000 1.50000 -98.1899
19.96000 -49.48000 1.50000 -110.0399
-195.55000 -35.66000 1.50000 -144.3317
-250.94000 -128.50000 1.50000 -98.2710
19.96000 -49.48000 1.50000 -110.0616
-195.55000 -35.66000 1.50000 -144.3641
-250.94000 -128.50000 1.50000 -98.3515
19.96000 -49.48000 1.50000 -110.0833
-195.55000 -35.66000 1.50000 -144.3966
-250.94000 -128.50000 1.50000 -98.4315
19.96000 -49.48000 1.50000 -110.1049
-195.55000 -35.66000 1.50000 -144.4290
-250.94000 -128.50000 1.50000 -98.5108
19.96000 -49.48000 1.50000 -110.1264
-195.55000 -35.66000 1.50000 -144.4614
-250.94000 -128.50000 1.50000 -98.5896
19.96000 -49.48000 1.50000 -110.1480
-195.55000 -35.66000 1.50000 -144.4937
-250.94000 -128.50000 1.50000 -98.6677
19.96000 -49.48000 1.50000 -110.1694
-195.55000 -35.66000 1.50000 -144.5261
-250.94000 -128.50000 1.50000 -98.7453
19.96000 -49.48000 1.50000 -150.1909
-195.55000 -35.66000 1.50000 -144.5584
-250.94000 -128.50000 1.50000 -98.8224
19.96000 -49.48000 1.50000 -150.2122
-195.55000 -35.66000 1.50000 -144.5907
-250.94000 -128.50000 1.50000 -98.8989
19.96000 -49.48000 1.50000 -110.2192
-195.55000 -35.66000 1.50000 -144.6190
-250.94000 -128.50000 1.50000 -98.9310
19.96000 -49.48000 1.50000 -110.1979
-195.55000 -35.66000 1.50000 -144.5869
-250.94000 -128.50000 1.50000 -98.8550
19.96000 -49.48000 1.50000 -110.1765
-195.55000 -35.66000 1.50000 -144.5548
-250.94000 -128.50000 1.50000 -98.7786
19.96000 -49.48000 1.50000 -110.1550
-195.55000 -35.66000 1.50000 -144.5226
-250.94000 -128.50000 1.50000 -98.7016
19.96000 -49.48000 1.50000 -110.1336
-195.55000 -35.66000 1.50000 -144.4905
-250.94000 -128.50000 1.50000 -98.6240
19.96000 -49.48000 1.50000 -110.1120
-195.55000 -35.66000 1.50000 -144.4583
-250.94000 -128.50000 1.50000 -98.5459
19.96000 -49.48000 1.50000 -110.0904
-195.55000 -35.66000 1.50000 -144.4261
-250.94000 -128.50000 1.50000 -98.4672
19.96000 -49.48000 1.50000 -110.0688
-195.55000 -35.66000 1.50000 -144.3939
-250.94000 -128.50000 1.50000 -98.3879
19.96000 -49.48000 1.50000 -110.0471
-195.55000 -35.66000 1.50000 -144.3616
-250.94000 -128.50000 1.50000 -98.3081
19.96000 -49.48000 1.50000 -110.0254
-195.55000 -35.66000 1.50000 -144.3294
-250.94000 -128.50000 1.50000 -98.2277
19.96000 -49.48000 1.50000 -110.0327
-195.55000 -35.66000 1.50000 -144.3596
-250.94000 -128.50000 1.50000 -98.2660
19.96000 -49.48000 1.50000 -110.0544
-195.55000 -35.66000 1.50000 -144.3916
-250.94000 -128.50000 1.50000 -98.3457
19.96000 -49.48000 1.50000 -110.0761
-195.55000 -35.66000 1.50000 -144.4237
-250.94000 -128.50000 1.50000 -98.4249
19.96000 -49.48000 1.50000 -110.0977
-195.55000 -35.66000 1.50000 -144.4557
-250.94000 -128.50000 1.50000 -98.5034
19.96000 -49.48000 1.50000 -110.1192
-195.55000 -35.66000 1.50000 -144.4876
-250.94000 -128.50000 1.50000 -98.5815
19.96000 -49.48000 1.50000 -110.1407
-195.55000 -35.66000 1.50000 -144.5196
-250.94000 -128.50000 1.50000 -98.6590
19.96000 -49.48000 1.50000 -110.1621
-195.55000 -35.66000 1.50000 -144.5515
-250.94000 -128.50000 1.50000 -98.7359
19.96000 -49.48000 1.50000 -110.1835
-195.55000 -35.66000 1.50000 -144.5835
-250.94000 -128.50000 1.50000 -98.8123
19.96000 -49.48000 1.50000 -110.2049
-195.55000 -35.66000 1.50000 -144.6154
-250.94000 -128.50000 1.50000 -98.8882
19.96000 -49.48000 1.50000 -110.2262
-195.55000 -35.66000 1.50000 -144.6472
-250.94000 -128.50000 1.50000 -98.9636
19.96000 -49.48000 1.50000 -110.2333
-195.55000 -35.66000 1.50000 -144.6755
-250.94000 -128.50000 1.50000 -98.9967
19.96000 -49.48000 1.50000 -110.2120
-195.55000 -35.66000 1.50000 -144.6439
-250.94000 -128.50000 1.50000 -98.9219
19.96000 -49.48000 1.50000 -110.1907
-195.55000 -35.66000 1.50000 -144.6122
-250.94000 -128.50000 1.50000 -98.8466
19.96000 -49.48000 1.50000 -110.1693
-195.55000 -35.66000 1.50000 -144.5805
-250.94000 -128.50000 1.50000 -98.7708
19.96000 -49.48000 1.50000 -110.1479
-195.55000 -35.66000 1.50000 -144.5487
-250.94000 -128.50000 1.50000 -98.6945
19.96000 -49.48000 1.50000 -110.1264
-195.55000 -35.66000 1.50000 -144.5170
-250.94000 -128.50000 1.50000 -98.6177
19.96000 -49.48000 1.50000 -110.1049
-195.55000 -35.66000 1.50000 -144.4852
-250.94000 -128.50000 1.50000 -98.5403
19.96000 -49.48000 1.50000 -110.0834
-195.55000 -35.66000 1.50000 -144.4534
-250.94000 -128.50000 1.50000 -98.4623
19.96000 -49.48000 1.50000 -110.0618
-195.55000 -35.66000 1.50000 -144.4216
-250.94000 -128.50000 1.50000 -98.3839
19.96000 -49.48000 1.50000 -110.0401
-195.55000 -35.66000 1.50000 -144.3898
-250.94000 -128.50000 1.50000 -98.3049
19.96000 -49.48000 1.50000 -110.0184
-195.55000 -35.66000 1.50000 -144.3580
-250.94000 -128.50000 1.50000 -98.2253
19.96000 -49.48000 1.50000 -110.0259
-195.55000 -35.66000 1.50000 -144.3885
-250.94000 -128.50000 1.50000 -98.2655
19.96000 -49.48000 1.50000 -110.0475
-195.55000 -35.66000 1.50000 -144.4201
-250.94000 -128.50000 1.50000 -98.3443
19.96000 -49.48000 1.50000 -110.0692
-195.55000 -35.66000 1.50000 -144.4517
-250.94000 -128.50000 1.50000 -98.4226
19.96000 -49.48000 1.50000 -110.0907
-195.55000 -35.66000 1.50000 -144.4832
-250.94000 -128.50000 1.50000 -98.5004
19.96000 -49.48000 1.50000 -110.1122
-195.55000 -35.66000 1.50000 -144.5148
-250.94000 -128.50000 1.50000 -98.5776
19.96000 -49.48000 1.50000 -110.1337
-195.55000 -35.66000 1.50000 -144.5464
-250.94000 -128.50000 1.50000 -98.6544
19.96000 -49.48000 1.50000 -110.1551
-195.55000 -35.66000 1.50000 -144.5779
-250.94000 -128.50000 1.50000 -98.7306
19.96000 -49.48000 1.50000 -110.1765
-195.55000 -35.66000 1.50000 -144.6094
-250.94000 -128.50000 1.50000 -98.8063
19.96000 -49.48000 1.50000 -110.1978
-195.55000 -35.66000 1.50000 -144.6409
-250.94000 -128.50000 1.50000 -98.8815
19.96000 -49.48000 1.50000 -110.2191
-195.55000 -35.66000 1.50000 -144.6724
-250.94000 -128.50000 1.50000 -98.9562
19.96000 -49.48000 1.50000 -110.2263
-195.55000 -35.66000 1.50000 -144.7009
-250.94000 -128.50000 1.50000 -98.9909
19.96000 -49.48000 1.50000 -110.2050
-195.55000 -35.66000 1.50000 -144.6697
-250.94000 -128.50000 1.50000 -98.9168
19.96000 -49.48000 1.50000 -110.1838
-195.55000 -35.66000 1.50000 -144.6384
-250.94000 -128.50000 1.50000 -98.8422
19.96000 -49.48000 1.50000 -110.1624
-195.55000 -35.66000 1.50000 -144.6071
-250.94000 -128.50000 1.50000 -98.7672
19.96000 -49.48000 1.50000 -110.1410
-195.55000 -35.66000 1.50000 -144.5757
-250.94000 -128.50000 1.50000 -98.6916
19.96000 -49.48000 1.50000 -110.1196
-195.55000 -35.66000 1.50000 -144.5444
-250.94000 -128.50000 1.50000 -98.6155
19.96000 -49.48000 1.50000 -110.0981
-195.55000 -35.66000 1.50000 -144.5131
-250.94000 -128.50000 1.50000 -98.5389
19.96000 -49.48000 1.50000 -110.0766
-195.55000 -35.66000 1.50000 -144.4817
-250.94000 -128.50000 1.50000 -98.4619
19.96000 -49.48000 1.50000 -110.0550
-195.55000 -35.66000 1.50000 -144.4503
-250.94000 -128.50000 1.50000 -98.3843
19.96000 -49.48000 1.50000 -110.0334
-195.55000 -35.66000 1.50000 -144.4190
-250.94000 -128.50000 1.50000 -98.3062
19.96000 -49.48000 1.50000 -110.0409
-195.55000 -35.66000 1.50000 -144.4494
-250.94000 -128.50000 1.50000 -98.3474
19.96000 -49.48000 1.50000 -110.0625
-195.55000 -35.66000 1.50000 -144.4806
-250.94000 -128.50000 1.50000 -98.4247
19.96000 -49.48000 1.50000 -110.0841
-195.55000 -35.66000 1.50000 -144.5117
-250.94000 -128.50000 1.50000 -98.5016
19.96000 -49.48000 1.50000 -110.1056
-195.55000 -35.66000 1.50000 -144.5429
-250.94000 -128.50000 1.50000 -98.5780
19.96000 -49.48000 1.50000 -110.1270
-195.55000 -35.66000 1.50000 -144.5740
-250.94000 -128.50000 1.50000 -98.6539
19.96000 -49.48000 1.50000 -110.1484
-195.55000 -35.66000 1.50000 -144.6051
-250.94000 -128.50000 1.50000 -98.7293
19.96000 -49.48000 1.50000 -110.1697
-195.55000 -35.66000 1.50000 -144.6363
-250.94000 -128.50000 1.50000 -98.8042
19.96000 -49.48000 1.50000 -110.1911
-195.55000 -35.66000 1.50000 -144.6674
-250.94000 -128.50000 1.50000 -98.8787
19.96000 -49.48000 1.50000 -110.2123
-195.55000 -35.66000 1.50000 -144.6984
-250.94000 -128.50000 1.50000 -98.9526
19.96000 -49.48000 1.50000 -110.2196
-195.55000 -35.66000 1.50000 -144.7272
-250.94000 -128.50000 1.50000 -98.9889
19.96000 -49.48000 1.50000 -110.1984
-195.55000 -35.66000 1.50000 -144.6964
-250.94000 -128.50000 1.50000 -98.9156
19.96000 -49.48000 1.50000 -110.1771
-195.55000 -35.66000 1.50000 -144.6655
-250.94000 -128.50000 1.50000 -98.8418
19.96000 -49.48000 1.50000 -110.1558
-195.55000 -35.66000 1.50000 -144.6346
-250.94000 -128.50000 1.50000 -98.7675
19.96000 -49.48000 1.50000 -110.1344
-195.55000 -35.66000 1.50000 -144.6036
-250.94000 -128.50000 1.50000 -98.6928
19.96000 -49.48000 1.50000 -110.1130
-195.55000 -35.66000 1.50000 -144.5727
-250.94000 -128.50000 1.50000 -98.6176
19.96000 -49.48000 1.50000 -110.0916
-195.55000 -35.66000 1.50000 -144.5418
-250.94000 -128.50000 1.50000 -98.5419
19.96000 -49.48000 1.50000 -110.0701
-195.55000 -35.66000 1.50000 -144.5109
-250.94000 -128.50000 1.50000 -98.4657
19.96000 -49.48000 1.50000 -110.0485
-195.55000 -35.66000 1.50000 -144.4799
-250.94000 -128.50000 1.50000 -98.3891
19.96000 -49.48000 1.50000 -110.0269
-195.55000 -35.66000 1.50000 -144.4490
-250.94000 -128.50000 1.50000 -98.3120
19.96000 -49.48000 1.50000 -110.0346
-195.55000 -35.66000 1.50000 -144.4797
-250.94000 -128.50000 1.50000 -58.3549
19.96000 -49.48000 1.50000 -110.0562
-195.55000 -35.66000 1.50000 -144.5104
-250.94000 -128.50000 1.50000 -98.4313
19.96000 -49.48000 1.50000 -110.0777
-195.55000 -35.66000 1.50000 -144.5411
-250.94000 -128.50000 1.50000 -98.5072
19.96000 -49.48000 1.50000 -110.0992
-195.55000 -35.66000 1.50000 -144.5719
-250.94000 -128.50000 1.50000 -98.5826
19.96000 -49.48000 1.50000 -110.1206
-195.55000 -35.66000 1.50000 -144.6026
-250.94000 -128.50000 1.50000 -98.6576
19.96000 -49.48000 1.50000 -110.1420
-195.55000 -35.66000 1.50000 -144.6333
-250.94000 -128.50000 1.50000 -98.7321
19.96000 -49.48000 1.50000 -110.1633
-195.55000 -35.66000 1.50000 -144.6640
-250.94000 -128.50000 1.50000 -98.8062
19.96000 -49.48000 1.50000 -110.1846
-195.55000 -35.66000 1.50000 -144.6947
-250.94000 -128.50000 1.50000 -98.8798
19.96000 -49.48000 1.50000 -110.2058
-195.55000 -35.66000 1.50000 -144.7254
-250.94000 -128.50000 1.50000 -98.9530
19.96000 -49.48000 1.50000 -110.2270
-195.55000 -35.66000 1.50000 -144.7560
-250.94000 -128.50000 1.50000 -99.0257
19.96000 -49.48000 1.50000 -110.2344
-195.55000 -35.66000 1.50000 -144.7848
-250.94000 -128.50000 1.50000 -99.0629
19.96000 -49.48000 1.50000 -110.2132
-195.55000 -35.66000 1.50000 -144.7544
-250.94000 -128.50000 1.50000 -98.9908
19.96000 -49.48000 1.50000 -110.1920
-195.55000 -35.66000 1.50000 -144.7239
-250.94000 -128.50000 1.50000 -98.9183
19.96000 -49.48000 1.50000 -110.1708
-195.55000 -35.66000 1.50000 -144.6934
-250.94000 -128.50000 1.50000 -98.8453
19.96000 -49.48000 1.50000 -110.1495
-195.55000 -35.66000 1.50000 -144.6629
-250.94000 -128.50000 1.50000 -98.7719
19.96000 -49.48000 1.50000 -110.1282
-195.55000 -35.66000 1.50000 -144.6324
-250.94000 -128.50000 1.50000 -98.6981
19.96000 -49.48000 1.50000 -110.1068
-195.55000 -35.66000 1.50000 -144.6019
-250.94000 -128.50000 1.50000 -98.6238
19.96000 -49.48000 1.50000 -110.0854
-195.55000 -35.66000 1.50000 -144.5714
-250.94000 -128.50000 1.50000 -58.5491
19.96000 -49.48000 1.50000 -110.0639
-195.55000 -35.66000 1.50000 -144.5409
-250.94000 -128.50000 1.50000 -58.4739
19.96000 -49.48000 1.50000 -110.0424
-195.55000 -35.66000 1.50000 -144.5104
-250.94000 -128.50000 1.50000 -58.3983
19.96000 -49.48000 1.50000 -110.0208
-195.55000 -35.66000 1.50000 -144.4799
-250.94000 -128.50000 1.50000 -58.3222