19.96000 -49.48000 1.50000 -187.6311
-195.55000 -35.66000 1.50000 -95.9629
-250.94000 -128.50000 1.50000 -100.3425
19.96000 -49.48000 1.50000 -187.6012
-195.55000 -35.66000 1.50000 -95.8567
-250.94000 -128.50000 1.50000 -100.3354
19.96000 -49.48000 1.50000 -187.5965
-195.55000 -35.66000 1.50000 -95.8088
-250.94000 -128.50000 1.50000 -100.2655
19.96000 -49.48000 1.50000 -187.5665
-195.55000 -35.66000 1.50000 -95.7003
-250.94000 -128.50000 1.50000 -100.2589
19.96000 -49.48000 1.50000 -187.5711
-195.55000 -35.66000 1.50000 -95.7495
-250.94000 -128.50000 1.50000 -100.3289
19.96000 -49.48000 1.50000 -187.5410
-195.55000 -35.66000 1.50000 -95.6412
-250.94000 -128.50000 1.50000 -100.3229
19.96000 -49.48000 1.50000 -187.5363
-195.55000 -35.66000 1.50000 -95.5908
-250.94000 -128.50000 1.50000 -100.2528
19.96000 -49.48000 1.50000 -187.5317
-195.55000 -35.66000 1.50000 -95.5415
-250.94000 -128.50000 1.50000 -100.1821
19.96000 -49.48000 1.50000 -227.5272
-195.55000 -35.66000 1.50000 -95.4933
-250.94000 -128.50000 1.50000 -100.1108
19.96000 -49.48000 1.50000 -227.5228
-195.55000 -35.66000 1.50000 -95.4463
-250.94000 -128.50000 1.50000 -100.0389
19.96000 -49.48000 1.50000 -227.5184
-195.55000 -35.66000 1.50000 -95.4006
-250.94000 -128.50000 1.50000 -99.9664
19.96000 -49.48000 1.50000 -227.4881
-195.55000 -35.66000 1.50000 -95.2850
-250.94000 -128.50000 1.50000 -99.9606
19.96000 -49.48000 1.50000 -227.4924
-195.55000 -35.66000 1.50000 -95.3319
-250.94000 -128.50000 1.50000 -100.0331
19.96000 -49.48000 1.50000 -227.4969
-195.55000 -35.66000 1.50000 -95.3801
-250.94000 -128.50000 1.50000 -100.1051
19.96000 -49.48000 1.50000 -187.5014
-195.55000 -35.66000 1.50000 -95.4296
-250.94000 -128.50000 1.50000 -100.1765
19.96000 -49.48000 1.50000 -187.5061
-195.55000 -35.66000 1.50000 -95.4802
-250.94000 -128.50000 1.50000 -100.2473
19.96000 -49.48000 1.50000 -187.5108
-195.55000 -35.66000 1.50000 -95.5319
-250.94000 -128.50000 1.50000 -100.3175
19.96000 -49.48000 1.50000 -187.5157
-195.55000 -35.66000 1.50000 -95.5847
-250.94000 -128.50000 1.50000 -100.3872
19.96000 -49.48000 1.50000 -187.4854
-195.55000 -35.66000 1.50000 -95.4756
-250.94000 -128.50000 1.50000 -100.3824
19.96000 -49.48000 1.50000 -187.4805
-195.55000 -35.66000 1.50000 -95.4215
-250.94000 -128.50000 1.50000 -100.3127
19.96000 -49.48000 1.50000 -187.4757
-195.55000 -35.66000 1.50000 -95.3684
-250.94000 -128.50000 1.50000 -100.2424
19.96000 -49.48000 1.50000 -187.4710
-195.55000 -35.66000 1.50000 -95.3165
-250.94000 -128.50000 1.50000 -100.1715
19.96000 -49.48000 1.50000 -227.4665
-195.55000 -35.66000 1.50000 -95.2657
-250.94000 -128.50000 1.50000 -100.1000
19.96000 -49.48000 1.50000 -227.4620
-195.55000 -35.66000 1.50000 -95.2162
-250.94000 -128.50000 1.50000 -100.0280
19.96000 -49.48000 1.50000 -227.4576
-195.55000 -35.66000 1.50000 -95.1680
-250.94000 -128.50000 1.50000 -99.9553
19.96000 -49.48000 1.50000 -227.4533
-195.55000 -35.66000 1.50000 -95.1211
-250.94000 -128.50000 1.50000 -99.8820
19.96000 -49.48000 1.50000 -187.4492
-195.55000 -35.66000 1.50000 -95.0756
-250.94000 -128.50000 1.50000 -99.8082
19.96000 -49.48000 1.50000 -187.4451
-195.55000 -35.66000 1.50000 -95.0315
-250.94000 -128.50000 1.50000 -99.7336
19.96000 -49.48000 1.50000 -187.4412
-195.55000 -35.66000 1.50000 -94.9889
-250.94000 -128.50000 1.50000 -99.6585
19.96000 -49.48000 1.50000 -187.4373
-195.55000 -35.66000 1.50000 -94.9478
-250.94000 -128.50000 1.50000 -99.5827
19.96000 -49.48000 1.50000 -187.4066
-195.55000 -35.66000 1.50000 -94.8233
-250.94000 -128.50000 1.50000 -99.5776
19.96000 -49.48000 1.50000 -187.4105
-195.55000 -35.66000 1.50000 -94.8656
-250.94000 -128.50000 1.50000 -99.6535
19.96000 -49.48000 1.50000 -187.4145
-195.55000 -35.66000 1.50000 -94.9094
-250.94000 -128.50000 1.50000 -99.7287
19.96000 -49.48000 1.50000 -187.4185
-195.55000 -35.66000 1.50000 -94.9547
-250.94000 -128.50000 1.50000 -99.8033
19.96000 -49.48000 1.50000 -227.4227
-195.55000 -35.66000 1.50000 -95.0015
-250.94000 -128.50000 1.50000 -99.8773
19.96000 -49.48000 1.50000 -227.4270
-195.55000 -35.66000 1.50000 -95.0497
-250.94000 -128.50000 1.50000 -99.9507
19.96000 -49.48000 1.50000 -227.4314
-195.55000 -35.66000 1.50000 -95.0993
-250.94000 -128.50000 1.50000 -100.0234
19.96000 -49.48000 1.50000 -227.4359
-195.55000 -35.66000 1.50000 -95.1501
-250.94000 -128.50000 1.50000 -100.0955
19.96000 -49.48000 1.50000 -187.4406
-195.55000 -35.66000 1.50000 -95.2022
-250.94000 -128.50000 1.50000 -100.1670
19.96000 -49.48000 1.50000 -187.4453
-195.55000 -35.66000 1.50000 -95.2555
-250.94000 -128.50000 1.50000 -100.2380
19.96000 -49.48000 1.50000 -187.4501
-195.55000 -35.66000 1.50000 -95.3100
-250.94000 -128.50000 1.50000 -100.3084
19.96000 -49.48000 1.50000 -187.4550
-195.55000 -35.66000 1.50000 -95.3655
-250.94000 -128.50000 1.50000 -100.3782
19.96000 -49.48000 1.50000 -187.4245
-195.55000 -35.66000 1.50000 -95.2544
-250.94000 -128.50000 1.50000 -100.3745
19.96000 -49.48000 1.50000 -187.4196
-195.55000 -35.66000 1.50000 -95.1974
-250.94000 -128.50000 1.50000 -100.3047
19.96000 -49.48000 1.50000 -187.4147
-195.55000 -35.66000 1.50000 -95.1415
-250.94000 -128.50000 1.50000 -100.2342
19.96000 -49.48000 1.50000 -187.4100
-195.55000 -35.66000 1.50000 -95.0867
-250.94000 -128.50000 1.50000 -100.1632
19.96000 -49.48000 1.50000 -227.4053
-195.55000 -35.66000 1.50000 -95.0332
-250.94000 -128.50000 1.50000 -100.0916
19.96000 -49.48000 1.50000 -227.4008
-195.55000 -35.66000 1.50000 -94.9810
-250.94000 -128.50000 1.50000 -100.0194
19.96000 -49.48000 1.50000 -227.3963
-195.55000 -35.66000 1.50000 -94.9301
-250.94000 -128.50000 1.50000 -99.9466
19.96000 -49.48000 1.50000 -227.3920
-195.55000 -35.66000 1.50000 -94.8805
-250.94000 -128.50000 1.50000 -99.8732
19.96000 -49.48000 1.50000 -187.3878
-195.55000 -35.66000 1.50000 -94.8324
-250.94000 -128.50000 1.50000 -99.7992
19.96000 -49.48000 1.50000 -187.3837
-195.55000 -35.66000 1.50000 -94.7857
-250.94000 -128.50000 1.50000 -99.7245
19.96000 -49.48000 1.50000 -187.3797
-195.55000 -35.66000 1.50000 -94.7406
-250.94000 -128.50000 1.50000 -99.6492
19.96000 -49.48000 1.50000 -187.3488
-195.55000 -35.66000 1.50000 -94.6142
-250.94000 -128.50000 1.50000 -99.6455
19.96000 -49.48000 1.50000 -187.3528
-195.55000 -35.66000 1.50000 -94.6606
-250.94000 -128.50000 1.50000 -99.7209
19.96000 -49.48000 1.50000 -187.3569
-195.55000 -35.66000 1.50000 -94.7086
-250.94000 -128.50000 1.50000 -99.7956
19.96000 -49.48000 1.50000 -227.3612
-195.55000 -35.66000 1.50000 -94.7581
-250.94000 -128.50000 1.50000 -99.8697
19.96000 -49.48000 1.50000 -227.3656
-195.55000 -35.66000 1.50000 -94.8090
-250.94000 -128.50000 1.50000 -99.9432
19.96000 -49.48000 1.50000 -227.3700
-195.55000 -35.66000 1.50000 -94.8614
-250.94000 -128.50000 1.50000 -100.0160
19.96000 -49.48000 1.50000 -187.3746
-195.55000 -35.66000 1.50000 -94.9151
-250.94000 -128.50000 1.50000 -100.0883
19.96000 -49.48000 1.50000 -187.3793
-195.55000 -35.66000 1.50000 -94.9701
-250.94000 -128.50000 1.50000 -100.1599
19.96000 -49.48000 1.50000 -187.3841
-195.55000 -35.66000 1.50000 -95.0263
-250.94000 -128.50000 1.50000 -100.2310
19.96000 -49.48000 1.50000 -187.3889
-195.55000 -35.66000 1.50000 -95.0837
-250.94000 -128.50000 1.50000 -100.3015
19.96000 -49.48000 1.50000 -187.3940
-195.55000 -35.66000 1.50000 -95.1422
-250.94000 -128.50000 1.50000 -100.3714
19.96000 -49.48000 1.50000 -187.3990
-195.55000 -35.66000 1.50000 -95.2017
-250.94000 -128.50000 1.50000 -100.4408
19.96000 -49.48000 1.50000 -187.3684
-195.55000 -35.66000 1.50000 -95.0900
-250.94000 -128.50000 1.50000 -100.4383
19.96000 -49.48000 1.50000 -187.3633
-195.55000 -35.66000 1.50000 -95.0289
-250.94000 -128.50000 1.50000 -100.3689
19.96000 -49.48000 1.50000 -187.3582
-195.55000 -35.66000 1.50000 -94.9688
-250.94000 -128.50000 1.50000 -100.2989
19.96000 -49.48000 1.50000 -187.3533
-195.55000 -35.66000 1.50000 -94.9099
-250.94000 -128.50000 1.50000 -100.2284
19.96000 -49.48000 1.50000 -187.3485
-195.55000 -35.66000 1.50000 -94.8522
-250.94000 -128.50000 1.50000 -100.1573
19.96000 -49.48000 1.50000 -187.3438
-195.55000 -35.66000 1.50000 -94.7957
-250.94000 -128.50000 1.50000 -100.0856
19.96000 -49.48000 1.50000 -227.3392
-195.55000 -35.66000 1.50000 -94.7404
-250.94000 -128.50000 1.50000 -100.0133
19.96000 -49.48000 1.50000 -227.3347
-195.55000 -35.66000 1.50000 -94.6866
-250.94000 -128.50000 1.50000 -99.9404
19.96000 -49.48000 1.50000 -227.3303
-195.55000 -35.66000 1.50000 -94.6342
-250.94000 -128.50000 1.50000 -99.8668
19.96000 -49.48000 1.50000 -227.3260
-195.55000 -35.66000 1.50000 -94.5832
-250.94000 -128.50000 1.50000 -99.7927
19.96000 -49.48000 1.50000 -187.3218
-195.55000 -35.66000 1.50000 -94.5338
-250.94000 -128.50000 1.50000 -99.7179
19.96000 -49.48000 1.50000 -187.2907
-195.55000 -35.66000 1.50000 -94.4055
-250.94000 -128.50000 1.50000 -99.7156
19.96000 -49.48000 1.50000 -227.2949
-195.55000 -35.66000 1.50000 -94.4564
-250.94000 -128.50000 1.50000 -99.7904
19.96000 -49.48000 1.50000 -227.2992
-195.55000 -35.66000 1.50000 -94.5088
-250.94000 -128.50000 1.50000 -99.8646
19.96000 -49.48000 1.50000 -227.3036
-195.55000 -35.66000 1.50000 -94.5628
-250.94000 -128.50000 1.50000 -99.9382
19.96000 -49.48000 1.50000 -227.3082
-195.55000 -35.66000 1.50000 -94.6181
-250.94000 -128.50000 1.50000 -100.0111
19.96000 -49.48000 1.50000 -187.3128
-195.55000 -35.66000 1.50000 -94.6749
-250.94000 -128.50000 1.50000 -100.0834
19.96000 -49.48000 1.50000 -187.3176
-195.55000 -35.66000 1.50000 -94.7330
-250.94000 -128.50000 1.50000 -100.1552
19.96000 -49.48000 1.50000 -187.3224
-195.55000 -35.66000 1.50000 -94.7924
-250.94000 -128.50000 1.50000 -100.2263
19.96000 -49.48000 1.50000 -187.3274
-195.55000 -35.66000 1.50000 -94.8529
-250.94000 -128.50000 1.50000 -100.2969
19.96000 -49.48000 1.50000 -187.3325
-195.55000 -35.66000 1.50000 -94.9146
-250.94000 -128.50000 1.50000 -100.3669
19.96000 -49.48000 1.50000 -187.3376
-195.55000 -35.66000 1.50000 -94.9773
-250.94000 -128.50000 1.50000 -100.4363
19.96000 -49.48000 1.50000 -187.3429
-195.55000 -35.66000 1.50000 -95.0411
-250.94000 -128.50000 1.50000 -100.5052
19.96000 -49.48000 1.50000 -187.3121
-195.55000 -35.66000 1.50000 -94.9290
-250.94000 -128.50000 1.50000 -100.5038
19.96000 -49.48000 1.50000 -187.3068
-195.55000 -35.66000 1.50000 -94.8636
-250.94000 -128.50000 1.50000 -100.4349
19.96000 -49.48000 1.50000 -187.3015
-195.55000 -35.66000 1.50000 -94.7992
-250.94000 -128.50000 1.50000 -100.3654
19.96000 -49.48000 1.50000 -187.2964
-195.55000 -35.66000 1.50000 -94.7358
-250.94000 -128.50000 1.50000 -100.2954
19.96000 -49.48000 1.50000 -187.2914
-195.55000 -35.66000 1.50000 -94.6736
-250.94000 -128.50000 1.50000 -100.2248
19.96000 -49.48000 1.50000 -187.2866
-195.55000 -35.66000 1.50000 -94.6126
-250.94000 -128.50000 1.50000 -100.1537
19.96000 -49.48000 1.50000 -187.2818
-195.55000 -35.66000 1.50000 -94.5529
-250.94000 -128.50000 1.50000 -100.0819
19.96000 -49.48000 1.50000 -227.2771
-195.55000 -35.66000 1.50000 -94.4945
-250.94000 -128.50000 1.50000 -100.0095
19.96000 -49.48000 1.50000 -227.2725
-195.55000 -35.66000 1.50000 -94.4375
-250.94000 -128.50000 1.50000 -99.9366
19.96000 -49.48000 1.50000 -227.2681
-195.55000 -35.66000 1.50000 -94.3819
-250.94000 -128.50000 1.50000 -99.8630
19.96000 -49.48000 1.50000 -227.2637
-195.55000 -35.66000 1.50000 -94.3279
-250.94000 -128.50000 1.50000 -99.7888
19.96000 -49.48000 1.50000 -227.2325
-195.55000 -35.66000 1.50000 -94.1979
-250.94000 -128.50000 1.50000 -99.7878
19.96000 -49.48000 1.50000 -227.2368
-195.55000 -35.66000 1.50000 -94.2535
-250.94000 -128.50000 1.50000 -99.8620
19.96000 -49.48000 1.50000 -227.2413
-195.55000 -35.66000 1.50000 -94.3107
-250.94000 -128.50000 1.50000 -99.9356
19.96000 -49.48000 1.50000 -227.2459
-195.55000 -35.66000 1.50000 -94.3694
-250.94000 -128.50000 1.50000 -100.0086
19.96000 -49.48000 1.50000 -187.2506
-195.55000 -35.66000 1.50000 -94.4295
-250.94000 -128.50000 1.50000 -100.0810
19.96000 -49.48000 1.50000 -187.2554
-195.55000 -35.66000 1.50000 -94.4909
-250.94000 -128.50000 1.50000 -100.1527
19.96000 -49.48000 1.50000 -187.2604
-195.55000 -35.66000 1.50000 -94.5537
-250.94000 -128.50000 1.50000 -100.2239
19.96000 -49.48000 1.50000 -187.2654
-195.55000 -35.66000 1.50000 -94.6176
-250.94000 -128.50000 1.50000 -100.2945
19.96000 -49.48000 1.50000 -187.2705
-195.55000 -35.66000 1.50000 -94.6827
-250.94000 -128.50000 1.50000 -100.3646
19.96000 -49.48000 1.50000 -187.2758
-195.55000 -35.66000 1.50000 -94.7488
-250.94000 -128.50000 1.50000 -100.4341
19.96000 -49.48000 1.50000 -187.2811
-195.55000 -35.66000 1.50000 -94.8160
-250.94000 -128.50000 1.50000 -100.5030
19.96000 -49.48000 1.50000 -187.2501
-195.55000 -35.66000 1.50000 -94.7021
-250.94000 -128.50000 1.50000 -100.5027
19.96000 -49.48000 1.50000 -187.2447
-195.55000 -35.66000 1.50000 -94.6331
-250.94000 -128.50000 1.50000 -100.4337
19.96000 -49.48000 1.50000 -187.2394
-195.55000 -35.66000 1.50000 -94.5651
-250.94000 -128.50000 1.50000 -100.3643
19.96000 -49.48000 1.50000 -187.2342
-195.55000 -35.66000 1.50000 -94.4982
-250.94000 -128.50000 1.50000 -100.2942
19.96000 -49.48000 1.50000 -187.2292
-195.55000 -35.66000 1.50000 -94.4325
-250.94000 -128.50000 1.50000 -100.2236
19.96000 -49.48000 1.50000 -187.2242
-195.55000 -35.66000 1.50000 -94.3680
-250.94000 -128.50000 1.50000 -100.1524
19.96000 -49.48000 1.50000 -187.2194
-195.55000 -35.66000 1.50000 -94.3048
-250.94000 -128.50000 1.50000 -100.0806
19.96000 -49.48000 1.50000 -227.2146
-195.55000 -35.66000 1.50000 -94.2429
-250.94000 -128.50000 1.50000 -100.0083
19.96000 -49.48000 1.50000 -227.2100
-195.55000 -35.66000 1.50000 -94.1825
-250.94000 -128.50000 1.50000 -99.9353
19.96000 -49.48000 1.50000 -227.2055
-195.55000 -35.66000 1.50000 -94.1236
-250.94000 -128.50000 1.50000 -99.8617
19.96000 -49.48000 1.50000 -227.1740
-195.55000 -35.66000 1.50000 -93.9920
-250.94000 -128.50000 1.50000 -99.8619
19.96000 -49.48000 1.50000 -227.1785
-195.55000 -35.66000 1.50000 -94.0527
-250.94000 -128.50000 1.50000 -99.9355
19.96000 -49.48000 1.50000 -227.1832
-195.55000 -35.66000 1.50000 -94.1150
-250.94000 -128.50000 1.50000 -100.0085
19.96000 -49.48000 1.50000 -187.1880
-195.55000 -35.66000 1.50000 -94.1787
-250.94000 -128.50000 1.50000 -100.0809
19.96000 -49.48000 1.50000 -187.1929
-195.55000 -35.66000 1.50000 -94.2438
-250.94000 -128.50000 1.50000 -100.1527
19.96000 -49.48000 1.50000 -187.1979
-195.55000 -35.66000 1.50000 -94.3101
-250.94000 -128.50000 1.50000 -100.2239
19.96000 -49.48000 1.50000 -187.2030
-195.55000 -35.66000 1.50000 -94.3777
-250.94000 -128.50000 1.50000 -100.2945
19.96000 -49.48000 1.50000 -187.2082
-195.55000 -35.66000 1.50000 -94.4465
-250.94000 -128.50000 1.50000 -100.3645
19.96000 -49.48000 1.50000 -187.2135
-195.55000 -35.66000 1.50000 -94.5163
-250.94000 -128.50000 1.50000 -100.4340
19.96000 -49.48000 1.50000 -187.2189
-195.55000 -35.66000 1.50000 -94.5872
-250.94000 -128.50000 1.50000 -100.5029
19.96000 -49.48000 1.50000 -187.2245
-195.55000 -35.66000 1.50000 -94.6589
-250.94000 -128.50000 1.50000 -100.5713
19.96000 -49.48000 1.50000 -187.1933
-195.55000 -35.66000 1.50000 -94.5450
-250.94000 -128.50000 1.50000 -100.5721
19.96000 -49.48000 1.50000 -187.1877
-195.55000 -35.66000 1.50000 -94.4713
-250.94000 -128.50000 1.50000 -100.5037
19.96000 -49.48000 1.50000 -187.1822
-195.55000 -35.66000 1.50000 -94.3985
-250.94000 -128.50000 1.50000 -100.4348
19.96000 -49.48000 1.50000 -187.1768
-195.55000 -35.66000 1.50000 -94.3268
-250.94000 -128.50000 1.50000 -100.3653
19.96000 -49.48000 1.50000 -187.1716
-195.55000 -35.66000 1.50000 -94.2561
-250.94000 -128.50000 1.50000 -100.2953
19.96000 -49.48000 1.50000 -187.1664
-195.55000 -35.66000 1.50000 -94.1865
-250.94000 -128.50000 1.50000 -100.2247
19.96000 -49.48000 1.50000 -187.1614
-195.55000 -35.66000 1.50000 -94.1182
-250.94000 -128.50000 1.50000 -100.1535
19.96000 -49.48000 1.50000 -187.1565
-195.55000 -35.66000 1.50000 -94.0512
-250.94000 -128.50000 1.50000 -100.0818
19.96000 -49.48000 1.50000 -187.1517
-195.55000 -35.66000 1.50000 -93.9856
-250.94000 -128.50000 1.50000 -100.0094
19.96000 -49.48000 1.50000 -227.1470
-195.55000 -35.66000 1.50000 -93.9215
-250.94000 -128.50000 1.50000 -99.9364
19.96000 -49.48000 1.50000 -227.1153
-195.55000 -35.66000 1.50000 -93.7887
-250.94000 -128.50000 1.50000 -99.9379
19.96000 -49.48000 1.50000 -187.1200
-195.55000 -35.66000 1.50000 -93.8548
-250.94000 -128.50000 1.50000 -100.0109
19.96000 -49.48000 1.50000 -187.1249
-195.55000 -35.66000 1.50000 -93.9224
-250.94000 -128.50000 1.50000 -100.0832
19.96000 -49.48000 1.50000 -187.1299
-195.55000 -35.66000 1.50000 -93.9914
-250.94000 -128.50000 1.50000 -100.1550
19.96000 -49.48000 1.50000 -187.1349
-195.55000 -35.66000 1.50000 -94.0617
-250.94000 -128.50000 1.50000 -100.2261
19.96000 -49.48000 1.50000 -187.1401
-195.55000 -35.66000 1.50000 -94.1332
-250.94000 -128.50000 1.50000 -100.2967
19.96000 -49.48000 1.50000 -187.1454
-195.55000 -35.66000 1.50000 -94.2059
-250.94000 -128.50000 1.50000 -100.3667
19.96000 -49.48000 1.50000 -187.1508
-195.55000 -35.66000 1.50000 -94.2797
-250.94000 -128.50000 1.50000 -100.4361
19.96000 -49.48000 1.50000 -187.1563
-195.55000 -35.66000 1.50000 -94.3545
-250.94000 -128.50000 1.50000 -100.5050
19.96000 -49.48000 1.50000 -187.1619
-195.55000 -35.66000 1.50000 -94.4302
-250.94000 -128.50000 1.50000 -100.5734
19.96000 -49.48000 1.50000 -187.1677
-195.55000 -35.66000 1.50000 -94.5068
-250.94000 -128.50000 1.50000 -100.6412
19.96000 -49.48000 1.50000 -187.1363
-195.55000 -35.66000 1.50000 -94.3932
-250.94000 -128.50000 1.50000 -100.6430
19.96000 -49.48000 1.50000 -187.1305
-195.55000 -35.66000 1.50000 -94.3145
-250.94000 -128.50000 1.50000 -100.5752
19.96000 -49.48000 1.50000 -187.1248
-195.55000 -35.66000 1.50000 -94.2368
-250.94000 -128.50000 1.50000 -100.5069
19.96000 -49.48000 1.50000 -187.1193
-195.55000 -35.66000 1.50000 -94.1599
-250.94000 -128.50000 1.50000 -100.4380
19.96000 -49.48000 1.50000 -187.1138
-195.55000 -35.66000 1.50000 -94.0841
-250.94000 -128.50000 1.50000 -100.3686
19.96000 -49.48000 1.50000 -187.1085
-195.55000 -35.66000 1.50000 -94.0093
-250.94000 -128.50000 1.50000 -100.2986
19.96000 -49.48000 1.50000 -187.1033
-195.55000 -35.66000 1.50000 -93.9357
-250.94000 -128.50000 1.50000 -100.2281
19.96000 -49.48000 1.50000 -187.0982
-195.55000 -35.66000 1.50000 -93.8633
-250.94000 -128.50000 1.50000 -100.1570
19.96000 -49.48000 1.50000 -187.0932
-195.55000 -35.66000 1.50000 -93.7922
-250.94000 -128.50000 1.50000 -100.0853
19.96000 -49.48000 1.50000 -187.0883
-195.55000 -35.66000 1.50000 -93.7225
-250.94000 -128.50000 1.50000 -100.0130
19.96000 -49.48000 1.50000 -187.0564
-195.55000 -35.66000 1.50000 -93.5887
-250.94000 -128.50000 1.50000 -100.0157
19.96000 -49.48000 1.50000 -187.0613
-195.55000 -35.66000 1.50000 -93.6605
-250.94000 -128.50000 1.50000 -100.0879
19.96000 -49.48000 1.50000 -187.0664
-195.55000 -35.66000 1.50000 -93.7338
-250.94000 -128.50000 1.50000 -100.1596
19.96000 -49.48000 1.50000 -187.0715
-195.55000 -35.66000 1.50000 -93.8084
-250.94000 -128.50000 1.50000 -100.2307
19.96000 -49.48000 1.50000 -187.0768
-195.55000 -35.66000 1.50000 -93.8842
-250.94000 -128.50000 1.50000 -100.3011
19.96000 -49.48000 1.50000 -187.0822
-195.55000 -35.66000 1.50000 -93.9611
-250.94000 -128.50000 1.50000 -100.3711
19.96000 -49.48000 1.50000 -187.0876
-195.55000 -35.66000 1.50000 -94.0391
-250.94000 -128.50000 1.50000 -100.4405
19.96000 -49.48000 1.50000 -187.0932
-195.55000 -35.66000 1.50000 -94.1181
-250.94000 -128.50000 1.50000 -100.5093
19.96000 -49.48000 1.50000 -187.0989
-195.55000 -35.66000 1.50000 -94.1980
-250.94000 -128.50000 1.50000 -100.5776
19.96000 -49.48000 1.50000 -187.1048
-195.55000 -35.66000 1.50000 -94.2788
-250.94000 -128.50000 1.50000 -100.6453
19.96000 -49.48000 1.50000 -187.1107
-195.55000 -35.66000 1.50000 -94.3603
-250.94000 -128.50000 1.50000 -100.7126
19.96000 -49.48000 1.50000 -187.0791
-195.55000 -35.66000 1.50000 -94.2473
-250.94000 -128.50000 1.50000 -100.7154
19.96000 -49.48000 1.50000 -187.0731
-195.55000 -35.66000 1.50000 -94.1636
-250.94000 -128.50000 1.50000 -100.6482
19.96000 -49.48000 1.50000 -187.0673
-195.55000 -35.66000 1.50000 -94.0807
-250.94000 -128.50000 1.50000 -100.5805
19.96000 -49.48000 1.50000 -187.0615
-195.55000 -35.66000 1.50000 -93.9986
-250.94000 -128.50000 1.50000 -100.5122
19.96000 -49.48000 1.50000 -187.0559
-195.55000 -35.66000 1.50000 -93.9173
-250.94000 -128.50000 1.50000 -100.4435
19.96000 -49.48000 1.50000 -187.0504
-195.55000 -35.66000 1.50000 -93.8371
-250.94000 -128.50000 1.50000 -100.3741
19.96000 -49.48000 1.50000 -187.0450
-195.55000 -35.66000 1.50000 -93.7579
-250.94000 -128.50000 1.50000 -100.3042
19.96000 -49.48000 1.50000 -187.0397
-195.55000 -35.66000 1.50000 -93.6798
-250.94000 -128.50000 1.50000 -100.2338
19.96000 -49.48000 1.50000 -187.0345
-195.55000 -35.66000 1.50000 -93.6030
-250.94000 -128.50000 1.50000 -100.1628
19.96000 -49.48000 1.50000 -187.0294
-195.55000 -35.66000 1.50000 -93.5275
-250.94000 -128.50000 1.50000 -100.0912
19.96000 -49.48000 1.50000 -186.9973
-195.55000 -35.66000 1.50000 -93.3930
-250.94000 -128.50000 1.50000 -100.0950
19.96000 -49.48000 1.50000 -187.0025
-195.55000 -35.66000 1.50000 -93.4709
-250.94000 -128.50000 1.50000 -100.1665
19.96000 -49.48000 1.50000 -187.0077
-195.55000 -35.66000 1.50000 -93.5501
-250.94000 -128.50000 1.50000 -100.2375
19.96000 -49.48000 1.50000 -187.0130
-195.55000 -35.66000 1.50000 -93.6305
-250.94000 -128.50000 1.50000 -100.3079
19.96000 -49.48000 1.50000 -187.0185
-195.55000 -35.66000 1.50000 -93.7120
-250.94000 -128.50000 1.50000 -100.3777
19.96000 -49.48000 1.50000 -187.0240
-195.55000 -35.66000 1.50000 -93.7946
-250.94000 -128.50000 1.50000 -100.4470
19.96000 -49.48000 1.50000 -187.0297
-195.55000 -35.66000 1.50000 -93.8781
-250.94000 -128.50000 1.50000 -100.5157
19.96000 -49.48000 1.50000 -187.0355
-195.55000 -35.66000 1.50000 -93.9625
-250.94000 -128.50000 1.50000 -100.5839
19.96000 -49.48000 1.50000 -187.0414
-195.55000 -35.66000 1.50000 -94.0477
-250.94000 -128.50000 1.50000 -100.6516
19.96000 -49.48000 1.50000 -187.0474
-195.55000 -35.66000 1.50000 -94.1336
-250.94000 -128.50000 1.50000 -100.7187
19.96000 -49.48000 1.50000 -187.0535
-195.55000 -35.66000 1.50000 -94.2202
-250.94000 -128.50000 1.50000 -100.7853
19.96000 -49.48000 1.50000 -187.0218
-195.55000 -35.66000 1.50000 -94.1082
-250.94000 -128.50000 1.50000 -100.7891
19.96000 -49.48000 1.50000 -187.0156
-195.55000 -35.66000 1.50000 -94.0193
-250.94000 -128.50000 1.50000 -100.7225
19.96000 -49.48000 1.50000 -187.0096
-195.55000 -35.66000 1.50000 -93.9311
-250.94000 -128.50000 1.50000 -100.6555
19.96000 -49.48000 1.50000 -187.0036
-195.55000 -35.66000 1.50000 -93.8436
-250.94000 -128.50000 1.50000 -100.5879
19.96000 -49.48000 1.50000 -186.9978
-195.55000 -35.66000 1.50000 -93.7568
-250.94000 -128.50000 1.50000 -100.5197
19.96000 -49.48000 1.50000 -186.9921
-195.55000 -35.66000 1.50000 -93.6709
-250.94000 -128.50000 1.50000 -100.4511
19.96000 -49.48000 1.50000 -186.9865
-195.55000 -35.66000 1.50000 -93.5859
-250.94000 -128.50000 1.50000 -100.3819
19.96000 -49.48000 1.50000 -186.9810
-195.55000 -35.66000 1.50000 -93.5020
-250.94000 -128.50000 1.50000 -100.3121
19.96000 -49.48000 1.50000 -186.9756
-195.55000 -35.66000 1.50000 -93.4191
-250.94000 -128.50000 1.50000 -100.2418
19.96000 -49.48000 1.50000 -186.9703
-195.55000 -35.66000 1.50000 -93.3375
-250.94000 -128.50000 1.50000 -100.1709
19.96000 -49.48000 1.50000 -186.9652
-195.55000 -35.66000 1.50000 -93.2572
-250.94000 -128.50000 1.50000 -100.0994
19.96000 -49.48000 1.50000 -186.9329
-195.55000 -35.66000 1.50000 -93.1199
-250.94000 -128.50000 1.50000 -100.1045
19.96000 -49.48000 1.50000 -186.9381
-195.55000 -35.66000 1.50000 -93.2027
-250.94000 -128.50000 1.50000 -100.1759
19.96000 -49.48000 1.50000 -186.9434
-195.55000 -35.66000 1.50000 -93.2869
-250.94000 -128.50000 1.50000 -100.2467
19.96000 -49.48000 1.50000 -186.9488
-195.55000 -35.66000 1.50000 -93.3723
-250.94000 -128.50000 1.50000 -100.3169
19.96000 -49.48000 1.50000 -186.9543
-195.55000 -35.66000 1.50000 -93.4588
-250.94000 -128.50000 1.50000 -100.3866
19.96000 -49.48000 1.50000 -186.9600
-195.55000 -35.66000 1.50000 -93.5463
-250.94000 -128.50000 1.50000 -100.4557
19.96000 -49.48000 1.50000 -186.9657
-195.55000 -35.66000 1.50000 -93.6347
-250.94000 -128.50000 1.50000 -100.5243
19.96000 -49.48000 1.50000 -186.9716
-195.55000 -35.66000 1.50000 -93.7239
-250.94000 -128.50000 1.50000 -100.5924
19.96000 -49.48000 1.50000 -186.9776
-195.55000 -35.66000 1.50000 -93.8138
-250.94000 -128.50000 1.50000 -100.6599
19.96000 -49.48000 1.50000 -186.9837
-195.55000 -35.66000 1.50000 -93.9044
-250.94000 -128.50000 1.50000 -100.7269
19.96000 -49.48000 1.50000 -186.9899
-195.55000 -35.66000 1.50000 -93.9956
-250.94000 -128.50000 1.50000 -100.7934
19.96000 -49.48000 1.50000 -186.9579
-195.55000 -35.66000 1.50000 -93.8826
-250.94000 -128.50000 1.50000 -100.7982
19.96000 -49.48000 1.50000 -186.9517
-195.55000 -35.66000 1.50000 -93.7890
-250.94000 -128.50000 1.50000 -100.7318
19.96000 -49.48000 1.50000 -186.9455
-195.55000 -35.66000 1.50000 -93.6959
-250.94000 -128.50000 1.50000 -100.6648
19.96000 -49.48000 1.50000 -186.9395
-195.55000 -35.66000 1.50000 -93.6034
-250.94000 -128.50000 1.50000 -100.5974
19.96000 -49.48000 1.50000 -186.9336
-195.55000 -35.66000 1.50000 -93.5117
-250.94000 -128.50000 1.50000 -100.5294
19.96000 -49.48000 1.50000 -186.9278
-195.55000 -35.66000 1.50000 -93.4207
-250.94000 -128.50000 1.50000 -100.4609
19.96000 -49.48000 1.50000 -186.9221
-195.55000 -35.66000 1.50000 -93.3306
-250.94000 -128.50000 1.50000 -100.3918
19.96000 -49.48000 1.50000 -186.9165
-195.55000 -35.66000 1.50000 -93.2415
-250.94000 -128.50000 1.50000 -100.3223
19.96000 -49.48000 1.50000 -186.9110
-195.55000 -35.66000 1.50000 -93.1535
-250.94000 -128.50000 1.50000 -100.2521
19.96000 -49.48000 1.50000 -186.9057
-195.55000 -35.66000 1.50000 -93.0667
-250.94000 -128.50000 1.50000 -100.1814
19.96000 -49.48000 1.50000 -186.8732
-195.55000 -35.66000 1.50000 -92.9294
-250.94000 -128.50000 1.50000 -100.1875
19.96000 -49.48000 1.50000 -186.8786
-195.55000 -35.66000 1.50000 -93.0190
-250.94000 -128.50000 1.50000 -100.2581
19.96000 -49.48000 1.50000 -186.8841
-195.55000 -35.66000 1.50000 -93.1097
-250.94000 -128.50000 1.50000 -100.3282
19.96000 -49.48000 1.50000 -186.8897
-195.55000 -35.66000 1.50000 -93.2015
-250.94000 -128.50000 1.50000 -100.3977
19.96000 -49.48000 1.50000 -186.8954
-195.55000 -35.66000 1.50000 -93.2943
-250.94000 -128.50000 1.50000 -100.4666
19.96000 -49.48000 1.50000 -186.9013
-195.55000 -35.66000 1.50000 -93.3879
-250.94000 -128.50000 1.50000 -100.5350