19.96000 -49.48000 1.50000 -69.1700
-195.55000 -35.66000 1.50000 -103.2891
-250.94000 -128.50000 1.50000 -55.0569
19.96000 -49.48000 1.50000 -69.1464
-195.55000 -35.66000 1.50000 -103.2596
-250.94000 -128.50000 1.50000 -54.9655
19.96000 -49.48000 1.50000 -69.1558
-195.55000 -35.66000 1.50000 -103.2999
-250.94000 -128.50000 1.50000 -55.0577
19.96000 -49.48000 1.50000 -69.1653
-195.55000 -35.66000 1.50000 -103.3401
-250.94000 -128.50000 1.50000 -55.1499
19.96000 -49.48000 1.50000 -69.1418
-195.55000 -35.66000 1.50000 -103.3112
-250.94000 -128.50000 1.50000 -55.0624
19.96000 -49.48000 1.50000 -69.1323
-195.55000 -35.66000 1.50000 -103.2707
-250.94000 -128.50000 1.50000 -54.9683
19.96000 -49.48000 1.50000 -69.1228
-195.55000 -35.66000 1.50000 -103.2301
-250.94000 -128.50000 1.50000 -54.8741
19.96000 -49.48000 1.50000 -69.0991
-195.55000 -35.66000 1.50000 -103.2008
-250.94000 -128.50000 1.50000 -54.7828
19.96000 -49.48000 1.50000 -69.1087
-195.55000 -35.66000 1.50000 -103.2417
-250.94000 -128.50000 1.50000 -54.8790
19.96000 -49.48000 1.50000 -109.1182
-195.55000 -35.66000 1.50000 -103.2824
-250.94000 -128.50000 1.50000 -54.9750
19.96000 -49.48000 1.50000 -109.1278
-195.55000 -35.66000 1.50000 -103.3231
-250.94000 -128.50000 1.50000 -55.0708
19.96000 -49.48000 1.50000 -109.1375
-195.55000 -35.66000 1.50000 -103.3637
-250.94000 -128.50000 1.50000 -55.1664
19.96000 -49.48000 1.50000 -109.1472
-195.55000 -35.66000 1.50000 -103.4042
-250.94000 -128.50000 1.50000 -55.2618
19.96000 -49.48000 1.50000 -109.1570
-195.55000 -35.66000 1.50000 -103.4446
-250.94000 -128.50000 1.50000 -55.3569
19.96000 -49.48000 1.50000 -109.1669
-195.55000 -35.66000 1.50000 -103.4849
-250.94000 -128.50000 1.50000 -55.4517
19.96000 -49.48000 1.50000 -109.1767
-195.55000 -35.66000 1.50000 -103.5251
-250.94000 -128.50000 1.50000 -55.5462
19.96000 -49.48000 1.50000 -109.1867
-195.55000 -35.66000 1.50000 -103.5652
-250.94000 -128.50000 1.50000 -55.6403
19.96000 -49.48000 1.50000 -109.1634
-195.55000 -35.66000 1.50000 -103.5383
-250.94000 -128.50000 1.50000 -55.5656
19.96000 -49.48000 1.50000 -109.1534
-195.55000 -35.66000 1.50000 -103.4980
-250.94000 -128.50000 1.50000 -55.4698
19.96000 -49.48000 1.50000 -109.1435
-195.55000 -35.66000 1.50000 -103.4575
-250.94000 -128.50000 1.50000 -55.3736
19.96000 -49.48000 1.50000 -109.1336
-195.55000 -35.66000 1.50000 -103.4170
-250.94000 -128.50000 1.50000 -55.2771
19.96000 -49.48000 1.50000 -109.1238
-195.55000 -35.66000 1.50000 -103.3763
-250.94000 -128.50000 1.50000 -55.1802
19.96000 -49.48000 1.50000 -109.1140
-195.55000 -35.66000 1.50000 -103.3356
-250.94000 -128.50000 1.50000 -55.0830
19.96000 -49.48000 1.50000 -109.1043
-195.55000 -35.66000 1.50000 -103.2947
-250.94000 -128.50000 1.50000 -54.9855
19.96000 -49.48000 1.50000 -109.0946
-195.55000 -35.66000 1.50000 -103.2537
-250.94000 -128.50000 1.50000 -54.8877
19.96000 -49.48000 1.50000 -69.0850
-195.55000 -35.66000 1.50000 -103.2127
-250.94000 -128.50000 1.50000 -54.7897
19.96000 -49.48000 1.50000 -69.0754
-195.55000 -35.66000 1.50000 -103.1715
-250.94000 -128.50000 1.50000 -54.6916
19.96000 -49.48000 1.50000 -69.0659
-195.55000 -35.66000 1.50000 -103.1303
-250.94000 -128.50000 1.50000 -54.5932
19.96000 -49.48000 1.50000 -69.0421
-195.55000 -35.66000 1.50000 -103.1009
-250.94000 -128.50000 1.50000 -54.5001
19.96000 -49.48000 1.50000 -69.0516
-195.55000 -35.66000 1.50000 -103.1424
-250.94000 -128.50000 1.50000 -54.6005
19.96000 -49.48000 1.50000 -69.0613
-195.55000 -35.66000 1.50000 -103.1838
-250.94000 -128.50000 1.50000 -54.7007
19.96000 -49.48000 1.50000 -109.0709
-195.55000 -35.66000 1.50000 -103.2251
-250.94000 -128.50000 1.50000 -54.8007
19.96000 -49.48000 1.50000 -109.0807
-195.55000 -35.66000 1.50000 -103.2664
-250.94000 -128.50000 1.50000 -54.9005
19.96000 -49.48000 1.50000 -109.0904
-195.55000 -35.66000 1.50000 -103.3075
-250.94000 -128.50000 1.50000 -54.9999
19.96000 -49.48000 1.50000 -109.1003
-195.55000 -35.66000 1.50000 -103.3485
-250.94000 -128.50000 1.50000 -55.0989
19.96000 -49.48000 1.50000 -109.1102
-195.55000 -35.66000 1.50000 -103.3894
-250.94000 -128.50000 1.50000 -55.1976
19.96000 -49.48000 1.50000 -109.1201
-195.55000 -35.66000 1.50000 -103.4302
-250.94000 -128.50000 1.50000 -55.2959
19.96000 -49.48000 1.50000 -109.1301
-195.55000 -35.66000 1.50000 -103.4709
-250.94000 -128.50000 1.50000 -55.3938
19.96000 -49.48000 1.50000 -109.1401
-195.55000 -35.66000 1.50000 -103.5115
-250.94000 -128.50000 1.50000 -55.4913
19.96000 -49.48000 1.50000 -109.1168
-195.55000 -35.66000 1.50000 -103.4848
-250.94000 -128.50000 1.50000 -55.4174
19.96000 -49.48000 1.50000 -109.1067
-195.55000 -35.66000 1.50000 -103.4440
-250.94000 -128.50000 1.50000 -55.3183
19.96000 -49.48000 1.50000 -109.0966
-195.55000 -35.66000 1.50000 -103.4030
-250.94000 -128.50000 1.50000 -55.2186
19.96000 -49.48000 1.50000 -109.0867
-195.55000 -35.66000 1.50000 -103.3620
-250.94000 -128.50000 1.50000 -55.1185
19.96000 -49.48000 1.50000 -109.0767
-195.55000 -35.66000 1.50000 -103.3208
-250.94000 -128.50000 1.50000 -55.0180
19.96000 -49.48000 1.50000 -109.0668
-195.55000 -35.66000 1.50000 -103.2795
-250.94000 -128.50000 1.50000 -54.9171
19.96000 -49.48000 1.50000 -109.0570
-195.55000 -35.66000 1.50000 -103.2381
-250.94000 -128.50000 1.50000 -54.8157
19.96000 -49.48000 1.50000 -109.0472
-195.55000 -35.66000 1.50000 -103.1967
-250.94000 -128.50000 1.50000 -54.7140
19.96000 -49.48000 1.50000 -109.0375
-195.55000 -35.66000 1.50000 -103.1551
-250.94000 -128.50000 1.50000 -54.6120
19.96000 -49.48000 1.50000 -69.0278
-195.55000 -35.66000 1.50000 -103.1133
-250.94000 -128.50000 1.50000 -54.5096
19.96000 -49.48000 1.50000 -69.0182
-195.55000 -35.66000 1.50000 -103.0715
-250.94000 -128.50000 1.50000 -54.4070
19.96000 -49.48000 1.50000 -68.9943
-195.55000 -35.66000 1.50000 -103.0423
-250.94000 -128.50000 1.50000 -54.3143
19.96000 -49.48000 1.50000 -69.0039
-195.55000 -35.66000 1.50000 -103.0844
-250.94000 -128.50000 1.50000 -54.4190
19.96000 -49.48000 1.50000 -109.0137
-195.55000 -35.66000 1.50000 -103.1264
-250.94000 -128.50000 1.50000 -54.5235
19.96000 -49.48000 1.50000 -109.0234
-195.55000 -35.66000 1.50000 -103.1683
-250.94000 -128.50000 1.50000 -54.6276
19.96000 -49.48000 1.50000 -109.0333
-195.55000 -35.66000 1.50000 -103.2100
-250.94000 -128.50000 1.50000 -54.7313
19.96000 -49.48000 1.50000 -109.0432
-195.55000 -35.66000 1.50000 -103.2517
-250.94000 -128.50000 1.50000 -54.8347
19.96000 -49.48000 1.50000 -109.0531
-195.55000 -35.66000 1.50000 -103.2932
-250.94000 -128.50000 1.50000 -54.9375
19.96000 -49.48000 1.50000 -109.0631
-195.55000 -35.66000 1.50000 -103.3347
-250.94000 -128.50000 1.50000 -55.0399
19.96000 -49.48000 1.50000 -109.0731
-195.55000 -35.66000 1.50000 -103.3760
-250.94000 -128.50000 1.50000 -55.1418
19.96000 -49.48000 1.50000 -109.0832
-195.55000 -35.66000 1.50000 -103.4172
-250.94000 -128.50000 1.50000 -55.2432
19.96000 -49.48000 1.50000 -109.0934
-195.55000 -35.66000 1.50000 -103.4583
-250.94000 -128.50000 1.50000 -55.3440
19.96000 -49.48000 1.50000 -109.0699
-195.55000 -35.66000 1.50000 -103.4318
-250.94000 -128.50000 1.50000 -55.2712
19.96000 -49.48000 1.50000 -109.0597
-195.55000 -35.66000 1.50000 -103.3905
-250.94000 -128.50000 1.50000 -55.1687
19.96000 -49.48000 1.50000 -109.0496
-195.55000 -35.66000 1.50000 -103.3490
-250.94000 -128.50000 1.50000 -55.0655
19.96000 -49.48000 1.50000 -109.0395
-195.55000 -35.66000 1.50000 -103.3074
-250.94000 -128.50000 1.50000 -54.9618
19.96000 -49.48000 1.50000 -109.0294
-195.55000 -35.66000 1.50000 -103.2657
-250.94000 -128.50000 1.50000 -54.8575
19.96000 -49.48000 1.50000 -109.0194
-195.55000 -35.66000 1.50000 -103.2239
-250.94000 -128.50000 1.50000 -54.7527
19.96000 -49.48000 1.50000 -109.0095
-195.55000 -35.66000 1.50000 -103.1820
-250.94000 -128.50000 1.50000 -54.6474
19.96000 -49.48000 1.50000 -108.9996
-195.55000 -35.66000 1.50000 -103.1400
-250.94000 -128.50000 1.50000 -54.5416
19.96000 -49.48000 1.50000 -108.9898
-195.55000 -35.66000 1.50000 -103.0978
-250.94000 -128.50000 1.50000 -54.4354
19.96000 -49.48000 1.50000 -108.9800
-195.55000 -35.66000 1.50000 -103.0556
-250.94000 -128.50000 1.50000 -54.3288
19.96000 -49.48000 1.50000 -68.9703
-195.55000 -35.66000 1.50000 -103.0132
-250.94000 -128.50000 1.50000 -54.2218
19.96000 -49.48000 1.50000 -68.9462
-195.55000 -35.66000 1.50000 -102.9842
-250.94000 -128.50000 1.50000 -54.1296
19.96000 -49.48000 1.50000 -108.9560
-195.55000 -35.66000 1.50000 -103.0268
-250.94000 -128.50000 1.50000 -54.2389
19.96000 -49.48000 1.50000 -108.9658
-195.55000 -35.66000 1.50000 -103.0694
-250.94000 -128.50000 1.50000 -54.3477
19.96000 -49.48000 1.50000 -108.9757
-195.55000 -35.66000 1.50000 -103.1118
-250.94000 -128.50000 1.50000 -54.4561
19.96000 -49.48000 1.50000 -108.9857
-195.55000 -35.66000 1.50000 -103.1541
-250.94000 -128.50000 1.50000 -54.5639
19.96000 -49.48000 1.50000 -108.9957
-195.55000 -35.66000 1.50000 -103.1963
-250.94000 -128.50000 1.50000 -54.6712
19.96000 -49.48000 1.50000 -109.0057
-195.55000 -35.66000 1.50000 -103.2384
-250.94000 -128.50000 1.50000 -54.7780
19.96000 -49.48000 1.50000 -109.0158
-195.55000 -35.66000 1.50000 -103.2803
-250.94000 -128.50000 1.50000 -54.8842
19.96000 -49.48000 1.50000 -109.0260
-195.55000 -35.66000 1.50000 -103.3222
-250.94000 -128.50000 1.50000 -54.9898
19.96000 -49.48000 1.50000 -109.0362
-195.55000 -35.66000 1.50000 -103.3639
-250.94000 -128.50000 1.50000 -55.0947
19.96000 -49.48000 1.50000 -109.0126
-195.55000 -35.66000 1.50000 -103.3374
-250.94000 -128.50000 1.50000 -55.0214
19.96000 -49.48000 1.50000 -109.0023
-195.55000 -35.66000 1.50000 -103.2955
-250.94000 -128.50000 1.50000 -54.9146
19.96000 -49.48000 1.50000 -108.9921
-195.55000 -35.66000 1.50000 -103.2534
-250.94000 -128.50000 1.50000 -54.8072
19.96000 -49.48000 1.50000 -108.9819
-195.55000 -35.66000 1.50000 -103.2111
-250.94000 -128.50000 1.50000 -54.6991
19.96000 -49.48000 1.50000 -108.9718
-195.55000 -35.66000 1.50000 -103.1688
-250.94000 -128.50000 1.50000 -54.5903
19.96000 -49.48000 1.50000 -108.9618
-195.55000 -35.66000 1.50000 -103.1263
-250.94000 -128.50000 1.50000 -54.4810
19.96000 -49.48000 1.50000 -108.9518
-195.55000 -35.66000 1.50000 -103.0838
-250.94000 -128.50000 1.50000 -54.3710
19.96000 -49.48000 1.50000 -108.9418
-195.55000 -35.66000 1.50000 -103.0411
-250.94000 -128.50000 1.50000 -54.2605
19.96000 -49.48000 1.50000 -108.9320
-195.55000 -35.66000 1.50000 -102.9982
-250.94000 -128.50000 1.50000 -54.1494
19.96000 -49.48000 1.50000 -68.9221
-195.55000 -35.66000 1.50000 -102.9553
-250.94000 -128.50000 1.50000 -54.0378
19.96000 -49.48000 1.50000 -68.9123
-195.55000 -35.66000 1.50000 -102.9122
-250.94000 -128.50000 1.50000 -53.9258
19.96000 -49.48000 1.50000 -68.8881
-195.55000 -35.66000 1.50000 -102.8832
-250.94000 -128.50000 1.50000 -53.8321
19.96000 -49.48000 1.50000 -108.8980
-195.55000 -35.66000 1.50000 -102.9265
-250.94000 -128.50000 1.50000 -53.9466
19.96000 -49.48000 1.50000 -108.9079
-195.55000 -35.66000 1.50000 -102.9697
-250.94000 -128.50000 1.50000 -54.0605
19.96000 -49.48000 1.50000 -108.9178
-195.55000 -35.66000 1.50000 -103.0128
-250.94000 -128.50000 1.50000 -54.1738
19.96000 -49.48000 1.50000 -108.9278
-195.55000 -35.66000 1.50000 -103.0558
-250.94000 -128.50000 1.50000 -54.2866
19.96000 -49.48000 1.50000 -108.9378
-195.55000 -35.66000 1.50000 -103.0987
-250.94000 -128.50000 1.50000 -54.3986
19.96000 -49.48000 1.50000 -108.9480
-195.55000 -35.66000 1.50000 -103.1414
-250.94000 -128.50000 1.50000 -54.5101
19.96000 -49.48000 1.50000 -108.9581
-195.55000 -35.66000 1.50000 -103.1840
-250.94000 -128.50000 1.50000 -54.6208
19.96000 -49.48000 1.50000 -108.9683
-195.55000 -35.66000 1.50000 -103.2265
-250.94000 -128.50000 1.50000 -54.7309
19.96000 -49.48000 1.50000 -108.9786
-195.55000 -35.66000 1.50000 -103.2689
-250.94000 -128.50000 1.50000 -54.8402
19.96000 -49.48000 1.50000 -108.9889
-195.55000 -35.66000 1.50000 -103.3111
-250.94000 -128.50000 1.50000 -54.9488
19.96000 -49.48000 1.50000 -108.9652
-195.55000 -35.66000 1.50000 -103.2849
-250.94000 -128.50000 1.50000 -54.8769
19.96000 -49.48000 1.50000 -108.9548
-195.55000 -35.66000 1.50000 -103.2424
-250.94000 -128.50000 1.50000 -54.7665
19.96000 -49.48000 1.50000 -108.9445
-195.55000 -35.66000 1.50000 -103.1998
-250.94000 -128.50000 1.50000 -54.6553
19.96000 -49.48000 1.50000 -108.9342
-195.55000 -35.66000 1.50000 -103.1570
-250.94000 -128.50000 1.50000 -54.5433
19.96000 -49.48000 1.50000 -108.9240
-195.55000 -35.66000 1.50000 -103.1141
-250.94000 -128.50000 1.50000 -54.4305
19.96000 -49.48000 1.50000 -108.9138
-195.55000 -35.66000 1.50000 -103.0711
-250.94000 -128.50000 1.50000 -54.3170
19.96000 -49.48000 1.50000 -108.9037
-195.55000 -35.66000 1.50000 -103.0280
-250.94000 -128.50000 1.50000 -54.2027
19.96000 -49.48000 1.50000 -108.8937
-195.55000 -35.66000 1.50000 -102.9848
-250.94000 -128.50000 1.50000 -54.0878
19.96000 -49.48000 1.50000 -108.8837
-195.55000 -35.66000 1.50000 -102.9414
-250.94000 -128.50000 1.50000 -53.9721
19.96000 -49.48000 1.50000 -108.8737
-195.55000 -35.66000 1.50000 -102.8979
-250.94000 -128.50000 1.50000 -53.8558
19.96000 -49.48000 1.50000 -68.8639
-195.55000 -35.66000 1.50000 -102.8542
-250.94000 -128.50000 1.50000 -53.7389
19.96000 -49.48000 1.50000 -108.8395
-195.55000 -35.66000 1.50000 -102.8254
-250.94000 -128.50000 1.50000 -53.6463
19.96000 -49.48000 1.50000 -108.8495
-195.55000 -35.66000 1.50000 -102.8693
-250.94000 -128.50000 1.50000 -53.7657
19.96000 -49.48000 1.50000 -108.8595
-195.55000 -35.66000 1.50000 -102.9131
-250.94000 -128.50000 1.50000 -53.8844
19.96000 -49.48000 1.50000 -108.8695
-195.55000 -35.66000 1.50000 -102.9568
-250.94000 -128.50000 1.50000 -54.0024
19.96000 -49.48000 1.50000 -108.8796
-195.55000 -35.66000 1.50000 -103.0003
-250.94000 -128.50000 1.50000 -54.1196
19.96000 -49.48000 1.50000 -108.8898
-195.55000 -35.66000 1.50000 -103.0437
-250.94000 -128.50000 1.50000 -54.2360
19.96000 -49.48000 1.50000 -108.9000
-195.55000 -35.66000 1.50000 -103.0870
-250.94000 -128.50000 1.50000 -54.3516
19.96000 -49.48000 1.50000 -108.9103
-195.55000 -35.66000 1.50000 -103.1301
-250.94000 -128.50000 1.50000 -54.4665
19.96000 -49.48000 1.50000 -108.9206
-195.55000 -35.66000 1.50000 -103.1732
-250.94000 -128.50000 1.50000 -54.5804
19.96000 -49.48000 1.50000 -108.9310
-195.55000 -35.66000 1.50000 -103.2160
-250.94000 -128.50000 1.50000 -54.6936
19.96000 -49.48000 1.50000 -108.9414
-195.55000 -35.66000 1.50000 -103.2588
-250.94000 -128.50000 1.50000 -54.8058
19.96000 -49.48000 1.50000 -108.9176
-195.55000 -35.66000 1.50000 -103.2328
-250.94000 -128.50000 1.50000 -54.7356
19.96000 -49.48000 1.50000 -108.9071
-195.55000 -35.66000 1.50000 -103.1898
-250.94000 -128.50000 1.50000 -54.6215
19.96000 -49.48000 1.50000 -108.8967
-195.55000 -35.66000 1.50000 -103.1467
-250.94000 -128.50000 1.50000 -54.5064
19.96000 -49.48000 1.50000 -108.8863
-195.55000 -35.66000 1.50000 -103.1034
-250.94000 -128.50000 1.50000 -54.3905
19.96000 -49.48000 1.50000 -108.8760
-195.55000 -35.66000 1.50000 -103.0600
-250.94000 -128.50000 1.50000 -54.2736
19.96000 -49.48000 1.50000 -108.8657
-195.55000 -35.66000 1.50000 -103.0164
-250.94000 -128.50000 1.50000 -54.1559
19.96000 -49.48000 1.50000 -108.8555
-195.55000 -35.66000 1.50000 -102.9728
-250.94000 -128.50000 1.50000 -54.0373
19.96000 -49.48000 1.50000 -108.8453
-195.55000 -35.66000 1.50000 -102.9290
-250.94000 -128.50000 1.50000 -53.9178
19.96000 -49.48000 1.50000 -108.8352
-195.55000 -35.66000 1.50000 -102.8850
-250.94000 -128.50000 1.50000 -53.7975
19.96000 -49.48000 1.50000 -108.8251
-195.55000 -35.66000 1.50000 -102.8409
-250.94000 -128.50000 1.50000 -53.6763
19.96000 -49.48000 1.50000 -108.8152
-195.55000 -35.66000 1.50000 -102.7967
-250.94000 -128.50000 1.50000 -53.5544
19.96000 -49.48000 1.50000 -108.7907
-195.55000 -35.66000 1.50000 -102.7682
-250.94000 -128.50000 1.50000 -53.4632
19.96000 -49.48000 1.50000 -108.8008
-195.55000 -35.66000 1.50000 -102.8127
-250.94000 -128.50000 1.50000 -53.5877
19.96000 -49.48000 1.50000 -108.8109
-195.55000 -35.66000 1.50000 -102.8570
-250.94000 -128.50000 1.50000 -53.7113
19.96000 -49.48000 1.50000 -108.8210
-195.55000 -35.66000 1.50000 -102.9013
-250.94000 -128.50000 1.50000 -53.8340
19.96000 -49.48000 1.50000 -108.8313
-195.55000 -35.66000 1.50000 -102.9453
-250.94000 -128.50000 1.50000 -53.9558
19.96000 -49.48000 1.50000 -108.8415
-195.55000 -35.66000 1.50000 -102.9893
-250.94000 -128.50000 1.50000 -54.0766
19.96000 -49.48000 1.50000 -108.8519
-195.55000 -35.66000 1.50000 -103.0331
-250.94000 -128.50000 1.50000 -54.1965
19.96000 -49.48000 1.50000 -108.8623
-195.55000 -35.66000 1.50000 -103.0768
-250.94000 -128.50000 1.50000 -54.3154
19.96000 -49.48000 1.50000 -108.8727
-195.55000 -35.66000 1.50000 -103.1203
-250.94000 -128.50000 1.50000 -54.4334
19.96000 -49.48000 1.50000 -108.8832
-195.55000 -35.66000 1.50000 -103.1637
-250.94000 -128.50000 1.50000 -54.5504
19.96000 -49.48000 1.50000 -108.8592
-195.55000 -35.66000 1.50000 -103.1378
-250.94000 -128.50000 1.50000 -54.4802
19.96000 -49.48000 1.50000 -108.8487
-195.55000 -35.66000 1.50000 -103.0941
-250.94000 -128.50000 1.50000 -54.3613
19.96000 -49.48000 1.50000 -108.8382
-195.55000 -35.66000 1.50000 -103.0503
-250.94000 -128.50000 1.50000 -54.2414
19.96000 -49.48000 1.50000 -108.8277
-195.55000 -35.66000 1.50000 -103.0064
-250.94000 -128.50000 1.50000 -54.1204
19.96000 -49.48000 1.50000 -108.8173
-195.55000 -35.66000 1.50000 -102.9623
-250.94000 -128.50000 1.50000 -53.9983
19.96000 -49.48000 1.50000 -108.8070
-195.55000 -35.66000 1.50000 -102.9181
-250.94000 -128.50000 1.50000 -53.8752
19.96000 -49.48000 1.50000 -108.7967
-195.55000 -35.66000 1.50000 -102.8737
-250.94000 -128.50000 1.50000 -53.7512
19.96000 -49.48000 1.50000 -108.7865
-195.55000 -35.66000 1.50000 -102.8292
-250.94000 -128.50000 1.50000 -53.6261
19.96000 -49.48000 1.50000 -108.7763
-195.55000 -35.66000 1.50000 -102.7845
-250.94000 -128.50000 1.50000 -53.5000
19.96000 -49.48000 1.50000 -108.7662
-195.55000 -35.66000 1.50000 -102.7397
-250.94000 -128.50000 1.50000 -53.3729
19.96000 -49.48000 1.50000 -108.7562
-195.55000 -35.66000 1.50000 -102.6948
-250.94000 -128.50000 1.50000 -53.2449
19.96000 -49.48000 1.50000 -108.7316
-195.55000 -35.66000 1.50000 -102.6662
-250.94000 -128.50000 1.50000 -53.1529
19.96000 -49.48000 1.50000 -108.7417
-195.55000 -35.66000 1.50000 -102.7115
-250.94000 -128.50000 1.50000 -53.2836
19.96000 -49.48000 1.50000 -108.7518
-195.55000 -35.66000 1.50000 -102.7565
-250.94000 -128.50000 1.50000 -53.4132
19.96000 -49.48000 1.50000 -108.7621
-195.55000 -35.66000 1.50000 -102.8015
-250.94000 -128.50000 1.50000 -53.5418
19.96000 -49.48000 1.50000 -108.7723
-195.55000 -35.66000 1.50000 -102.8463
-250.94000 -128.50000 1.50000 -53.6693
19.96000 -49.48000 1.50000 -108.7827
-195.55000 -35.66000 1.50000 -102.8909
-250.94000 -128.50000 1.50000 -53.7957
19.96000 -49.48000 1.50000 -108.7931
-195.55000 -35.66000 1.50000 -102.9354
-250.94000 -128.50000 1.50000 -53.9210
19.96000 -49.48000 1.50000 -108.8035
-195.55000 -35.66000 1.50000 -102.9798
-250.94000 -128.50000 1.50000 -54.0452
19.96000 -49.48000 1.50000 -108.8140
-195.55000 -35.66000 1.50000 -103.0240
-250.94000 -128.50000 1.50000 -54.1683
19.96000 -49.48000 1.50000 -108.8246
-195.55000 -35.66000 1.50000 -103.0681
-250.94000 -128.50000 1.50000 -54.2903
19.96000 -49.48000 1.50000 -108.8352
-195.55000 -35.66000 1.50000 -103.1120
-250.94000 -128.50000 1.50000 -54.4111
19.96000 -49.48000 1.50000 -108.8111
-195.55000 -35.66000 1.50000 -103.0863
-250.94000 -128.50000 1.50000 -54.3431
19.96000 -49.48000 1.50000 -108.8004
-195.55000 -35.66000 1.50000 -103.0421
-250.94000 -128.50000 1.50000 -54.2204
19.96000 -49.48000 1.50000 -108.7898
-195.55000 -35.66000 1.50000 -102.9978
-250.94000 -128.50000 1.50000 -54.0964
19.96000 -49.48000 1.50000 -108.7793
-195.55000 -35.66000 1.50000 -102.9533
-250.94000 -128.50000 1.50000 -53.9712
19.96000 -49.48000 1.50000 -108.7687
-195.55000 -35.66000 1.50000 -102.9087
-250.94000 -128.50000 1.50000 -53.8449
19.96000 -49.48000 1.50000 -108.7583
-195.55000 -35.66000 1.50000 -102.8639
-250.94000 -128.50000 1.50000 -53.7173
19.96000 -49.48000 1.50000 -108.7479
-195.55000 -35.66000 1.50000 -102.8190
-250.94000 -128.50000 1.50000 -53.5886
19.96000 -49.48000 1.50000 -108.7376
-195.55000 -35.66000 1.50000 -102.7739
-250.94000 -128.50000 1.50000 -53.4586
19.96000 -49.48000 1.50000 -108.7273
-195.55000 -35.66000 1.50000 -102.7287
-250.94000 -128.50000 1.50000 -53.3275
19.96000 -49.48000 1.50000 -108.7171
-195.55000 -35.66000 1.50000 -102.6833
-250.94000 -128.50000 1.50000 -53.1952
19.96000 -49.48000 1.50000 -108.7069
-195.55000 -35.66000 1.50000 -102.6378
-250.94000 -128.50000 1.50000 -53.0618
19.96000 -49.48000 1.50000 -108.6822
-195.55000 -35.66000 1.50000 -102.6095
-250.94000 -128.50000 1.50000 -52.9719
19.96000 -49.48000 1.50000 -108.6924
-195.55000 -35.66000 1.50000 -102.6553
-250.94000 -128.50000 1.50000 -53.1081
19.96000 -49.48000 1.50000 -108.7027
-195.55000 -35.66000 1.50000 -102.7010
-250.94000 -128.50000 1.50000 -53.2430
19.96000 -49.48000 1.50000 -108.7130
-195.55000 -35.66000 1.50000 -102.7465
-250.94000 -128.50000 1.50000 -53.3766
19.96000 -49.48000 1.50000 -108.7234
-195.55000 -35.66000 1.50000 -102.7919
-250.94000 -128.50000 1.50000 -53.5090
19.96000 -49.48000 1.50000 -108.7339
-195.55000 -35.66000 1.50000 -102.8371
-250.94000 -128.50000 1.50000 -53.6401
19.96000 -49.48000 1.50000 -108.7444
-195.55000 -35.66000 1.50000 -102.8821
-250.94000 -128.50000 1.50000 -53.7699
19.96000 -49.48000 1.50000 -108.7549
-195.55000 -35.66000 1.50000 -102.9270
-250.94000 -128.50000 1.50000 -53.8985
19.96000 -49.48000 1.50000 -108.7655
-195.55000 -35.66000 1.50000 -102.9718
-250.94000 -128.50000 1.50000 -54.0257
19.96000 -49.48000 1.50000 -108.7762
-195.55000 -35.66000 1.50000 -103.0164
-250.94000 -128.50000 1.50000 -54.1517
19.96000 -49.48000 1.50000 -108.7520
-195.55000 -35.66000 1.50000 -102.9908
-250.94000 -128.50000 1.50000 -54.0842
19.96000 -49.48000 1.50000 -108.7412
-195.55000 -35.66000 1.50000 -102.9459
-250.94000 -128.50000 1.50000 -53.9563
19.96000 -49.48000 1.50000 -108.7306
-195.55000 -35.66000 1.50000 -102.9009
-250.94000 -128.50000 1.50000 -53.8269
19.96000 -49.48000 1.50000 -108.7199
-195.55000 -35.66000 1.50000 -102.8557
-250.94000 -128.50000 1.50000 -53.6963
19.96000 -49.48000 1.50000 -108.7094
-195.55000 -35.66000 1.50000 -102.8104
-250.94000 -128.50000 1.50000 -53.5642
19.96000 -49.48000 1.50000 -108.6989
-195.55000 -35.66000 1.50000 -102.7649
-250.94000 -128.50000 1.50000 -53.4307
19.96000 -49.48000 1.50000 -108.6884
-195.55000 -35.66000 1.50000 -102.7192
-250.94000 -128.50000 1.50000 -53.2959
19.96000 -49.48000 1.50000 -108.6780
-195.55000 -35.66000 1.50000 -102.6734
-250.94000 -128.50000 1.50000 -53.1597
19.96000 -49.48000 1.50000 -108.6676
-195.55000 -35.66000 1.50000 -102.6275
-250.94000 -128.50000 1.50000 -53.0221
19.96000 -49.48000 1.50000 -108.6574
-195.55000 -35.66000 1.50000 -102.5814
-250.94000 -128.50000 1.50000 -52.8832
19.96000 -49.48000 1.50000 -108.6471
-195.55000 -35.66000 1.50000 -102.5351
-250.94000 -128.50000 1.50000 -52.7429
19.96000 -49.48000 1.50000 -108.6222
-195.55000 -35.66000 1.50000 -102.5068
-250.94000 -128.50000 1.50000 -52.6527
19.96000 -49.48000 1.50000 -108.6325
-195.55000 -35.66000 1.50000 -102.5534
-250.94000 -128.50000 1.50000 -52.7959
19.96000 -49.48000 1.50000 -108.6429
-195.55000 -35.66000 1.50000 -102.5998
-250.94000 -128.50000 1.50000 -52.9376
19.96000 -49.48000 1.50000 -108.6533
-195.55000 -35.66000 1.50000 -102.6460
-250.94000 -128.50000 1.50000 -53.0778
19.96000 -49.48000 1.50000 -108.6637
-195.55000 -35.66000 1.50000 -102.6921
-250.94000 -128.50000 1.50000 -53.2166
19.96000 -49.48000 1.50000 -108.6742
-195.55000 -35.66000 1.50000 -102.7380
-250.94000 -128.50000 1.50000 -53.3538
19.96000 -49.48000 1.50000 -108.6848
-195.55000 -35.66000 1.50000 -102.7838
-250.94000 -128.50000 1.50000 -53.4896
19.96000 -49.48000 1.50000 -108.6954
-195.55000 -35.66000 1.50000 -102.8294
-250.94000 -128.50000 1.50000 -53.6239
19.96000 -49.48000 1.50000 -108.7061
-195.55000 -35.66000 1.50000 -102.8749
-250.94000 -128.50000 1.50000 -53.7568
19.96000 -49.48000 1.50000 -108.7169
-195.55000 -35.66000 1.50000 -102.9202
-250.94000 -128.50000 1.50000 -53.8882
19.96000 -49.48000 1.50000 -108.7277
-195.55000 -35.66000 1.50000 -102.9653
-250.94000 -128.50000 1.50000 -54.0182
19.96000 -49.48000 1.50000 -108.7033
-195.55000 -35.66000 1.50000 -102.9400
-250.94000 -128.50000 1.50000 -53.9535
19.96000 -49.48000 1.50000 -108.6924
-195.55000 -35.66000 1.50000 -102.8946
-250.94000 -128.50000 1.50000 -53.8216
19.96000 -49.48000 1.50000 -108.6816
-195.55000 -35.66000 1.50000 -102.8490
-250.94000 -128.50000 1.50000 -53.6881
19.96000 -49.48000 1.50000 -108.6709
-195.55000 -35.66000 1.50000 -102.8033
-250.94000 -128.50000 1.50000 -53.5531
19.96000 -49.48000 1.50000 -108.6602
-195.55000 -35.66000 1.50000 -102.7574
-250.94000 -128.50000 1.50000 -53.4165
19.96000 -49.48000 1.50000 -108.6496
-195.55000 -35.66000 1.50000 -102.7114
-250.94000 -128.50000 1.50000 -53.2784
19.96000 -49.48000 1.50000 -108.6390
-195.55000 -35.66000 1.50000 -102.6652
-250.94000 -128.50000 1.50000 -53.1387
19.96000 -49.48000 1.50000 -108.6285
-195.55000 -35.66000 1.50000 -102.6188
-250.94000 -128.50000 1.50000 -52.9974
19.96000 -49.48000 1.50000 -108.6180
-195.55000 -35.66000 1.50000 -102.5723
-250.94000 -128.50000 1.50000 -52.8545
19.96000 -49.48000 1.50000 -108.6076
-195.55000 -35.66000 1.50000 -102.5255
-250.94000 -128.50000 1.50000 -52.7100
19.96000 -49.48000 1.50000 -108.5973
-195.55000 -35.66000 1.50000 -102.4787
-250.94000 -128.50000 1.50000 -52.5639
19.96000 -49.48000 1.50000 -108.5723
-195.55000 -35.66000 1.50000 -102.4507
-250.94000 -128.50000 1.50000 -52.4768
19.96000 -49.48000 1.50000 -108.5826
-195.55000 -35.66000 1.50000 -102.4979
-250.94000 -128.50000 1.50000 -52.6257
19.96000 -49.48000 1.50000 -108.5931
-195.55000 -35.66000 1.50000 -102.5449
-250.94000 -128.50000 1.50000 -52.7730
19.96000 -49.48000 1.50000 -108.6036
-195.55000 -35.66000 1.50000 -102.5917
-250.94000 -128.50000 1.50000 -52.9186
19.96000 -49.48000 1.50000 -108.6142
-195.55000 -35.66000 1.50000 -102.6384
-250.94000 -128.50000 1.50000 -53.0624
19.96000 -49.48000 1.50000 -108.6248
-195.55000 -35.66000 1.50000 -102.6849
-250.94000 -128.50000 1.50000 -53.2046
19.96000 -49.48000 1.50000 -108.6355
-195.55000 -35.66000 1.50000 -102.7312
-250.94000 -128.50000 1.50000 -53.3450
19.96000 -49.48000 1.50000 -108.6463
-195.55000 -35.66000 1.50000 -102.7774
-250.94000 -128.50000 1.50000 -53.4838
19.96000 -49.48000 1.50000 -108.6571
-195.55000 -35.66000 1.50000 -102.8234
-250.94000 -128.50000 1.50000 -53.6210
19.96000 -49.48000 1.50000 -108.6680
-195.55000 -35.66000 1.50000 -102.8692
-250.94000 -128.50000 1.50000 -53.7565
19.96000 -49.48000 1.50000 -108.6789
-195.55000 -35.66000 1.50000 -102.9149
-250.94000 -128.50000 1.50000 -53.8904
19.96000 -49.48000 1.50000 -108.6544
-195.55000 -35.66000 1.50000 -102.8899
-250.94000 -128.50000 1.50000 -53.8289
19.96000 -49.48000 1.50000 -108.6434
-195.55000 -35.66000 1.50000 -102.8440
-250.94000 -128.50000 1.50000 -53.6930
19.96000 -49.48000 1.50000 -108.6325
-195.55000 -35.66000 1.50000 -102.7979
-250.94000 -128.50000 1.50000 -53.5555
19.96000 -49.48000 1.50000 -108.6216
-195.55000 -35.66000 1.50000 -102.7516
-250.94000 -128.50000 1.50000 -53.4162
19.96000 -49.48000 1.50000 -108.6108
-195.55000 -35.66000 1.50000 -102.7052
-250.94000 -128.50000 1.50000 -53.2752
19.96000 -49.48000 1.50000 -108.6001
-195.55000 -35.66000 1.50000 -102.6585
-250.94000 -128.50000 1.50000 -53.1324
19.96000 -49.48000 1.50000 -108.5894
-195.55000 -35.66000 1.50000 -102.6118
-250.94000 -128.50000 1.50000 -52.9879
19.96000 -49.48000 1.50000 -108.5787
-195.55000 -35.66000 1.50000 -102.5648
-250.94000 -128.50000 1.50000 -52.8415
19.96000 -49.48000 1.50000 -108.5681
-195.55000 -35.66000 1.50000 -102.5177
-250.94000 -128.50000 1.50000 -52.6933
19.96000 -49.48000 1.50000 -108.5576
-195.55000 -35.66000 1.50000 -102.4704
-250.94000 -128.50000 1.50000 -52.5432
19.96000 -49.48000 1.50000 -108.5472
-195.55000 -35.66000 1.50000 -102.4229
-250.94000 -128.50000 1.50000 -52.3913
19.96000 -49.48000 1.50000 -108.5220
-195.55000 -35.66000 1.50000 -102.3953
-250.94000 -128.50000 1.50000 -52.3077
19.96000 -49.48000 1.50000 -108.5325
-195.55000 -35.66000 1.50000 -102.4431
-250.94000 -128.50000 1.50000 -52.4625
19.96000 -49.48000 1.50000 -108.5431
-195.55000 -35.66000 1.50000 -102.4906
-250.94000 -128.50000 1.50000 -52.6153
19.96000 -49.48000 1.50000 -108.5538
-195.55000 -35.66000 1.50000 -102.5381
-250.94000 -128.50000 1.50000 -52.7662
19.96000 -49.48000 1.50000 -108.5645
-195.55000 -35.66000 1.50000 -102.5853
-250.94000 -128.50000 1.50000 -52.9151
19.96000 -49.48000 1.50000 -108.5752
-195.55000 -35.66000 1.50000 -102.6324
-250.94000 -128.50000 1.50000 -53.0621
19.96000 -49.48000 1.50000 -108.5860
-195.55000 -35.66000 1.50000 -102.6793
-250.94000 -128.50000 1.50000 -53.2071
19.96000 -49.48000 1.50000 -108.5969
-195.55000 -35.66000 1.50000 -102.7260
-250.94000 -128.50000 1.50000 -53.3503
19.96000 -49.48000 1.50000 -108.6078
-195.55000 -35.66000 1.50000 -102.7725
-250.94000 -128.50000 1.50000 -53.4917
19.96000 -49.48000 1.50000 -108.6188
-195.55000 -35.66000 1.50000 -102.8189
-250.94000 -128.50000 1.50000 -53.6312
19.96000 -49.48000 1.50000 -108.5942
-195.55000 -35.66000 1.50000 -102.7940
-250.94000 -128.50000 1.50000 -53.5713
19.96000 -49.48000 1.50000 -108.5831
-195.55000 -35.66000 1.50000 -102.7474
-250.94000 -128.50000 1.50000 -53.4297
19.96000 -49.48000 1.50000 -108.5721
-195.55000 -35.66000 1.50000 -102.7006
-250.94000 -128.50000 1.50000 -53.2863
19.96000 -49.48000 1.50000 -108.5612
-195.55000 -35.66000 1.50000 -102.6536
-250.94000 -128.50000 1.50000 -53.1409
19.96000 -49.48000 1.50000 -108.5503
-195.55000 -35.66000 1.50000 -102.6064
-250.94000 -128.50000 1.50000 -52.9936
19.96000 -49.48000 1.50000 -108.5395
-195.55000 -35.66000 1.50000 -102.5590
-250.94000 -128.50000 1.50000 -52.8443
19.96000 -49.48000 1.50000 -108.5287
-195.55000 -35.66000 1.50000 -102.5115
-250.94000 -128.50000 1.50000 -52.6929
19.96000 -49.48000 1.50000 -108.5180
-195.55000 -35.66000 1.50000 -102.4638
-250.94000 -128.50000 1.50000 -52.5394
19.96000 -49.48000 1.50000 -108.5074
-195.55000 -35.66000 1.50000 -102.4159
-250.94000 -128.50000 1.50000 -52.3839
19.96000 -49.48000 1.50000 -108.4968
-195.55000 -35.66000 1.50000 -102.3678
-250.94000 -128.50000 1.50000 -52.2262
19.96000 -49.48000 1.50000 -108.4863
-195.55000 -35.66000 1.50000 -102.3196
-250.94000 -128.50000 1.50000 -52.0663
19.96000 -49.48000 1.50000 -108.4610
-195.55000 -35.66000 1.50000 -102.2920
-250.94000 -128.50000 1.50000 -51.9839
19.96000 -49.48000 1.50000 -108.4715
-195.55000 -35.66000 1.50000 -102.3406
-250.94000 -128.50000 1.50000 -52.1468
19.96000 -49.48000 1.50000 -108.4822
-195.55000 -35.66000 1.50000 -102.3889
-250.94000 -128.50000 1.50000 -52.3073
19.96000 -49.48000 1.50000 -108.4929
-195.55000 -35.66000 1.50000 -102.4371
-250.94000 -128.50000 1.50000 -52.4656
19.96000 -49.48000 1.50000 -108.5037
-195.55000 -35.66000 1.50000 -102.4851
-250.94000 -128.50000 1.50000 -52.6216
19.96000 -49.48000 1.50000 -108.5145
-195.55000 -35.66000 1.50000 -102.5330
-250.94000 -128.50000 1.50000 -52.7755
19.96000 -49.48000 1.50000 -108.5254
-195.55000 -35.66000 1.50000 -102.5806
-250.94000 -128.50000 1.50000 -52.9272
19.96000 -49.48000 1.50000 -108.5363
-195.55000 -35.66000 1.50000 -102.6280
-250.94000 -128.50000 1.50000 -53.0767
19.96000 -49.48000 1.50000 -108.5473
-195.55000 -35.66000 1.50000 -102.6753
-250.94000 -128.50000 1.50000 -53.2242
19.96000 -49.48000 1.50000 -108.5584
-195.55000 -35.66000 1.50000 -102.7224
-250.94000 -128.50000 1.50000 -53.3697
19.96000 -49.48000 1.50000 -108.5695
-195.55000 -35.66000 1.50000 -102.7693
-250.94000 -128.50000 1.50000 -53.5131
19.96000 -49.48000 1.50000 -108.5447
-195.55000 -35.66000 1.50000 -102.7448
-250.94000 -128.50000 1.50000 -53.4570
19.96000 -49.48000 1.50000 -108.5335
-195.55000 -35.66000 1.50000 -102.6976
-250.94000 -128.50000 1.50000 -53.3116
19.96000 -49.48000 1.50000 -108.5224
-195.55000 -35.66000 1.50000 -102.6502
-250.94000 -128.50000 1.50000 -53.1642
19.96000 -49.48000 1.50000 -108.5114
-195.55000 -35.66000 1.50000 -102.6027
-250.94000 -128.50000 1.50000 -53.0146
19.96000 -49.48000 1.50000 -108.5004
-195.55000 -35.66000 1.50000 -102.5550
-250.94000 -128.50000 1.50000 -52.8628
19.96000 -49.48000 1.50000 -108.4894
-195.55000 -35.66000 1.50000 -102.5070
-250.94000 -128.50000 1.50000 -52.7088
19.96000 -49.48000 1.50000 -108.4785
-195.55000 -35.66000 1.50000 -102.4589
-250.94000 -128.50000 1.50000 -52.5526
19.96000 -49.48000 1.50000 -108.4677
-195.55000 -35.66000 1.50000 -102.4106
-250.94000 -128.50000 1.50000 -52.3940
19.96000 -49.48000 1.50000 -108.4569
-195.55000 -35.66000 1.50000 -102.3622
-250.94000 -128.50000 1.50000 -52.2330
19.96000 -49.48000 1.50000 -108.4462
-195.55000 -35.66000 1.50000 -102.3135
-250.94000 -128.50000 1.50000 -52.0696
19.96000 -49.48000 1.50000 -108.4356
-195.55000 -35.66000 1.50000 -102.2646
-250.94000 -128.50000 1.50000 -51.9038
19.96000 -49.48000 1.50000 -108.4101
-195.55000 -35.66000 1.50000 -102.2374
-250.94000 -128.50000 1.50000 -51.8262
19.96000 -49.48000 1.50000 -108.4208
-195.55000 -35.66000 1.50000 -102.2866
-250.94000 -128.50000 1.50000 -51.9950
19.96000 -49.48000 1.50000 -108.4316
-195.55000 -35.66000 1.50000 -102.3356
-250.94000 -128.50000 1.50000 -52.1611
19.96000 -49.48000 1.50000 -108.4424
-195.55000 -35.66000 1.50000 -102.3843
-250.94000 -128.50000 1.50000 -52.3247
19.96000 -49.48000 1.50000 -108.4533
-195.55000 -35.66000 1.50000 -102.4329
-250.94000 -128.50000 1.50000 -52.4858
19.96000 -49.48000 1.50000 -108.4643
-195.55000 -35.66000 1.50000 -102.4813
-250.94000 -128.50000 1.50000 -52.6445
19.96000 -49.48000 1.50000 -108.4753
-195.55000 -35.66000 1.50000 -102.5295
-250.94000 -128.50000 1.50000 -52.8007
19.96000 -49.48000 1.50000 -108.4864
-195.55000 -35.66000 1.50000 -102.5775
-250.94000 -128.50000 1.50000 -52.9547
19.96000 -49.48000 1.50000 -108.4975
-195.55000 -35.66000 1.50000 -102.6254
-250.94000 -128.50000 1.50000 -53.1063
19.96000 -49.48000 1.50000 -108.5087
-195.55000 -35.66000 1.50000 -102.6730
-250.94000 -128.50000 1.50000 -53.2557
19.96000 -49.48000 1.50000 -108.4837
-195.55000 -35.66000 1.50000 -102.6486
-250.94000 -128.50000 1.50000 -53.2019
19.96000 -49.48000 1.50000 -108.4725
-195.55000 -35.66000 1.50000 -102.6007
-250.94000 -128.50000 1.50000 -53.0506
19.96000 -49.48000 1.50000 -108.4613
-195.55000 -35.66000 1.50000 -102.5526
-250.94000 -128.50000 1.50000 -52.8970
19.96000 -49.48000 1.50000 -108.4502
-195.55000 -35.66000 1.50000 -102.5043
-250.94000 -128.50000 1.50000 -52.7410
19.96000 -49.48000 1.50000 -108.4391
-195.55000 -35.66000 1.50000 -102.4558
-250.94000 -128.50000 1.50000 -52.5825
19.96000 -49.48000 1.50000 -108.4281
-195.55000 -35.66000 1.50000 -102.4071
-250.94000 -128.50000 1.50000 -52.4216
19.96000 -49.48000 1.50000 -108.4171
-195.55000 -35.66000 1.50000 -102.3582
-250.94000 -128.50000 1.50000 -52.2580
19.96000 -49.48000 1.50000 -108.4062
-195.55000 -35.66000 1.50000 -102.3092
-250.94000 -128.50000 1.50000 -52.0918
19.96000 -49.48000 1.50000 -108.3954
-195.55000 -35.66000 1.50000 -102.2599
-250.94000 -128.50000 1.50000 -51.9230
19.96000 -49.48000 1.50000 -108.3846
-195.55000 -35.66000 1.50000 -102.2104
-250.94000 -128.50000 1.50000 -51.7513
19.96000 -49.48000 1.50000 -108.3590
-195.55000 -35.66000 1.50000 -102.1836
-250.94000 -128.50000 1.50000 -51.6793
19.96000 -49.48000 1.50000 -108.3699
-195.55000 -35.66000 1.50000 -102.2334
-250.94000 -128.50000 1.50000 -51.8537
19.96000 -49.48000 1.50000 -108.3808
-195.55000 -35.66000 1.50000 -102.2830
-250.94000 -128.50000 1.50000 -52.0252
19.96000 -49.48000 1.50000 -108.3917
-195.55000 -35.66000 1.50000 -102.3323
-250.94000 -128.50000 1.50000 -52.1939
19.96000 -49.48000 1.50000 -108.4028
-195.55000 -35.66000 1.50000 -102.3815
-250.94000 -128.50000 1.50000 -52.3598
19.96000 -49.48000 1.50000 -108.4138
-195.55000 -35.66000 1.50000 -102.4305
-250.94000 -128.50000 1.50000 -52.5231
19.96000 -49.48000 1.50000 -108.4250
-195.55000 -35.66000 1.50000 -102.4792
-250.94000 -128.50000 1.50000 -52.6837
19.96000 -49.48000 1.50000 -108.4362
-195.55000 -35.66000 1.50000 -102.5278
-250.94000 -128.50000 1.50000 -52.8417
19.96000 -49.48000 1.50000 -108.4474
-195.55000 -35.66000 1.50000 -102.5762
-250.94000 -128.50000 1.50000 -52.9973
19.96000 -49.48000 1.50000 -108.4587
-195.55000 -35.66000 1.50000 -102.6243
-250.94000 -128.50000 1.50000 -53.1504
19.96000 -49.48000 1.50000 -108.4337
-195.55000 -35.66000 1.50000 -102.6003
-250.94000 -128.50000 1.50000 -53.1013
19.96000 -49.48000 1.50000 -108.4223
-195.55000 -35.66000 1.50000 -102.5519
-250.94000 -128.50000 1.50000 -52.9464
19.96000 -49.48000 1.50000 -108.4110
-195.55000 -35.66000 1.50000 -102.5032
-250.94000 -128.50000 1.50000 -52.7890
19.96000 -49.48000 1.50000 -108.3997
-195.55000 -35.66000 1.50000 -102.4544
-250.94000 -128.50000 1.50000 -52.6289
19.96000 -49.48000 1.50000 -108.3885
-195.55000 -35.66000 1.50000 -102.4053
-250.94000 -128.50000 1.50000 -52.4663
19.96000 -49.48000 1.50000 -108.3774
-195.55000 -35.66000 1.50000 -102.3561
-250.94000 -128.50000 1.50000 -52.3008
19.96000 -49.48000 1.50000 -108.3663
-195.55000 -35.66000 1.50000 -102.3066
-250.94000 -128.50000 1.50000 -52.1326
19.96000 -49.48000 1.50000 -108.3553
-195.55000 -35.66000 1.50000 -102.2570
-250.94000 -128.50000 1.50000 -51.9615
19.96000 -49.48000 1.50000 -108.3443
-195.55000 -35.66000 1.50000 -102.2071
-250.94000 -128.50000 1.50000 -51.7873
19.96000 -49.48000 1.50000 -108.3334
-195.55000 -35.66000 1.50000 -102.1570
-250.94000 -128.50000 1.50000 -51.6102
19.96000 -49.48000 1.50000 -108.3226
-195.55000 -35.66000 1.50000 -102.1067
-250.94000 -128.50000 1.50000 -51.4298
19.96000 -49.48000 1.50000 -108.2968
-195.55000 -35.66000 1.50000 -102.0800
-250.94000 -128.50000 1.50000 -51.3611
19.96000 -49.48000 1.50000 -108.3077
-195.55000 -35.66000 1.50000 -102.1306
-250.94000 -128.50000 1.50000 -51.5442
19.96000 -49.48000 1.50000 -108.3187
-195.55000 -35.66000 1.50000 -102.1810
-250.94000 -128.50000 1.50000 -51.7241
19.96000 -49.48000 1.50000 -108.3297
-195.55000 -35.66000 1.50000 -102.2312
-250.94000 -128.50000 1.50000 -51.9007
19.96000 -49.48000 1.50000 -108.3408
-195.55000 -35.66000 1.50000 -102.2811
-250.94000 -128.50000 1.50000 -52.0742
19.96000 -49.48000 1.50000 -108.3519
-195.55000 -35.66000 1.50000 -102.3309
-250.94000 -128.50000 1.50000 -52.2447
19.96000 -49.48000 1.50000 -108.3632
-195.55000 -35.66000 1.50000 -102.3804
-250.94000 -128.50000 1.50000 -52.4122
19.96000 -49.48000 1.50000 -108.3744
-195.55000 -35.66000 1.50000 -102.4298
-250.94000 -128.50000 1.50000 -52.5769
19.96000 -49.48000 1.50000 -108.3857
-195.55000 -35.66000 1.50000 -102.4789
-250.94000 -128.50000 1.50000 -52.7388
19.96000 -49.48000 1.50000 -108.3971
-195.55000 -35.66000 1.50000 -102.5278
-250.94000 -128.50000 1.50000 -52.8980
19.96000 -49.48000 1.50000 -108.4086
-195.55000 -35.66000 1.50000 -102.5765
-250.94000 -128.50000 1.50000 -53.0546
19.96000 -49.48000 1.50000 -108.3834
-195.55000 -35.66000 1.50000 -102.5529
-250.94000 -128.50000 1.50000 -53.0105
19.96000 -49.48000 1.50000 -108.3719
-195.55000 -35.66000 1.50000 -102.5039
-250.94000 -128.50000 1.50000 -52.8522
19.96000 -49.48000 1.50000 -108.3604
-195.55000 -35.66000 1.50000 -102.4547
-250.94000 -128.50000 1.50000 -52.6913
19.96000 -49.48000 1.50000 -108.3491
-195.55000 -35.66000 1.50000 -102.4053
-250.94000 -128.50000 1.50000 -52.5276
19.96000 -49.48000 1.50000 -108.3377
-195.55000 -35.66000 1.50000 -102.3557
-250.94000 -128.50000 1.50000 -52.3610
19.96000 -49.48000 1.50000 -108.3264
-195.55000 -35.66000 1.50000 -102.3059
-250.94000 -128.50000 1.50000 -52.1914
19.96000 -49.48000 1.50000 -108.3152
-195.55000 -35.66000 1.50000 -102.2559
-250.94000 -128.50000 1.50000 -52.0188
19.96000 -49.48000 1.50000 -108.3041
-195.55000 -35.66000 1.50000 -102.2056
-250.94000 -128.50000 1.50000 -51.8430
19.96000 -49.48000 1.50000 -108.2930
-195.55000 -35.66000 1.50000 -102.1551
-250.94000 -128.50000 1.50000 -51.6640
19.96000 -49.48000 1.50000 -108.2820
-195.55000 -35.66000 1.50000 -102.1044
-250.94000 -128.50000 1.50000 -51.4816
19.96000 -49.48000 1.50000 -108.2710
-195.55000 -35.66000 1.50000 -102.0535
-250.94000 -128.50000 1.50000 -51.2957
19.96000 -49.48000 1.50000 -108.2451
-195.55000 -35.66000 1.50000 -102.0273
-250.94000 -128.50000 1.50000 -51.2340
19.96000 -49.48000 1.50000 -108.2561
-195.55000 -35.66000 1.50000 -102.0785
-250.94000 -128.50000 1.50000 -51.4224
19.96000 -49.48000 1.50000 -108.2672
-195.55000 -35.66000 1.50000 -102.1295
-250.94000 -128.50000 1.50000 -51.6073
19.96000 -49.48000 1.50000 -108.2784
-195.55000 -35.66000 1.50000 -102.1803
-250.94000 -128.50000 1.50000 -51.7886
19.96000 -49.48000 1.50000 -108.2896
-195.55000 -35.66000 1.50000 -102.2308
-250.94000 -128.50000 1.50000 -51.9666
19.96000 -49.48000 1.50000 -108.3009
-195.55000 -35.66000 1.50000 -102.2811
-250.94000 -128.50000 1.50000 -52.1413
19.96000 -49.48000 1.50000 -108.3122
-195.55000 -35.66000 1.50000 -102.3312
-250.94000 -128.50000 1.50000 -52.3127
19.96000 -49.48000 1.50000 -108.3236
-195.55000 -35.66000 1.50000 -102.3811
-250.94000 -128.50000 1.50000 -52.4812
19.96000 -49.48000 1.50000 -108.3351
-195.55000 -35.66000 1.50000 -102.4308
-250.94000 -128.50000 1.50000 -52.6466
19.96000 -49.48000 1.50000 -108.3466
-195.55000 -35.66000 1.50000 -102.4802
-250.94000 -128.50000 1.50000 -52.8092
19.96000 -49.48000 1.50000 -108.3213
-195.55000 -35.66000 1.50000 -102.4568
-250.94000 -128.50000 1.50000 -52.7689
19.96000 -49.48000 1.50000 -108.3097
-195.55000 -35.66000 1.50000 -102.4071
-250.94000 -128.50000 1.50000 -52.6048
19.96000 -49.48000 1.50000 -108.2981
-195.55000 -35.66000 1.50000 -102.3571
-250.94000 -128.50000 1.50000 -52.4377
19.96000 -49.48000 1.50000 -108.2867
-195.55000 -35.66000 1.50000 -102.3070
-250.94000 -128.50000 1.50000 -52.2676
19.96000 -49.48000 1.50000 -108.2753
-195.55000 -35.66000 1.50000 -102.2566
-250.94000 -128.50000 1.50000 -52.0942
19.96000 -49.48000 1.50000 -108.2639
-195.55000 -35.66000 1.50000 -102.2060
-250.94000 -128.50000 1.50000 -51.9176
19.96000 -49.48000 1.50000 -108.2526
-195.55000 -35.66000 1.50000 -102.1551
-250.94000 -128.50000 1.50000 -51.7376
19.96000 -49.48000 1.50000 -108.2414
-195.55000 -35.66000 1.50000 -102.1040
-250.94000 -128.50000 1.50000 -51.5541
19.96000 -49.48000 1.50000 -108.2302
-195.55000 -35.66000 1.50000 -102.0528
-250.94000 -128.50000 1.50000 -51.3669
19.96000 -49.48000 1.50000 -108.2043
-195.55000 -35.66000 1.50000 -102.0273
-250.94000 -128.50000 1.50000 -51.3152
19.96000 -49.48000 1.50000 -108.2155
-195.55000 -35.66000 1.50000 -102.0788
-250.94000 -128.50000 1.50000 -51.5046
19.96000 -49.48000 1.50000 -108.2268
-195.55000 -35.66000 1.50000 -102.1302
-250.94000 -128.50000 1.50000 -51.6902
19.96000 -49.48000 1.50000 -108.2382
-195.55000 -35.66000 1.50000 -102.1813
-250.94000 -128.50000 1.50000 -51.8721
19.96000 -49.48000 1.50000 -108.2496
-195.55000 -35.66000 1.50000 -102.2322
-250.94000 -128.50000 1.50000 -52.0505
19.96000 -49.48000 1.50000 -108.2611
-195.55000 -35.66000 1.50000 -102.2829
-250.94000 -128.50000 1.50000 -52.2256
19.96000 -49.48000 1.50000 -108.2726
-195.55000 -35.66000 1.50000 -102.3333
-250.94000 -128.50000 1.50000 -52.3973
19.96000 -49.48000 1.50000 -108.2842
-195.55000 -35.66000 1.50000 -102.3836
-250.94000 -128.50000 1.50000 -52.5660
19.96000 -49.48000 1.50000 -108.2959
-195.55000 -35.66000 1.50000 -102.4335
-250.94000 -128.50000 1.50000 -52.7315
19.96000 -49.48000 1.50000 -108.2704
-195.55000 -35.66000 1.50000 -102.4105
-250.94000 -128.50000 1.50000 -52.6971
19.96000 -49.48000 1.50000 -108.2587
-195.55000 -35.66000 1.50000 -102.3603
-250.94000 -128.50000 1.50000 -52.5302
19.96000 -49.48000 1.50000 -108.2470
-195.55000 -35.66000 1.50000 -102.3098
-250.94000 -128.50000 1.50000 -52.3601
19.96000 -49.48000 1.50000 -108.2354
-195.55000 -35.66000 1.50000 -102.2591
-250.94000 -128.50000 1.50000 -52.1869
19.96000 -49.48000 1.50000 -108.2238
-195.55000 -35.66000 1.50000 -102.2081
-250.94000 -128.50000 1.50000 -52.0102
19.96000 -49.48000 1.50000 -108.2124
-195.55000 -35.66000 1.50000 -102.1570
-250.94000 -128.50000 1.50000 -51.8301
19.96000 -49.48000 1.50000 -108.2009
-195.55000 -35.66000 1.50000 -102.1055
-250.94000 -128.50000 1.50000 -51.6463
19.96000 -49.48000 1.50000 -108.1896
-195.55000 -35.66000 1.50000 -102.0539
-250.94000 -128.50000 1.50000 -51.4588
19.96000 -49.48000 1.50000 -108.1636
-195.55000 -35.66000 1.50000 -102.0291
-250.94000 -128.50000 1.50000 -51.4170
19.96000 -49.48000 1.50000 -108.1750
-195.55000 -35.66000 1.50000 -102.0811
-250.94000 -128.50000 1.50000 -51.6063
19.96000 -49.48000 1.50000 -108.1865
-195.55000 -35.66000 1.50000 -102.1328
-250.94000 -128.50000 1.50000 -51.7917
19.96000 -49.48000 1.50000 -108.1980
-195.55000 -35.66000 1.50000 -102.1843
-250.94000 -128.50000 1.50000 -51.9734
19.96000 -49.48000 1.50000 -108.2097
-195.55000 -35.66000 1.50000 -102.2355
-250.94000 -128.50000 1.50000 -52.1515
19.96000 -49.48000 1.50000 -108.2213
-195.55000 -35.66000 1.50000 -102.2865
-250.94000 -128.50000 1.50000 -52.3262
19.96000 -49.48000 1.50000 -108.2331
-195.55000 -35.66000 1.50000 -102.3372
-250.94000 -128.50000 1.50000 -52.4975
19.96000 -49.48000 1.50000 -108.2449
-195.55000 -35.66000 1.50000 -102.3878
-250.94000 -128.50000 1.50000 -52.6656
19.96000 -49.48000 1.50000 -108.2567
-195.55000 -35.66000 1.50000 -102.4380
-250.94000 -128.50000 1.50000 -52.8307
19.96000 -49.48000 1.50000 -108.2312
-195.55000 -35.66000 1.50000 -102.4158
-250.94000 -128.50000 1.50000 -52.8034
19.96000 -49.48000 1.50000 -108.2193
-195.55000 -35.66000 1.50000 -102.3652
-250.94000 -128.50000 1.50000 -52.6373
19.96000 -49.48000 1.50000 -108.2074
-195.55000 -35.66000 1.50000 -102.3144
-250.94000 -128.50000 1.50000 -52.4681
19.96000 -49.48000 1.50000 -108.1956
-195.55000 -35.66000 1.50000 -102.2634
-250.94000 -128.50000 1.50000 -52.2955
19.96000 -49.48000 1.50000 -108.1839
-195.55000 -35.66000 1.50000 -102.2121
-250.94000 -128.50000 1.50000 -52.1196
19.96000 -49.48000 1.50000 -108.1722
-195.55000 -35.66000 1.50000 -102.1606
-250.94000 -128.50000 1.50000 -51.9402
19.96000 -49.48000 1.50000 -108.1606
-195.55000 -35.66000 1.50000 -102.1089
-250.94000 -128.50000 1.50000 -51.7570
19.96000 -49.48000 1.50000 -108.1346
-195.55000 -35.66000 1.50000 -102.0852
-250.94000 -128.50000 1.50000 -51.7262
19.96000 -49.48000 1.50000 -108.1463
-195.55000 -35.66000 1.50000 -102.1372
-250.94000 -128.50000 1.50000 -51.9106
19.96000 -49.48000 1.50000 -108.1580
-195.55000 -35.66000 1.50000 -102.1890
-250.94000 -128.50000 1.50000 -52.0912
19.96000 -49.48000 1.50000 -108.1698
-195.55000 -35.66000 1.50000 -102.2406
-250.94000 -128.50000 1.50000 -52.2683
19.96000 -49.48000 1.50000 -108.1817
-195.55000 -35.66000 1.50000 -102.2919
-250.94000 -128.50000 1.50000 -52.4419
19.96000 -49.48000 1.50000 -108.1936
-195.55000 -35.66000 1.50000 -102.3429
-250.94000 -128.50000 1.50000 -52.6121
19.96000 -49.48000 1.50000 -108.2056
-195.55000 -35.66000 1.50000 -102.3937
-250.94000 -128.50000 1.50000 -52.7792
19.96000 -49.48000 1.50000 -108.2177
-195.55000 -35.66000 1.50000 -102.4443
-250.94000 -128.50000 1.50000 -52.9432
19.96000 -49.48000 1.50000 -108.2298
-195.55000 -35.66000 1.50000 -102.4946
-250.94000 -128.50000 1.50000 -53.1041
19.96000 -49.48000 1.50000 -108.2420
-195.55000 -35.66000 1.50000 -102.5447
-250.94000 -128.50000 1.50000 -53.2622
19.96000 -49.48000 1.50000 -108.2542
-195.55000 -35.66000 1.50000 -102.5946
-250.94000 -128.50000 1.50000 -53.4175
19.96000 -49.48000 1.50000 -108.2288
-195.55000 -35.66000 1.50000 -102.5737
-250.94000 -128.50000 1.50000 -53.3993
19.96000 -49.48000 1.50000 -108.2165
-195.55000 -35.66000 1.50000 -102.5236
-250.94000 -128.50000 1.50000 -53.2433
19.96000 -49.48000 1.50000 -108.2043
-195.55000 -35.66000 1.50000 -102.4733
-250.94000 -128.50000 1.50000 -53.0845
19.96000 -49.48000 1.50000 -108.1921
-195.55000 -35.66000 1.50000 -102.4227
-250.94000 -128.50000 1.50000 -52.9228
19.96000 -49.48000 1.50000 -108.1800
-195.55000 -35.66000 1.50000 -102.3719
-250.94000 -128.50000 1.50000 -52.7581
19.96000 -49.48000 1.50000 -108.1679
-195.55000 -35.66000 1.50000 -102.3208
-250.94000 -128.50000 1.50000 -52.5902
19.96000 -49.48000 1.50000 -108.1559
-195.55000 -35.66000 1.50000 -102.2695
-250.94000 -128.50000 1.50000 -52.4190
19.96000 -49.48000 1.50000 -108.1440
-195.55000 -35.66000 1.50000 -102.2180
-250.94000 -128.50000 1.50000 -52.2445
19.96000 -49.48000 1.50000 -108.1321
-195.55000 -35.66000 1.50000 -102.1662
-250.94000 -128.50000 1.50000 -52.0665
19.96000 -49.48000 1.50000 -108.1061
-195.55000 -35.66000 1.50000 -102.1436
-250.94000 -128.50000 1.50000 -52.0454
19.96000 -49.48000 1.50000 -108.1181
-195.55000 -35.66000 1.50000 -102.1956
-250.94000 -128.50000 1.50000 -52.2243
19.96000 -49.48000 1.50000 -108.1301
-195.55000 -35.66000 1.50000 -102.2475
-250.94000 -128.50000 1.50000 -52.3996
19.96000 -49.48000 1.50000 -108.1422
-195.55000 -35.66000 1.50000 -102.2990
-250.94000 -128.50000 1.50000 -52.5715
19.96000 -49.48000 1.50000 -108.1543
-195.55000 -35.66000 1.50000 -102.3503
-250.94000 -128.50000 1.50000 -52.7401
19.96000 -49.48000 1.50000 -108.1665
-195.55000 -35.66000 1.50000 -102.4014
-250.94000 -128.50000 1.50000 -52.9055
19.96000 -49.48000 1.50000 -108.1787
-195.55000 -35.66000 1.50000 -102.4522
-250.94000 -128.50000 1.50000 -53.0678
19.96000 -49.48000 1.50000 -108.1911
-195.55000 -35.66000 1.50000 -102.5028
-250.94000 -128.50000 1.50000 -53.2272
19.96000 -49.48000 1.50000 -148.2034
-195.55000 -35.66000 1.50000 -102.5531
-250.94000 -128.50000 1.50000 -53.3838
19.96000 -49.48000 1.50000 -148.2159
-195.55000 -35.66000 1.50000 -102.6032
-250.94000 -128.50000 1.50000 -53.5376
19.96000 -49.48000 1.50000 -148.2283
-195.55000 -35.66000 1.50000 -102.6531
-250.94000 -128.50000 1.50000 -53.6888
19.96000 -49.48000 1.50000 -148.2409
-195.55000 -35.66000 1.50000 -102.7027
-250.94000 -128.50000 1.50000 -53.8373
19.96000 -49.48000 1.50000 -148.2535
-195.55000 -35.66000 1.50000 -102.7521
-250.94000 -128.50000 1.50000 -53.9834
19.96000 -49.48000 1.50000 -148.2661
-195.55000 -35.66000 1.50000 -102.8012
-250.94000 -128.50000 1.50000 -54.1271
19.96000 -49.48000 1.50000 -148.2788
-195.55000 -35.66000 1.50000 -102.8501
-250.94000 -128.50000 1.50000 -54.2685
19.96000 -49.48000 1.50000 -188.2916
-195.55000 -35.66000 1.50000 -102.8988
-250.94000 -128.50000 1.50000 -54.4077
19.96000 -49.48000 1.50000 -188.3044
-195.55000 -35.66000 1.50000 -102.9473
-250.94000 -128.50000 1.50000 -54.5446
19.96000 -49.48000 1.50000 -188.3172
-195.55000 -35.66000 1.50000 -102.9955
-250.94000 -128.50000 1.50000 -54.6795
19.96000 -49.48000 1.50000 -148.3301
-195.55000 -35.66000 1.50000 -103.0435
-250.94000 -128.50000 1.50000 -54.8123
19.96000 -49.48000 1.50000 -148.3054
-195.55000 -35.66000 1.50000 -103.0253
-250.94000 -128.50000 1.50000 -54.8031
19.96000 -49.48000 1.50000 -148.2924
-195.55000 -35.66000 1.50000 -102.9771
-250.94000 -128.50000 1.50000 -54.6700
19.96000 -49.48000 1.50000 -188.2795
-195.55000 -35.66000 1.50000 -102.9287
-250.94000 -128.50000 1.50000 -54.5349
19.96000 -49.48000 1.50000 -188.2666
-195.55000 -35.66000 1.50000 -102.8800
-250.94000 -128.50000 1.50000 -54.3976
19.96000 -49.48000 1.50000 -188.2538
-195.55000 -35.66000 1.50000 -102.8311
-250.94000 -128.50000 1.50000 -54.2581
19.96000 -49.48000 1.50000 -148.2410
-195.55000 -35.66000 1.50000 -102.7820
-250.94000 -128.50000 1.50000 -54.1164
19.96000 -49.48000 1.50000 -148.2283
-195.55000 -35.66000 1.50000 -102.7327
-250.94000 -128.50000 1.50000 -53.9723
19.96000 -49.48000 1.50000 -148.2156
-195.55000 -35.66000 1.50000 -102.6831
-250.94000 -128.50000 1.50000 -53.8258
19.96000 -49.48000 1.50000 -148.2030
-195.55000 -35.66000 1.50000 -102.6332
-250.94000 -128.50000 1.50000 -53.6768
19.96000 -49.48000 1.50000 -148.1905
-195.55000 -35.66000 1.50000 -102.5831
-250.94000 -128.50000 1.50000 -53.5253
19.96000 -49.48000 1.50000 -188.1780
-195.55000 -35.66000 1.50000 -102.5328
-250.94000 -128.50000 1.50000 -53.3710
19.96000 -49.48000 1.50000 -108.1655
-195.55000 -35.66000 1.50000 -102.4822
-250.94000 -128.50000 1.50000 -53.2140
19.96000 -49.48000 1.50000 -108.1531
-195.55000 -35.66000 1.50000 -102.4314
-250.94000 -128.50000 1.50000 -53.0541
19.96000 -49.48000 1.50000 -108.1408
-195.55000 -35.66000 1.50000 -102.3803
-250.94000 -128.50000 1.50000 -52.8912
19.96000 -49.48000 1.50000 -108.1285
-195.55000 -35.66000 1.50000 -102.3290
-250.94000 -128.50000 1.50000 -52.7253
19.96000 -49.48000 1.50000 -108.1163
-195.55000 -35.66000 1.50000 -102.2775
-250.94000 -128.50000 1.50000 -52.5561
19.96000 -49.48000 1.50000 -108.1042
-195.55000 -35.66000 1.50000 -102.2256
-250.94000 -128.50000 1.50000 -52.3836
19.96000 -49.48000 1.50000 -108.0921
-195.55000 -35.66000 1.50000 -102.1735
-250.94000 -128.50000 1.50000 -52.2076
19.96000 -49.48000 1.50000 -108.0661
-195.55000 -35.66000 1.50000 -102.1517
-250.94000 -128.50000 1.50000 -52.1945
19.96000 -49.48000 1.50000 -108.0782
-195.55000 -35.66000 1.50000 -102.2041
-250.94000 -128.50000 1.50000 -52.3710
19.96000 -49.48000 1.50000 -108.0905
-195.55000 -35.66000 1.50000 -102.2561
-250.94000 -128.50000 1.50000 -52.5440
19.96000 -49.48000 1.50000 -108.1027
-195.55000 -35.66000 1.50000 -102.3080
-250.94000 -128.50000 1.50000 -52.7137
19.96000 -49.48000 1.50000 -108.1151
-195.55000 -35.66000 1.50000 -102.3595
-250.94000 -128.50000 1.50000 -52.8801
19.96000 -49.48000 1.50000 -108.1275
-195.55000 -35.66000 1.50000 -102.4108
-250.94000 -128.50000 1.50000 -53.0434
19.96000 -49.48000 1.50000 -148.1399
-195.55000 -35.66000 1.50000 -102.4619
-250.94000 -128.50000 1.50000 -53.2036
19.96000 -49.48000 1.50000 -148.1525
-195.55000 -35.66000 1.50000 -102.5127
-250.94000 -128.50000 1.50000 -53.3610
19.96000 -49.48000 1.50000 -148.1650
-195.55000 -35.66000 1.50000 -102.5633
-250.94000 -128.50000 1.50000 -53.5156
19.96000 -49.48000 1.50000 -148.1776
-195.55000 -35.66000 1.50000 -102.6136
-250.94000 -128.50000 1.50000 -53.6675
19.96000 -49.48000 1.50000 -148.1903
-195.55000 -35.66000 1.50000 -102.6636
-250.94000 -128.50000 1.50000 -53.8168
19.96000 -49.48000 1.50000 -148.2031
-195.55000 -35.66000 1.50000 -102.7135
-250.94000 -128.50000 1.50000 -53.9636
19.96000 -49.48000 1.50000 -148.2159
-195.55000 -35.66000 1.50000 -102.7630
-250.94000 -128.50000 1.50000 -54.1080
19.96000 -49.48000 1.50000 -188.2287
-195.55000 -35.66000 1.50000 -102.8124
-250.94000 -128.50000 1.50000 -54.2500
19.96000 -49.48000 1.50000 -188.2416
-195.55000 -35.66000 1.50000 -102.8615
-250.94000 -128.50000 1.50000 -54.3897
19.96000 -49.48000 1.50000 -188.2546
-195.55000 -35.66000 1.50000 -102.9103
-250.94000 -128.50000 1.50000 -54.5272
19.96000 -49.48000 1.50000 -148.2676
-195.55000 -35.66000 1.50000 -102.9590
-250.94000 -128.50000 1.50000 -54.6626
19.96000 -49.48000 1.50000 -148.2806
-195.55000 -35.66000 1.50000 -103.0074
-250.94000 -128.50000 1.50000 -54.7959
19.96000 -49.48000 1.50000 -148.2937
-195.55000 -35.66000 1.50000 -103.0555
-250.94000 -128.50000 1.50000 -54.9272
19.96000 -49.48000 1.50000 -148.3069
-195.55000 -35.66000 1.50000 -103.1034
-250.94000 -128.50000 1.50000 -55.0565
19.96000 -49.48000 1.50000 -148.3201
-195.55000 -35.66000 1.50000 -103.1511
-250.94000 -128.50000 1.50000 -55.1840
19.96000 -49.48000 1.50000 -148.3334
-195.55000 -35.66000 1.50000 -143.1986
-250.94000 -128.50000 1.50000 -55.3096
19.96000 -49.48000 1.50000 -148.3467
-195.55000 -35.66000 1.50000 -143.2459
-250.94000 -128.50000 1.50000 -55.4334
19.96000 -49.48000 1.50000 -148.3600
-195.55000 -35.66000 1.50000 -143.2929
-250.94000 -128.50000 1.50000 -55.5555
19.96000 -49.48000 1.50000 -148.3734
-195.55000 -35.66000 1.50000 -143.3397
-250.94000 -128.50000 1.50000 -55.6759
19.96000 -49.48000 1.50000 -148.3869
-195.55000 -35.66000 1.50000 -143.3863
-250.94000 -128.50000 1.50000 -55.7947
19.96000 -49.48000 1.50000 -148.4004
-195.55000 -35.66000 1.50000 -143.4327
-250.94000 -128.50000 1.50000 -55.9118
19.96000 -49.48000 1.50000 -148.4139
-195.55000 -35.66000 1.50000 -143.4788
-250.94000 -128.50000 1.50000 -56.0274
19.96000 -49.48000 1.50000 -148.4275
-195.55000 -35.66000 1.50000 -143.5247
-250.94000 -128.50000 1.50000 -56.1415
19.96000 -49.48000 1.50000 -148.4035
-195.55000 -35.66000 1.50000 -143.5090
-250.94000 -128.50000 1.50000 -56.1377
19.96000 -49.48000 1.50000 -148.3899
-195.55000 -35.66000 1.50000 -143.4629
-250.94000 -128.50000 1.50000 -56.0235
19.96000 -49.48000 1.50000 -148.3762
-195.55000 -35.66000 1.50000 -143.4166
-250.94000 -128.50000 1.50000 -55.9078
19.96000 -49.48000 1.50000 -148.3627
-195.55000 -35.66000 1.50000 -143.3701
-250.94000 -128.50000 1.50000 -55.7906
19.96000 -49.48000 1.50000 -148.3491
-195.55000 -35.66000 1.50000 -143.3233
-250.94000 -128.50000 1.50000 -55.6717
19.96000 -49.48000 1.50000 -148.3357
-195.55000 -35.66000 1.50000 -143.2763
-250.94000 -128.50000 1.50000 -55.5512
19.96000 -49.48000 1.50000 -148.3222
-195.55000 -35.66000 1.50000 -143.2291
-250.94000 -128.50000 1.50000 -55.4289
19.96000 -49.48000 1.50000 -148.3088
-195.55000 -35.66000 1.50000 -143.1817
-250.94000 -128.50000 1.50000 -55.3050
19.96000 -49.48000 1.50000 -148.2955
-195.55000 -35.66000 1.50000 -143.1340
-250.94000 -128.50000 1.50000 -55.1792
19.96000 -49.48000 1.50000 -148.2822
-195.55000 -35.66000 1.50000 -143.0861
-250.94000 -128.50000 1.50000 -55.0517
19.96000 -49.48000 1.50000 -148.2690
-195.55000 -35.66000 1.50000 -143.0380
-250.94000 -128.50000 1.50000 -54.9222
19.96000 -49.48000 1.50000 -148.2558
-195.55000 -35.66000 1.50000 -102.9896
-250.94000 -128.50000 1.50000 -54.7907
19.96000 -49.48000 1.50000 -148.2427
-195.55000 -35.66000 1.50000 -102.9411
-250.94000 -128.50000 1.50000 -54.6572
19.96000 -49.48000 1.50000 -148.2296
-195.55000 -35.66000 1.50000 -102.8922
-250.94000 -128.50000 1.50000 -54.5217
19.96000 -49.48000 1.50000 -188.2166
-195.55000 -35.66000 1.50000 -102.8432
-250.94000 -128.50000 1.50000 -54.3840
19.96000 -49.48000 1.50000 -188.2036
-195.55000 -35.66000 1.50000 -102.7939
-250.94000 -128.50000 1.50000 -54.2441
19.96000 -49.48000 1.50000 -188.1907
-195.55000 -35.66000 1.50000 -102.7443
-250.94000 -128.50000 1.50000 -54.1019
19.96000 -49.48000 1.50000 -148.1778
-195.55000 -35.66000 1.50000 -102.6945
-250.94000 -128.50000 1.50000 -53.9574
19.96000 -49.48000 1.50000 -148.1650
-195.55000 -35.66000 1.50000 -102.6445
-250.94000 -128.50000 1.50000 -53.8104
19.96000 -49.48000 1.50000 -148.1522
-195.55000 -35.66000 1.50000 -102.5942
-250.94000 -128.50000 1.50000 -53.6608
19.96000 -49.48000 1.50000 -148.1395
-195.55000 -35.66000 1.50000 -102.5437
-250.94000 -128.50000 1.50000 -53.5087
19.96000 -49.48000 1.50000 -148.1269
-195.55000 -35.66000 1.50000 -102.4929
-250.94000 -128.50000 1.50000 -53.3538
19.96000 -49.48000 1.50000 -188.1143
-195.55000 -35.66000 1.50000 -102.4418
-250.94000 -128.50000 1.50000 -53.1962
19.96000 -49.48000 1.50000 -108.1018
-195.55000 -35.66000 1.50000 -102.3905
-250.94000 -128.50000 1.50000 -53.0356
19.96000 -49.48000 1.50000 -108.0893
-195.55000 -35.66000 1.50000 -102.3390
-250.94000 -128.50000 1.50000 -52.8720
19.96000 -49.48000 1.50000 -108.0769
-195.55000 -35.66000 1.50000 -102.2872
-250.94000 -128.50000 1.50000 -52.7053
19.96000 -49.48000 1.50000 -108.0645
-195.55000 -35.66000 1.50000 -102.2351
-250.94000 -128.50000 1.50000 -52.5353
19.96000 -49.48000 1.50000 -108.0385
-195.55000 -35.66000 1.50000 -102.2143
-250.94000 -128.50000 1.50000 -52.5300
19.96000 -49.48000 1.50000 -108.0509
-195.55000 -35.66000 1.50000 -102.2666
-250.94000 -128.50000 1.50000 -52.7002
19.96000 -49.48000 1.50000 -108.0634
-195.55000 -35.66000 1.50000 -102.3187
-250.94000 -128.50000 1.50000 -52.8671
19.96000 -49.48000 1.50000 -148.0760
-195.55000 -35.66000 1.50000 -102.3705
-250.94000 -128.50000 1.50000 -53.0309
19.96000 -49.48000 1.50000 -148.0886
-195.55000 -35.66000 1.50000 -102.4220
-250.94000 -128.50000 1.50000 -53.1916
19.96000 -49.48000 1.50000 -148.1012
-195.55000 -35.66000 1.50000 -102.4733
-250.94000 -128.50000 1.50000 -53.3494
19.96000 -49.48000 1.50000 -148.1140
-195.55000 -35.66000 1.50000 -102.5243
-250.94000 -128.50000 1.50000 -53.5044
19.96000 -49.48000 1.50000 -148.1267
-195.55000 -35.66000 1.50000 -102.5751
-250.94000 -128.50000 1.50000 -53.6567
19.96000 -49.48000 1.50000 -148.1396
-195.55000 -35.66000 1.50000 -102.6256
-250.94000 -128.50000 1.50000 -53.8064
19.96000 -49.48000 1.50000 -148.1525
-195.55000 -35.66000 1.50000 -102.6758
-250.94000 -128.50000 1.50000 -53.9535
19.96000 -49.48000 1.50000 -188.1654
-195.55000 -35.66000 1.50000 -102.7258
-250.94000 -128.50000 1.50000 -54.0982
19.96000 -49.48000 1.50000 -188.1784
-195.55000 -35.66000 1.50000 -102.7756
-250.94000 -128.50000 1.50000 -54.2405
19.96000 -49.48000 1.50000 -188.1915
-195.55000 -35.66000 1.50000 -102.8251
-250.94000 -128.50000 1.50000 -54.3805
19.96000 -49.48000 1.50000 -148.2046
-195.55000 -35.66000 1.50000 -142.8744
-250.94000 -128.50000 1.50000 -54.5183
19.96000 -49.48000 1.50000 -148.2177
-195.55000 -35.66000 1.50000 -142.9234
-250.94000 -128.50000 1.50000 -54.6540
19.96000 -49.48000 1.50000 -148.2309
-195.55000 -35.66000 1.50000 -142.9722
-250.94000 -128.50000 1.50000 -54.7876
19.96000 -49.48000 1.50000 -148.2442
-195.55000 -35.66000 1.50000 -143.0207
-250.94000 -128.50000 1.50000 -54.9191
19.96000 -49.48000 1.50000 -148.2575
-195.55000 -35.66000 1.50000 -143.0690
-250.94000 -128.50000 1.50000 -55.0487
19.96000 -49.48000 1.50000 -148.2709
-195.55000 -35.66000 1.50000 -143.1171
-250.94000 -128.50000 1.50000 -55.1764
19.96000 -49.48000 1.50000 -148.2843
-195.55000 -35.66000 1.50000 -143.1650
-250.94000 -128.50000 1.50000 -55.3022
19.96000 -49.48000 1.50000 -148.2977
-195.55000 -35.66000 1.50000 -143.2126
-250.94000 -128.50000 1.50000 -55.4262
19.96000 -49.48000 1.50000 -148.3112
-195.55000 -35.66000 1.50000 -143.2600
-250.94000 -128.50000 1.50000 -55.5485
19.96000 -49.48000 1.50000 -148.3248
-195.55000 -35.66000 1.50000 -143.3071
-250.94000 -128.50000 1.50000 -55.6691
19.96000 -49.48000 1.50000 -148.3384
-195.55000 -35.66000 1.50000 -143.3541
-250.94000 -128.50000 1.50000 -55.7880
19.96000 -49.48000 1.50000 -148.3520
-195.55000 -35.66000 1.50000 -143.4008
-250.94000 -128.50000 1.50000 -55.9054
19.96000 -49.48000 1.50000 -148.3657
-195.55000 -35.66000 1.50000 -143.4473
-250.94000 -128.50000 1.50000 -56.0211
19.96000 -49.48000 1.50000 -148.3795
-195.55000 -35.66000 1.50000 -143.4935
-250.94000 -128.50000 1.50000 -56.1354
19.96000 -49.48000 1.50000 -148.3933
-195.55000 -35.66000 1.50000 -143.5396
-250.94000 -128.50000 1.50000 -56.2482
19.96000 -49.48000 1.50000 -148.4071
-195.55000 -35.66000 1.50000 -143.5854
-250.94000 -128.50000 1.50000 -56.3595
19.96000 -49.48000 1.50000 -148.4210
-195.55000 -35.66000 1.50000 -143.6311
-250.94000 -128.50000 1.50000 -56.4694
19.96000 -49.48000 1.50000 -148.4349
-195.55000 -35.66000 1.50000 -143.6765
-250.94000 -128.50000 1.50000 -56.5779
19.96000 -49.48000 1.50000 -188.4488
-195.55000 -35.66000 1.50000 -143.7217
-250.94000 -128.50000 1.50000 -56.6851
19.96000 -49.48000 1.50000 -188.4628
-195.55000 -35.66000 1.50000 -143.7666
-250.94000 -128.50000 1.50000 -56.7910
19.96000 -49.48000 1.50000 -188.4769
-195.55000 -35.66000 1.50000 -143.8114
-250.94000 -128.50000 1.50000 -56.8956
19.96000 -49.48000 1.50000 -188.4910
-195.55000 -35.66000 1.50000 -103.8560
-250.94000 -128.50000 1.50000 -56.9990
19.96000 -49.48000 1.50000 -188.5051
-195.55000 -35.66000 1.50000 -103.9004
-250.94000 -128.50000 1.50000 -57.1012
19.96000 -49.48000 1.50000 -188.5193
-195.55000 -35.66000 1.50000 -103.9445
-250.94000 -128.50000 1.50000 -57.2021
19.96000 -49.48000 1.50000 -188.4959
-195.55000 -35.66000 1.50000 -103.9308
-250.94000 -128.50000 1.50000 -57.2015
19.96000 -49.48000 1.50000 -188.4817
-195.55000 -35.66000 1.50000 -103.8865
-250.94000 -128.50000 1.50000 -57.1005
19.96000 -49.48000 1.50000 -188.4675
-195.55000 -35.66000 1.50000 -103.8419
-250.94000 -128.50000 1.50000 -56.9983
19.96000 -49.48000 1.50000 -188.4533
-195.55000 -35.66000 1.50000 -103.7972
-250.94000 -128.50000 1.50000 -56.8949
19.96000 -49.48000 1.50000 -188.4392
-195.55000 -35.66000 1.50000 -103.7523
-250.94000 -128.50000 1.50000 -56.7903
19.96000 -49.48000 1.50000 -188.4251
-195.55000 -35.66000 1.50000 -103.7072
-250.94000 -128.50000 1.50000 -56.6844
19.96000 -49.48000 1.50000 -148.4111
-195.55000 -35.66000 1.50000 -143.6618
-250.94000 -128.50000 1.50000 -56.5772
19.96000 -49.48000 1.50000 -148.3971
-195.55000 -35.66000 1.50000 -143.6162
-250.94000 -128.50000 1.50000 -56.4686
19.96000 -49.48000 1.50000 -148.3831
-195.55000 -35.66000 1.50000 -143.5705
-250.94000 -128.50000 1.50000 -56.3587
19.96000 -49.48000 1.50000 -148.3692
-195.55000 -35.66000 1.50000 -143.5245
-250.94000 -128.50000 1.50000 -56.2473
19.96000 -49.48000 1.50000 -148.3554
-195.55000 -35.66000 1.50000 -143.4783
-250.94000 -128.50000 1.50000 -56.1346
19.96000 -49.48000 1.50000 -148.3416
-195.55000 -35.66000 1.50000 -143.4318
-250.94000 -128.50000 1.50000 -56.0203
19.96000 -49.48000 1.50000 -148.3278
-195.55000 -35.66000 1.50000 -143.3852
-250.94000 -128.50000 1.50000 -55.9045
19.96000 -49.48000 1.50000 -148.3141
-195.55000 -35.66000 1.50000 -143.3383
-250.94000 -128.50000 1.50000 -55.7871
19.96000 -49.48000 1.50000 -148.3004
-195.55000 -35.66000 1.50000 -143.2912
-250.94000 -128.50000 1.50000 -55.6682
19.96000 -49.48000 1.50000 -148.2868
-195.55000 -35.66000 1.50000 -143.2439
-250.94000 -128.50000 1.50000 -55.5476
19.96000 -49.48000 1.50000 -148.2732
-195.55000 -35.66000 1.50000 -143.1963
-250.94000 -128.50000 1.50000 -55.4252
19.96000 -49.48000 1.50000 -148.2596
-195.55000 -35.66000 1.50000 -143.1485
-250.94000 -128.50000 1.50000 -55.3012
19.96000 -49.48000 1.50000 -148.2462
-195.55000 -35.66000 1.50000 -143.1004
-250.94000 -128.50000 1.50000 -55.1753
19.96000 -49.48000 1.50000 -148.2327
-195.55000 -35.66000 1.50000 -143.0522
-250.94000 -128.50000 1.50000 -55.0476
19.96000 -49.48000 1.50000 -148.2193
-195.55000 -35.66000 1.50000 -143.0037
-250.94000 -128.50000 1.50000 -54.9180
19.96000 -49.48000 1.50000 -148.2060
-195.55000 -35.66000 1.50000 -142.9549
-250.94000 -128.50000 1.50000 -54.7864
19.96000 -49.48000 1.50000 -148.1927
-195.55000 -35.66000 1.50000 -142.9060
-250.94000 -128.50000 1.50000 -54.6528
19.96000 -49.48000 1.50000 -148.1795
-195.55000 -35.66000 1.50000 -142.8567
-250.94000 -128.50000 1.50000 -54.5171
19.96000 -49.48000 1.50000 -148.1663
-195.55000 -35.66000 1.50000 -142.8073
-250.94000 -128.50000 1.50000 -54.3793
19.96000 -49.48000 1.50000 -188.1532
-195.55000 -35.66000 1.50000 -142.7576
-250.94000 -128.50000 1.50000 -54.2392
19.96000 -49.48000 1.50000 -188.1401
-195.55000 -35.66000 1.50000 -142.7076
-250.94000 -128.50000 1.50000 -54.0969
19.96000 -49.48000 1.50000 -188.1271
-195.55000 -35.66000 1.50000 -102.6574
-250.94000 -128.50000 1.50000 -53.9522
19.96000 -49.48000 1.50000 -148.1141
-195.55000 -35.66000 1.50000 -102.6069
-250.94000 -128.50000 1.50000 -53.8050
19.96000 -49.48000 1.50000 -148.1012
-195.55000 -35.66000 1.50000 -102.5562
-250.94000 -128.50000 1.50000 -53.6553
19.96000 -49.48000 1.50000 -148.0883
-195.55000 -35.66000 1.50000 -102.5052
-250.94000 -128.50000 1.50000 -53.5029
19.96000 -49.48000 1.50000 -148.0756
-195.55000 -35.66000 1.50000 -102.4539
-250.94000 -128.50000 1.50000 -53.3479
19.96000 -49.48000 1.50000 -148.0628
-195.55000 -35.66000 1.50000 -102.4024
-250.94000 -128.50000 1.50000 -53.1900
19.96000 -49.48000 1.50000 -188.0501
-195.55000 -35.66000 1.50000 -102.3507
-250.94000 -128.50000 1.50000 -53.0292
19.96000 -49.48000 1.50000 -108.0375
-195.55000 -35.66000 1.50000 -102.2986
-250.94000 -128.50000 1.50000 -52.8654
19.96000 -49.48000 1.50000 -148.0115
-195.55000 -35.66000 1.50000 -102.2789
-250.94000 -128.50000 1.50000 -52.8667
19.96000 -49.48000 1.50000 -148.0242
-195.55000 -35.66000 1.50000 -102.3311
-250.94000 -128.50000 1.50000 -53.0305
19.96000 -49.48000 1.50000 -148.0370
-195.55000 -35.66000 1.50000 -102.3831
-250.94000 -128.50000 1.50000 -53.1913
19.96000 -49.48000 1.50000 -148.0498
-195.55000 -35.66000 1.50000 -102.4349
-250.94000 -128.50000 1.50000 -53.3491
19.96000 -49.48000 1.50000 -148.0627
-195.55000 -35.66000 1.50000 -102.4863
-250.94000 -128.50000 1.50000 -53.5041
19.96000 -49.48000 1.50000 -148.0756
-195.55000 -35.66000 1.50000 -102.5375
-250.94000 -128.50000 1.50000 -53.6564
19.96000 -49.48000 1.50000 -148.0886
-195.55000 -35.66000 1.50000 -142.5885
-250.94000 -128.50000 1.50000 -53.8061
19.96000 -49.48000 1.50000 -188.1016
-195.55000 -35.66000 1.50000 -142.6392
-250.94000 -128.50000 1.50000 -53.9532
19.96000 -49.48000 1.50000 -188.1147
-195.55000 -35.66000 1.50000 -142.6896
-250.94000 -128.50000 1.50000 -54.0979
19.96000 -49.48000 1.50000 -188.1279
-195.55000 -35.66000 1.50000 -142.7398
-250.94000 -128.50000 1.50000 -54.2402
19.96000 -49.48000 1.50000 -148.1411
-195.55000 -35.66000 1.50000 -142.7897
-250.94000 -128.50000 1.50000 -54.3803
19.96000 -49.48000 1.50000 -148.1543
-195.55000 -35.66000 1.50000 -142.8394
-250.94000 -128.50000 1.50000 -54.5181
19.96000 -49.48000 1.50000 -148.1676
-195.55000 -35.66000 1.50000 -142.8888
-250.94000 -128.50000 1.50000 -54.6537
19.96000 -49.48000 1.50000 -148.1810
-195.55000 -35.66000 1.50000 -142.9380
-250.94000 -128.50000 1.50000 -54.7873
19.96000 -49.48000 1.50000 -148.1944
-195.55000 -35.66000 1.50000 -142.9869
-250.94000 -128.50000 1.50000 -54.9189
19.96000 -49.48000 1.50000 -148.2079
-195.55000 -35.66000 1.50000 -143.0356
-250.94000 -128.50000 1.50000 -55.0485
19.96000 -49.48000 1.50000 -148.2214
-195.55000 -35.66000 1.50000 -143.0840
-250.94000 -128.50000 1.50000 -55.1761
19.96000 -49.48000 1.50000 -148.2350
-195.55000 -35.66000 1.50000 -143.1322
-250.94000 -128.50000 1.50000 -55.3020
19.96000 -49.48000 1.50000 -148.2486
-195.55000 -35.66000 1.50000 -143.1802
-250.94000 -128.50000 1.50000 -55.4260
19.96000 -49.48000 1.50000 -148.2622
-195.55000 -35.66000 1.50000 -143.2280
-250.94000 -128.50000 1.50000 -55.5483
19.96000 -49.48000 1.50000 -148.2760
-195.55000 -35.66000 1.50000 -143.2755
-250.94000 -128.50000 1.50000 -55.6689
19.96000 -49.48000 1.50000 -148.2897
-195.55000 -35.66000 1.50000 -143.3227
-250.94000 -128.50000 1.50000 -55.7878
19.96000 -49.48000 1.50000 -148.3035
-195.55000 -35.66000 1.50000 -143.3698
-250.94000 -128.50000 1.50000 -55.9052
19.96000 -49.48000 1.50000 -148.3174
-195.55000 -35.66000 1.50000 -143.4166
-250.94000 -128.50000 1.50000 -56.0210
19.96000 -49.48000 1.50000 -148.3313
-195.55000 -35.66000 1.50000 -143.4632
-250.94000 -128.50000 1.50000 -56.1352
19.96000 -49.48000 1.50000 -148.3452
-195.55000 -35.66000 1.50000 -143.5096
-250.94000 -128.50000 1.50000 -56.2480
19.96000 -49.48000 1.50000 -148.3592
-195.55000 -35.66000 1.50000 -103.5557
-250.94000 -128.50000 1.50000 -56.3593
19.96000 -49.48000 1.50000 -148.3732
-195.55000 -35.66000 1.50000 -103.6017
-250.94000 -128.50000 1.50000 -56.4692
19.96000 -49.48000 1.50000 -188.3873
-195.55000 -35.66000 1.50000 -103.6474
-250.94000 -128.50000 1.50000 -56.5778
19.96000 -49.48000 1.50000 -188.4014
-195.55000 -35.66000 1.50000 -103.6929
-250.94000 -128.50000 1.50000 -56.6850
19.96000 -49.48000 1.50000 -188.4155
-195.55000 -35.66000 1.50000 -103.7382
-250.94000 -128.50000 1.50000 -56.7909
19.96000 -49.48000 1.50000 -188.4297
-195.55000 -35.66000 1.50000 -103.7832
-250.94000 -128.50000 1.50000 -56.8955
19.96000 -49.48000 1.50000 -188.4440
-195.55000 -35.66000 1.50000 -103.8281
-250.94000 -128.50000 1.50000 -56.9989
19.96000 -49.48000 1.50000 -188.4583
-195.55000 -35.66000 1.50000 -103.8728
-250.94000 -128.50000 1.50000 -57.1010
19.96000 -49.48000 1.50000 -188.4726
-195.55000 -35.66000 1.50000 -103.9172
-250.94000 -128.50000 1.50000 -57.2020
19.96000 -49.48000 1.50000 -188.4869
-195.55000 -35.66000 1.50000 -143.9614
-250.94000 -128.50000 1.50000 -57.3018
19.96000 -49.48000 1.50000 -188.5013
-195.55000 -35.66000 1.50000 -144.0055
-250.94000 -128.50000 1.50000 -57.4005
19.96000 -49.48000 1.50000 -188.5157
-195.55000 -35.66000 1.50000 -144.0493
-250.94000 -128.50000 1.50000 -57.4981
19.96000 -49.48000 1.50000 -188.4926
-195.55000 -35.66000 1.50000 -144.0363
-250.94000 -128.50000 1.50000 -57.4996
19.96000 -49.48000 1.50000 -188.4781
-195.55000 -35.66000 1.50000 -143.9924
-250.94000 -128.50000 1.50000 -57.4021
19.96000 -49.48000 1.50000 -188.4636
-195.55000 -35.66000 1.50000 -143.9482
-250.94000 -128.50000 1.50000 -57.3035
19.96000 -49.48000 1.50000 -188.4492
-195.55000 -35.66000 1.50000 -143.9038
-250.94000 -128.50000 1.50000 -57.2037
19.96000 -49.48000 1.50000 -188.4348
-195.55000 -35.66000 1.50000 -143.8593
-250.94000 -128.50000 1.50000 -57.1027
19.96000 -49.48000 1.50000 -188.4204
-195.55000 -35.66000 1.50000 -143.8145
-250.94000 -128.50000 1.50000 -57.0006
19.96000 -49.48000 1.50000 -188.4061
-195.55000 -35.66000 1.50000 -103.7695
-250.94000 -128.50000 1.50000 -56.8973
19.96000 -49.48000 1.50000 -188.3918
-195.55000 -35.66000 1.50000 -103.7242
-250.94000 -128.50000 1.50000 -56.7927
19.96000 -49.48000 1.50000 -188.3776
-195.55000 -35.66000 1.50000 -103.6788
-250.94000 -128.50000 1.50000 -56.6869
19.96000 -49.48000 1.50000 -188.3634
-195.55000 -35.66000 1.50000 -103.6332
-250.94000 -128.50000 1.50000 -56.5797
19.96000 -49.48000 1.50000 -188.3493
-195.55000 -35.66000 1.50000 -103.5873
-250.94000 -128.50000 1.50000 -56.4712
19.96000 -49.48000 1.50000 -148.3351
-195.55000 -35.66000 1.50000 -103.5412
-250.94000 -128.50000 1.50000 -56.3613
19.96000 -49.48000 1.50000 -148.3211
-195.55000 -35.66000 1.50000 -103.4949
-250.94000 -128.50000 1.50000 -56.2501
19.96000 -49.48000 1.50000 -148.3071
-195.55000 -35.66000 1.50000 -103.4484
-250.94000 -128.50000 1.50000 -56.1374
19.96000 -49.48000 1.50000 -148.2931
-195.55000 -35.66000 1.50000 -103.4016
-250.94000 -128.50000 1.50000 -56.0232
19.96000 -49.48000 1.50000 -148.2792
-195.55000 -35.66000 1.50000 -103.3546
-250.94000 -128.50000 1.50000 -55.9074
19.96000 -49.48000 1.50000 -148.2653
-195.55000 -35.66000 1.50000 -143.3074
-250.94000 -128.50000 1.50000 -55.7902
19.96000 -49.48000 1.50000 -148.2515
-195.55000 -35.66000 1.50000 -143.2600
-250.94000 -128.50000 1.50000 -55.6713
19.96000 -49.48000 1.50000 -148.2377
-195.55000 -35.66000 1.50000 -143.2123
-250.94000 -128.50000 1.50000 -55.5508
19.96000 -49.48000 1.50000 -148.2239
-195.55000 -35.66000 1.50000 -143.1644
-250.94000 -128.50000 1.50000 -55.4285
19.96000 -49.48000 1.50000 -148.2103
-195.55000 -35.66000 1.50000 -143.1162
-250.94000 -128.50000 1.50000 -55.3046
19.96000 -49.48000 1.50000 -148.1966
-195.55000 -35.66000 1.50000 -143.0678
-250.94000 -128.50000 1.50000 -55.1788
19.96000 -49.48000 1.50000 -148.1830
-195.55000 -35.66000 1.50000 -143.0192
-250.94000 -128.50000 1.50000 -55.0512
19.96000 -49.48000 1.50000 -148.1695
-195.55000 -35.66000 1.50000 -142.9703
-250.94000 -128.50000 1.50000 -54.9217
19.96000 -49.48000 1.50000 -148.1560
-195.55000 -35.66000 1.50000 -142.9212
-250.94000 -128.50000 1.50000 -54.7902
19.96000 -49.48000 1.50000 -148.1425
-195.55000 -35.66000 1.50000 -142.8718
-250.94000 -128.50000 1.50000 -54.6568
19.96000 -49.48000 1.50000 -148.1292
-195.55000 -35.66000 1.50000 -142.8222
-250.94000 -128.50000 1.50000 -54.5212
19.96000 -49.48000 1.50000 -148.1039
-195.55000 -35.66000 1.50000 -142.8053
-250.94000 -128.50000 1.50000 -54.5264
19.96000 -49.48000 1.50000 -148.1174
-195.55000 -35.66000 1.50000 -142.8552
-250.94000 -128.50000 1.50000 -54.6618
19.96000 -49.48000 1.50000 -148.1309
-195.55000 -35.66000 1.50000 -142.9047
-250.94000 -128.50000 1.50000 -54.7952
19.96000 -49.48000 1.50000 -148.1445
-195.55000 -35.66000 1.50000 -142.9540
-250.94000 -128.50000 1.50000 -54.9265
19.96000 -49.48000 1.50000 -148.1581
-195.55000 -35.66000 1.50000 -143.0031
-250.94000 -128.50000 1.50000 -55.0558
19.96000 -49.48000 1.50000 -148.1718
-195.55000 -35.66000 1.50000 -143.0519
-250.94000 -128.50000 1.50000 -55.1833
19.96000 -49.48000 1.50000 -148.1855
-195.55000 -35.66000 1.50000 -143.1004
-250.94000 -128.50000 1.50000 -55.3089
19.96000 -49.48000 1.50000 -148.1992
-195.55000 -35.66000 1.50000 -143.1488
-250.94000 -128.50000 1.50000 -55.4328
19.96000 -49.48000 1.50000 -148.2131
-195.55000 -35.66000 1.50000 -103.1969
-250.94000 -128.50000 1.50000 -55.5549
19.96000 -49.48000 1.50000 -148.2269
-195.55000 -35.66000 1.50000 -103.2447
-250.94000 -128.50000 1.50000 -55.6753
19.96000 -49.48000 1.50000 -148.2408
-195.55000 -35.66000 1.50000 -103.2923
-250.94000 -128.50000 1.50000 -55.7941
19.96000 -49.48000 1.50000 -148.2548
-195.55000 -35.66000 1.50000 -103.3397
-250.94000 -128.50000 1.50000 -55.9113
19.96000 -49.48000 1.50000 -148.2688
-195.55000 -35.66000 1.50000 -103.3868
-250.94000 -128.50000 1.50000 -56.0269
19.96000 -49.48000 1.50000 -148.2829
-195.55000 -35.66000 1.50000 -103.4338
-250.94000 -128.50000 1.50000 -56.1410
19.96000 -49.48000 1.50000 -148.2969
-195.55000 -35.66000 1.50000 -103.4804
-250.94000 -128.50000 1.50000 -56.2536
19.96000 -49.48000 1.50000 -148.3111
-195.55000 -35.66000 1.50000 -103.5269
-250.94000 -128.50000 1.50000 -56.3648
19.96000 -49.48000 1.50000 -188.3253
-195.55000 -35.66000 1.50000 -103.5732
-250.94000 -128.50000 1.50000 -56.4745
19.96000 -49.48000 1.50000 -188.3395
-195.55000 -35.66000 1.50000 -143.6192
-250.94000 -128.50000 1.50000 -56.5830
19.96000 -49.48000 1.50000 -188.3538
-195.55000 -35.66000 1.50000 -143.6650
-250.94000 -128.50000 1.50000 -56.6900
19.96000 -49.48000 1.50000 -188.3681
-195.55000 -35.66000 1.50000 -143.7105
-250.94000 -128.50000 1.50000 -56.7958
19.96000 -49.48000 1.50000 -188.3824
-195.55000 -35.66000 1.50000 -143.7559
-250.94000 -128.50000 1.50000 -56.9003
19.96000 -49.48000 1.50000 -188.3968
-195.55000 -35.66000 1.50000 -143.8010
-250.94000 -128.50000 1.50000 -57.0036
19.96000 -49.48000 1.50000 -188.4113
-195.55000 -35.66000 1.50000 -143.8460
-250.94000 -128.50000 1.50000 -57.1056
19.96000 -49.48000 1.50000 -188.4257
-195.55000 -35.66000 1.50000 -143.8907
-250.94000 -128.50000 1.50000 -57.2065
19.96000 -49.48000 1.50000 -188.4402
-195.55000 -35.66000 1.50000 -143.9352
-250.94000 -128.50000 1.50000 -57.3062
19.96000 -49.48000 1.50000 -188.4548
-195.55000 -35.66000 1.50000 -143.9795
-250.94000 -128.50000 1.50000 -57.4048
19.96000 -49.48000 1.50000 -188.4315
-195.55000 -35.66000 1.50000 -143.9668
-250.94000 -128.50000 1.50000 -57.4086
19.96000 -49.48000 1.50000 -188.4168
-195.55000 -35.66000 1.50000 -143.9224
-250.94000 -128.50000 1.50000 -57.3101
19.96000 -49.48000 1.50000 -188.4022
-195.55000 -35.66000 1.50000 -143.8777
-250.94000 -128.50000 1.50000 -57.2105
19.96000 -49.48000 1.50000 -188.3877
-195.55000 -35.66000 1.50000 -143.8329
-250.94000 -128.50000 1.50000 -57.1097
19.96000 -49.48000 1.50000 -188.3732
-195.55000 -35.66000 1.50000 -143.7878
-250.94000 -128.50000 1.50000 -57.0078
19.96000 -49.48000 1.50000 -188.3587
-195.55000 -35.66000 1.50000 -143.7425
-250.94000 -128.50000 1.50000 -56.9046
19.96000 -49.48000 1.50000 -188.3443
-195.55000 -35.66000 1.50000 -143.6970
-250.94000 -128.50000 1.50000 -56.8002
19.96000 -49.48000 1.50000 -188.3299
-195.55000 -35.66000 1.50000 -143.6513
-250.94000 -128.50000 1.50000 -56.6945
19.96000 -49.48000 1.50000 -188.3155
-195.55000 -35.66000 1.50000 -143.6054
-250.94000 -128.50000 1.50000 -56.5876
19.96000 -49.48000 1.50000 -188.3012
-195.55000 -35.66000 1.50000 -143.5592
-250.94000 -128.50000 1.50000 -56.4793
19.96000 -49.48000 1.50000 -188.2870
-195.55000 -35.66000 1.50000 -143.5128
-250.94000 -128.50000 1.50000 -56.3696
19.96000 -49.48000 1.50000 -148.2728
-195.55000 -35.66000 1.50000 -143.4662
-250.94000 -128.50000 1.50000 -56.2586
19.96000 -49.48000 1.50000 -148.2586
-195.55000 -35.66000 1.50000 -103.4194
-250.94000 -128.50000 1.50000 -56.1461
19.96000 -49.48000 1.50000 -148.2444
-195.55000 -35.66000 1.50000 -103.3723
-250.94000 -128.50000 1.50000 -56.0321
19.96000 -49.48000 1.50000 -148.2304
-195.55000 -35.66000 1.50000 -103.3250
-250.94000 -128.50000 1.50000 -55.9166
19.96000 -49.48000 1.50000 -148.2059
-195.55000 -35.66000 1.50000 -143.3105
-250.94000 -128.50000 1.50000 -55.9235
19.96000 -49.48000 1.50000 -148.2201
-195.55000 -35.66000 1.50000 -143.3580
-250.94000 -128.50000 1.50000 -56.0388
19.96000 -49.48000 1.50000 -148.2343
-195.55000 -35.66000 1.50000 -143.4052
-250.94000 -128.50000 1.50000 -56.1526
19.96000 -49.48000 1.50000 -148.2485
-195.55000 -35.66000 1.50000 -143.4522
-250.94000 -128.50000 1.50000 -56.2650
19.96000 -49.48000 1.50000 -188.2628
-195.55000 -35.66000 1.50000 -143.4990
-250.94000 -128.50000 1.50000 -56.3758
19.96000 -49.48000 1.50000 -188.2772
-195.55000 -35.66000 1.50000 -143.5455
-250.94000 -128.50000 1.50000 -56.4854
19.96000 -49.48000 1.50000 -188.2915
-195.55000 -35.66000 1.50000 -143.5918
-250.94000 -128.50000 1.50000 -56.5935
19.96000 -49.48000 1.50000 -188.3060
-195.55000 -35.66000 1.50000 -143.6379
-250.94000 -128.50000 1.50000 -56.7003
19.96000 -49.48000 1.50000 -188.3204
-195.55000 -35.66000 1.50000 -143.6838
-250.94000 -128.50000 1.50000 -56.8058
19.96000 -49.48000 1.50000 -188.3349
-195.55000 -35.66000 1.50000 -143.7294
-250.94000 -128.50000 1.50000 -56.9101
19.96000 -49.48000 1.50000 -188.3495
-195.55000 -35.66000 1.50000 -143.7748
-250.94000 -128.50000 1.50000 -57.0131
19.96000 -49.48000 1.50000 -188.3641
-195.55000 -35.66000 1.50000 -143.8200
-250.94000 -128.50000 1.50000 -57.1150
19.96000 -49.48000 1.50000 -188.3787
-195.55000 -35.66000 1.50000 -143.8650
-250.94000 -128.50000 1.50000 -57.2156
19.96000 -49.48000 1.50000 -188.3934
-195.55000 -35.66000 1.50000 -103.9098
-250.94000 -128.50000 1.50000 -57.3151
19.96000 -49.48000 1.50000 -188.4081
-195.55000 -35.66000 1.50000 -103.9543
-250.94000 -128.50000 1.50000 -57.4135
19.96000 -49.48000 1.50000 -188.4229
-195.55000 -35.66000 1.50000 -103.9987
-250.94000 -128.50000 1.50000 -57.5108