19.96000 -49.48000 1.50000 -61.4546
-195.55000 -35.66000 1.50000 -60.9794
-250.94000 -128.50000 1.50000 -62.1516
19.96000 -49.48000 1.50000 -61.4884
-195.55000 -35.66000 1.50000 -61.0238
-250.94000 -128.50000 1.50000 -62.1512
19.96000 -49.48000 1.50000 -61.5394
-195.55000 -35.66000 1.50000 -60.9769
-250.94000 -128.50000 1.50000 -62.0943
19.96000 -49.48000 1.50000 -61.5901
-195.55000 -35.66000 1.50000 -60.9299
-250.94000 -128.50000 1.50000 -62.0369
19.96000 -49.48000 1.50000 -61.6407
-195.55000 -35.66000 1.50000 -60.8829
-250.94000 -128.50000 1.50000 -61.9792
19.96000 -49.48000 1.50000 -61.6912
-195.55000 -35.66000 1.50000 -60.8358
-250.94000 -128.50000 1.50000 -61.9211
19.96000 -49.48000 1.50000 -61.7237
-195.55000 -35.66000 1.50000 -60.8823
-250.94000 -128.50000 1.50000 -61.9211
19.96000 -49.48000 1.50000 -61.6736
-195.55000 -35.66000 1.50000 -60.9288
-250.94000 -128.50000 1.50000 -61.9792
19.96000 -49.48000 1.50000 -61.6234
-195.55000 -35.66000 1.50000 -60.9753
-250.94000 -128.50000 1.50000 -62.0369
19.96000 -49.48000 1.50000 -61.5730
-195.55000 -35.66000 1.50000 -61.0218
-250.94000 -128.50000 1.50000 -62.0943
19.96000 -49.48000 1.50000 -61.5225
-195.55000 -35.66000 1.50000 -61.0683
-250.94000 -128.50000 1.50000 -62.1512
19.96000 -49.48000 1.50000 -61.5567
-195.55000 -35.66000 1.50000 -61.1128
-250.94000 -128.50000 1.50000 -62.1516
19.96000 -49.48000 1.50000 -61.6068
-195.55000 -35.66000 1.50000 -61.0668
-250.94000 -128.50000 1.50000 -62.0946
19.96000 -49.48000 1.50000 -61.6568
-195.55000 -35.66000 1.50000 -61.0207
-250.94000 -128.50000 1.50000 -62.0373
19.96000 -49.48000 1.50000 -61.7067
-195.55000 -35.66000 1.50000 -60.9747
-250.94000 -128.50000 1.50000 -61.9796
19.96000 -49.48000 1.50000 -61.7563
-195.55000 -35.66000 1.50000 -60.9287
-250.94000 -128.50000 1.50000 -61.9214
19.96000 -49.48000 1.50000 -61.8059
-195.55000 -35.66000 1.50000 -60.8827
-250.94000 -128.50000 1.50000 -61.8629
19.96000 -49.48000 1.50000 -61.8552
-195.55000 -35.66000 1.50000 -60.8366
-250.94000 -128.50000 1.50000 -61.8040
19.96000 -49.48000 1.50000 -61.9044
-195.55000 -35.66000 1.50000 -60.7906
-250.94000 -128.50000 1.50000 -61.7447
19.96000 -49.48000 1.50000 -61.9534
-195.55000 -35.66000 1.50000 -60.7447
-250.94000 -128.50000 1.50000 -61.6850
19.96000 -49.48000 1.50000 -62.0023
-195.55000 -35.66000 1.50000 -60.6987
-250.94000 -128.50000 1.50000 -61.6249
19.96000 -49.48000 1.50000 -62.0510
-195.55000 -35.66000 1.50000 -60.6528
-250.94000 -128.50000 1.50000 -61.5644
19.96000 -49.48000 1.50000 -62.0817
-195.55000 -35.66000 1.50000 -60.7022
-250.94000 -128.50000 1.50000 -61.5652
19.96000 -49.48000 1.50000 -62.0333
-195.55000 -35.66000 1.50000 -60.7476
-250.94000 -128.50000 1.50000 -61.6257
19.96000 -49.48000 1.50000 -61.9848
-195.55000 -35.66000 1.50000 -60.7931
-250.94000 -128.50000 1.50000 -61.6859
19.96000 -49.48000 1.50000 -61.9361
-195.55000 -35.66000 1.50000 -60.8385
-250.94000 -128.50000 1.50000 -61.7456
19.96000 -49.48000 1.50000 -61.8873
-195.55000 -35.66000 1.50000 -60.8840
-250.94000 -128.50000 1.50000 -61.8048
19.96000 -49.48000 1.50000 -61.8383
-195.55000 -35.66000 1.50000 -60.9296
-250.94000 -128.50000 1.50000 -61.8637
19.96000 -49.48000 1.50000 -61.7892
-195.55000 -35.66000 1.50000 -60.9751
-250.94000 -128.50000 1.50000 -61.9222
19.96000 -49.48000 1.50000 -61.7399
-195.55000 -35.66000 1.50000 -61.0206
-250.94000 -128.50000 1.50000 -61.9803
19.96000 -49.48000 1.50000 -61.6904
-195.55000 -35.66000 1.50000 -61.0662
-250.94000 -128.50000 1.50000 -62.0381
19.96000 -49.48000 1.50000 -61.6408
-195.55000 -35.66000 1.50000 -61.1117
-250.94000 -128.50000 1.50000 -62.0954
19.96000 -49.48000 1.50000 -61.5910
-195.55000 -35.66000 1.50000 -61.1573
-250.94000 -128.50000 1.50000 -62.1524
19.96000 -49.48000 1.50000 -61.6256
-195.55000 -35.66000 1.50000 -61.2018
-250.94000 -128.50000 1.50000 -62.1535
19.96000 -49.48000 1.50000 -61.6749
-195.55000 -35.66000 1.50000 -61.1567
-250.94000 -128.50000 1.50000 -62.0965
19.96000 -49.48000 1.50000 -61.7241
-195.55000 -35.66000 1.50000 -61.1116
-250.94000 -128.50000 1.50000 -62.0392
19.96000 -49.48000 1.50000 -61.7732
-195.55000 -35.66000 1.50000 -61.0666
-250.94000 -128.50000 1.50000 -61.9815
19.96000 -49.48000 1.50000 -61.8221
-195.55000 -35.66000 1.50000 -61.0215
-250.94000 -128.50000 1.50000 -61.9234
19.96000 -49.48000 1.50000 -61.8709
-195.55000 -35.66000 1.50000 -60.9765
-250.94000 -128.50000 1.50000 -61.8649
19.96000 -49.48000 1.50000 -61.9195
-195.55000 -35.66000 1.50000 -60.9314
-250.94000 -128.50000 1.50000 -61.8061
19.96000 -49.48000 1.50000 -61.9680
-195.55000 -35.66000 1.50000 -60.8864
-250.94000 -128.50000 1.50000 -61.7468
19.96000 -49.48000 1.50000 -62.0163
-195.55000 -35.66000 1.50000 -60.8414
-250.94000 -128.50000 1.50000 -61.6871
19.96000 -49.48000 1.50000 -62.0645
-195.55000 -35.66000 1.50000 -60.7965
-250.94000 -128.50000 1.50000 -61.6270
19.96000 -49.48000 1.50000 -62.1125
-195.55000 -35.66000 1.50000 -60.7516
-250.94000 -128.50000 1.50000 -61.5665
19.96000 -49.48000 1.50000 -62.1604
-195.55000 -35.66000 1.50000 -60.7068
-250.94000 -128.50000 1.50000 -61.5055
19.96000 -49.48000 1.50000 -62.2081
-195.55000 -35.66000 1.50000 -60.6620
-250.94000 -128.50000 1.50000 -61.4442
19.96000 -49.48000 1.50000 -62.2556
-195.55000 -35.66000 1.50000 -60.6173
-250.94000 -128.50000 1.50000 -61.3824
19.96000 -49.48000 1.50000 -62.3030
-195.55000 -35.66000 1.50000 -60.5726
-250.94000 -128.50000 1.50000 -61.3201
19.96000 -49.48000 1.50000 -62.3503
-195.55000 -35.66000 1.50000 -60.5280
-250.94000 -128.50000 1.50000 -61.2574
19.96000 -49.48000 1.50000 -62.3974
-195.55000 -35.66000 1.50000 -60.4835
-250.94000 -128.50000 1.50000 -61.1943
19.96000 -49.48000 1.50000 -62.4264
-195.55000 -35.66000 1.50000 -60.5360
-250.94000 -128.50000 1.50000 -61.1961
19.96000 -49.48000 1.50000 -62.3796
-195.55000 -35.66000 1.50000 -60.5799
-250.94000 -128.50000 1.50000 -61.2592
19.96000 -49.48000 1.50000 -62.3327
-195.55000 -35.66000 1.50000 -60.6240
-250.94000 -128.50000 1.50000 -61.3219
19.96000 -49.48000 1.50000 -62.2856
-195.55000 -35.66000 1.50000 -60.6681
-250.94000 -128.50000 1.50000 -61.3841
19.96000 -49.48000 1.50000 -62.2384
-195.55000 -35.66000 1.50000 -60.7124
-250.94000 -128.50000 1.50000 -61.4459
19.96000 -49.48000 1.50000 -62.1910
-195.55000 -35.66000 1.50000 -60.7566
-250.94000 -128.50000 1.50000 -61.5073
19.96000 -49.48000 1.50000 -62.1435
-195.55000 -35.66000 1.50000 -60.8010
-250.94000 -128.50000 1.50000 -61.5682
19.96000 -49.48000 1.50000 -62.0958
-195.55000 -35.66000 1.50000 -60.8454
-250.94000 -128.50000 1.50000 -61.6287
19.96000 -49.48000 1.50000 -62.0480
-195.55000 -35.66000 1.50000 -60.8898
-250.94000 -128.50000 1.50000 -61.6887
19.96000 -49.48000 1.50000 -62.0001
-195.55000 -35.66000 1.50000 -60.9343
-250.94000 -128.50000 1.50000 -61.7484
19.96000 -49.48000 1.50000 -61.9519
-195.55000 -35.66000 1.50000 -60.9788
-250.94000 -128.50000 1.50000 -61.8077
19.96000 -49.48000 1.50000 -61.9037
-195.55000 -35.66000 1.50000 -61.0233
-250.94000 -128.50000 1.50000 -61.8665
19.96000 -49.48000 1.50000 -61.8553
-195.55000 -35.66000 1.50000 -61.0679
-250.94000 -128.50000 1.50000 -61.9250
19.96000 -49.48000 1.50000 -61.8067
-195.55000 -35.66000 1.50000 -61.1125
-250.94000 -128.50000 1.50000 -61.9830
19.96000 -49.48000 1.50000 -61.7580
-195.55000 -35.66000 1.50000 -61.1571
-250.94000 -128.50000 1.50000 -62.0407
19.96000 -49.48000 1.50000 -61.7092
-195.55000 -35.66000 1.50000 -61.2017
-250.94000 -128.50000 1.50000 -62.0980
19.96000 -49.48000 1.50000 -61.6602
-195.55000 -35.66000 1.50000 -61.2463
-250.94000 -128.50000 1.50000 -62.1550
19.96000 -49.48000 1.50000 -61.6111
-195.55000 -35.66000 1.50000 -61.2909
-250.94000 -128.50000 1.50000 -62.2115
19.96000 -49.48000 1.50000 -61.6463
-195.55000 -35.66000 1.50000 -61.3350
-250.94000 -128.50000 1.50000 -62.2133
19.96000 -49.48000 1.50000 -61.6950
-195.55000 -35.66000 1.50000 -61.2908
-250.94000 -128.50000 1.50000 -62.1568
19.96000 -49.48000 1.50000 -61.7436
-195.55000 -35.66000 1.50000 -61.2467
-250.94000 -128.50000 1.50000 -62.0999
19.96000 -49.48000 1.50000 -61.7920
-195.55000 -35.66000 1.50000 -61.2025
-250.94000 -128.50000 1.50000 -62.0426
19.96000 -49.48000 1.50000 -61.8404
-195.55000 -35.66000 1.50000 -61.1584
-250.94000 -128.50000 1.50000 -61.9850
19.96000 -49.48000 1.50000 -61.8885
-195.55000 -35.66000 1.50000 -61.1143
-250.94000 -128.50000 1.50000 -61.9269
19.96000 -49.48000 1.50000 -61.9366
-195.55000 -35.66000 1.50000 -61.0702
-250.94000 -128.50000 1.50000 -61.8685
19.96000 -49.48000 1.50000 -61.9845
-195.55000 -35.66000 1.50000 -61.0261
-250.94000 -128.50000 1.50000 -61.8097
19.96000 -49.48000 1.50000 -62.0322
-195.55000 -35.66000 1.50000 -60.9821
-250.94000 -128.50000 1.50000 -61.7504
19.96000 -49.48000 1.50000 -62.0799
-195.55000 -35.66000 1.50000 -60.9381
-250.94000 -128.50000 1.50000 -61.6908
19.96000 -49.48000 1.50000 -62.1273
-195.55000 -35.66000 1.50000 -60.8942
-250.94000 -128.50000 1.50000 -61.6308
19.96000 -49.48000 1.50000 -62.1747
-195.55000 -35.66000 1.50000 -60.8503
-250.94000 -128.50000 1.50000 -61.5703
19.96000 -49.48000 1.50000 -62.2218
-195.55000 -35.66000 1.50000 -60.8064
-250.94000 -128.50000 1.50000 -61.5094
19.96000 -49.48000 1.50000 -62.2689
-195.55000 -35.66000 1.50000 -60.7627
-250.94000 -128.50000 1.50000 -61.4481
19.96000 -49.48000 1.50000 -62.3158
-195.55000 -35.66000 1.50000 -60.7190
-250.94000 -128.50000 1.50000 -61.3863
19.96000 -49.48000 1.50000 -62.3625
-195.55000 -35.66000 1.50000 -60.6753
-250.94000 -128.50000 1.50000 -61.3242
19.96000 -49.48000 1.50000 -62.4091
-195.55000 -35.66000 1.50000 -60.6318
-250.94000 -128.50000 1.50000 -61.2615
19.96000 -49.48000 1.50000 -62.4556
-195.55000 -35.66000 1.50000 -60.5884
-250.94000 -128.50000 1.50000 -61.1984
19.96000 -49.48000 1.50000 -62.4849
-195.55000 -35.66000 1.50000 -60.6406
-250.94000 -128.50000 1.50000 -61.2012
19.96000 -49.48000 1.50000 -62.4388
-195.55000 -35.66000 1.50000 -60.6836
-250.94000 -128.50000 1.50000 -61.2643
19.96000 -49.48000 1.50000 -62.3925
-195.55000 -35.66000 1.50000 -60.7266
-250.94000 -128.50000 1.50000 -61.3269
19.96000 -49.48000 1.50000 -62.3461
-195.55000 -35.66000 1.50000 -60.7697
-250.94000 -128.50000 1.50000 -61.3890
19.96000 -49.48000 1.50000 -62.2995
-195.55000 -35.66000 1.50000 -60.8129
-250.94000 -128.50000 1.50000 -61.4507
19.96000 -49.48000 1.50000 -62.2528
-195.55000 -35.66000 1.50000 -60.8562
-250.94000 -128.50000 1.50000 -61.5120
19.96000 -49.48000 1.50000 -62.2059
-195.55000 -35.66000 1.50000 -60.8995
-250.94000 -128.50000 1.50000 -61.5728
19.96000 -49.48000 1.50000 -62.1590
-195.55000 -35.66000 1.50000 -60.9429
-250.94000 -128.50000 1.50000 -61.6333
19.96000 -49.48000 1.50000 -62.1118
-195.55000 -35.66000 1.50000 -60.9864
-250.94000 -128.50000 1.50000 -61.6933
19.96000 -49.48000 1.50000 -62.0646
-195.55000 -35.66000 1.50000 -61.0299
-250.94000 -128.50000 1.50000 -61.7529
19.96000 -49.48000 1.50000 -62.0172
-195.55000 -35.66000 1.50000 -61.0734
-250.94000 -128.50000 1.50000 -61.8121
19.96000 -49.48000 1.50000 -61.9696
-195.55000 -35.66000 1.50000 -61.1170
-250.94000 -128.50000 1.50000 -61.8709
19.96000 -49.48000 1.50000 -61.9219
-195.55000 -35.66000 1.50000 -61.1606
-250.94000 -128.50000 1.50000 -61.9293
19.96000 -49.48000 1.50000 -61.8741
-195.55000 -35.66000 1.50000 -61.2043
-250.94000 -128.50000 1.50000 -61.9873
19.96000 -49.48000 1.50000 -61.8262
-195.55000 -35.66000 1.50000 -61.2479
-250.94000 -128.50000 1.50000 -62.0449
19.96000 -49.48000 1.50000 -61.7781
-195.55000 -35.66000 1.50000 -61.2916
-250.94000 -128.50000 1.50000 -62.1022
19.96000 -49.48000 1.50000 -61.7299
-195.55000 -35.66000 1.50000 -61.3353
-250.94000 -128.50000 1.50000 -62.1590
19.96000 -49.48000 1.50000 -61.6816
-195.55000 -35.66000 1.50000 -61.3791
-250.94000 -128.50000 1.50000 -62.2155
19.96000 -49.48000 1.50000 -61.7170
-195.55000 -35.66000 1.50000 -61.4231
-250.94000 -128.50000 1.50000 -62.2181
19.96000 -49.48000 1.50000 -61.7650
-195.55000 -35.66000 1.50000 -61.3799
-250.94000 -128.50000 1.50000 -62.1616
19.96000 -49.48000 1.50000 -61.8128
-195.55000 -35.66000 1.50000 -61.3366
-250.94000 -128.50000 1.50000 -62.1048
19.96000 -49.48000 1.50000 -61.8605
-195.55000 -35.66000 1.50000 -61.2934
-250.94000 -128.50000 1.50000 -62.0476
19.96000 -49.48000 1.50000 -61.9081
-195.55000 -35.66000 1.50000 -61.2501
-250.94000 -128.50000 1.50000 -61.9900
19.96000 -49.48000 1.50000 -61.9555
-195.55000 -35.66000 1.50000 -61.2069
-250.94000 -128.50000 1.50000 -61.9320
19.96000 -49.48000 1.50000 -62.0028
-195.55000 -35.66000 1.50000 -61.1638
-250.94000 -128.50000 1.50000 -61.8736
19.96000 -49.48000 1.50000 -62.0500
-195.55000 -35.66000 1.50000 -61.1207
-250.94000 -128.50000 1.50000 -61.8149
19.96000 -49.48000 1.50000 -62.0970
-195.55000 -35.66000 1.50000 -61.0776
-250.94000 -128.50000 1.50000 -61.7557
19.96000 -49.48000 1.50000 -62.1439
-195.55000 -35.66000 1.50000 -61.0346
-250.94000 -128.50000 1.50000 -61.6962
19.96000 -49.48000 1.50000 -62.1907
-195.55000 -35.66000 1.50000 -60.9916
-250.94000 -128.50000 1.50000 -61.6362
19.96000 -49.48000 1.50000 -62.2374
-195.55000 -35.66000 1.50000 -60.9487
-250.94000 -128.50000 1.50000 -61.5758
19.96000 -49.48000 1.50000 -62.2839
-195.55000 -35.66000 1.50000 -60.9058
-250.94000 -128.50000 1.50000 -61.5150
19.96000 -49.48000 1.50000 -62.3303
-195.55000 -35.66000 1.50000 -60.8631
-250.94000 -128.50000 1.50000 -61.4538
19.96000 -49.48000 1.50000 -62.3765
-195.55000 -35.66000 1.50000 -60.8204
-250.94000 -128.50000 1.50000 -61.3921
19.96000 -49.48000 1.50000 -62.4226
-195.55000 -35.66000 1.50000 -60.7778
-250.94000 -128.50000 1.50000 -61.3300
19.96000 -49.48000 1.50000 -62.4686
-195.55000 -35.66000 1.50000 -60.7352
-250.94000 -128.50000 1.50000 -61.2674
19.96000 -49.48000 1.50000 -62.4985
-195.55000 -35.66000 1.50000 -60.7868
-250.94000 -128.50000 1.50000 -61.2711
19.96000 -49.48000 1.50000 -62.4529
-195.55000 -35.66000 1.50000 -60.8288
-250.94000 -128.50000 1.50000 -61.3336
19.96000 -49.48000 1.50000 -62.4071
-195.55000 -35.66000 1.50000 -60.8709
-250.94000 -128.50000 1.50000 -61.3956
19.96000 -49.48000 1.50000 -62.3612
-195.55000 -35.66000 1.50000 -60.9131
-250.94000 -128.50000 1.50000 -61.4573
19.96000 -49.48000 1.50000 -62.3151
-195.55000 -35.66000 1.50000 -60.9554
-250.94000 -128.50000 1.50000 -61.5184
19.96000 -49.48000 1.50000 -62.2689
-195.55000 -35.66000 1.50000 -60.9978
-250.94000 -128.50000 1.50000 -61.5792
19.96000 -49.48000 1.50000 -62.2226
-195.55000 -35.66000 1.50000 -61.0402
-250.94000 -128.50000 1.50000 -61.6395
19.96000 -49.48000 1.50000 -62.1762
-195.55000 -35.66000 1.50000 -61.0827
-250.94000 -128.50000 1.50000 -61.6995
19.96000 -49.48000 1.50000 -62.1296
-195.55000 -35.66000 1.50000 -61.1253
-250.94000 -128.50000 1.50000 -61.7590
19.96000 -49.48000 1.50000 -62.0829
-195.55000 -35.66000 1.50000 -61.1679
-250.94000 -128.50000 1.50000 -61.8181
19.96000 -49.48000 1.50000 -62.0361
-195.55000 -35.66000 1.50000 -61.2105
-250.94000 -128.50000 1.50000 -61.8768
19.96000 -49.48000 1.50000 -61.9892
-195.55000 -35.66000 1.50000 -61.2532
-250.94000 -128.50000 1.50000 -61.9351
19.96000 -49.48000 1.50000 -61.9421
-195.55000 -35.66000 1.50000 -61.2960
-250.94000 -128.50000 1.50000 -61.9931
19.96000 -49.48000 1.50000 -61.8949
-195.55000 -35.66000 1.50000 -61.3387
-250.94000 -128.50000 1.50000 -62.0506
19.96000 -49.48000 1.50000 -61.8476
-195.55000 -35.66000 1.50000 -61.3815
-250.94000 -128.50000 1.50000 -62.1078
19.96000 -49.48000 1.50000 -61.8002
-195.55000 -35.66000 1.50000 -61.4243
-250.94000 -128.50000 1.50000 -62.1646
19.96000 -49.48000 1.50000 -61.7526
-195.55000 -35.66000 1.50000 -61.4672
-250.94000 -128.50000 1.50000 -62.2210
19.96000 -49.48000 1.50000 -61.7049
-195.55000 -35.66000 1.50000 -61.5100
-250.94000 -128.50000 1.50000 -62.2771
19.96000 -49.48000 1.50000 -61.7410
-195.55000 -35.66000 1.50000 -61.5536
-250.94000 -128.50000 1.50000 -62.2803
19.96000 -49.48000 1.50000 -61.7883
-195.55000 -35.66000 1.50000 -61.5112
-250.94000 -128.50000 1.50000 -62.2243
19.96000 -49.48000 1.50000 -61.8354
-195.55000 -35.66000 1.50000 -61.4688
-250.94000 -128.50000 1.50000 -62.1679
19.96000 -49.48000 1.50000 -61.8825
-195.55000 -35.66000 1.50000 -61.4264
-250.94000 -128.50000 1.50000 -62.1112
19.96000 -49.48000 1.50000 -61.9294
-195.55000 -35.66000 1.50000 -61.3841
-250.94000 -128.50000 1.50000 -62.0540
19.96000 -49.48000 1.50000 -61.9762
-195.55000 -35.66000 1.50000 -61.3418
-250.94000 -128.50000 1.50000 -61.9965
19.96000 -49.48000 1.50000 -62.0230
-195.55000 -35.66000 1.50000 -61.2995
-250.94000 -128.50000 1.50000 -61.9386
19.96000 -49.48000 1.50000 -62.0695
-195.55000 -35.66000 1.50000 -61.2572
-250.94000 -128.50000 1.50000 -61.8804
19.96000 -49.48000 1.50000 -62.1160
-195.55000 -35.66000 1.50000 -61.2151
-250.94000 -128.50000 1.50000 -61.8217
19.96000 -49.48000 1.50000 -62.1623
-195.55000 -35.66000 1.50000 -61.1729
-250.94000 -128.50000 1.50000 -61.7626
19.96000 -49.48000 1.50000 -62.2086
-195.55000 -35.66000 1.50000 -61.1308
-250.94000 -128.50000 1.50000 -61.7032
19.96000 -49.48000 1.50000 -62.2547
-195.55000 -35.66000 1.50000 -61.0888
-250.94000 -128.50000 1.50000 -61.6433
19.96000 -49.48000 1.50000 -62.3006
-195.55000 -35.66000 1.50000 -61.0468
-250.94000 -128.50000 1.50000 -61.5830
19.96000 -49.48000 1.50000 -62.3465
-195.55000 -35.66000 1.50000 -61.0050
-250.94000 -128.50000 1.50000 -61.5223
19.96000 -49.48000 1.50000 -62.3922
-195.55000 -35.66000 1.50000 -60.9632
-250.94000 -128.50000 1.50000 -61.4612
19.96000 -49.48000 1.50000 -62.4378
-195.55000 -35.66000 1.50000 -60.9214
-250.94000 -128.50000 1.50000 -61.3996
19.96000 -49.48000 1.50000 -62.4832
-195.55000 -35.66000 1.50000 -60.8798
-250.94000 -128.50000 1.50000 -61.3376
19.96000 -49.48000 1.50000 -62.5138
-195.55000 -35.66000 1.50000 -60.9307
-250.94000 -128.50000 1.50000 -61.3421
19.96000 -49.48000 1.50000 -62.4686
-195.55000 -35.66000 1.50000 -60.9718
-250.94000 -128.50000 1.50000 -61.4040
19.96000 -49.48000 1.50000 -62.4234
-195.55000 -35.66000 1.50000 -61.0131
-250.94000 -128.50000 1.50000 -61.4655
19.96000 -49.48000 1.50000 -62.3780
-195.55000 -35.66000 1.50000 -61.0544
-250.94000 -128.50000 1.50000 -61.5266
19.96000 -49.48000 1.50000 -62.3325
-195.55000 -35.66000 1.50000 -61.0958
-250.94000 -128.50000 1.50000 -61.5872
19.96000 -49.48000 1.50000 -62.2868
-195.55000 -35.66000 1.50000 -61.1373
-250.94000 -128.50000 1.50000 -61.6475
19.96000 -49.48000 1.50000 -62.2411
-195.55000 -35.66000 1.50000 -61.1789
-250.94000 -128.50000 1.50000 -61.7073
19.96000 -49.48000 1.50000 -62.1952
-195.55000 -35.66000 1.50000 -61.2205
-250.94000 -128.50000 1.50000 -61.7667
19.96000 -49.48000 1.50000 -62.1492
-195.55000 -35.66000 1.50000 -61.2622
-250.94000 -128.50000 1.50000 -61.8257
19.96000 -49.48000 1.50000 -62.1031
-195.55000 -35.66000 1.50000 -61.3039
-250.94000 -128.50000 1.50000 -61.8843
19.96000 -49.48000 1.50000 -62.0569
-195.55000 -35.66000 1.50000 -61.3457
-250.94000 -128.50000 1.50000 -61.9425
19.96000 -49.48000 1.50000 -62.0105
-195.55000 -35.66000 1.50000 -61.3875
-250.94000 -128.50000 1.50000 -62.0004
19.96000 -49.48000 1.50000 -61.9641
-195.55000 -35.66000 1.50000 -61.4294
-250.94000 -128.50000 1.50000 -62.0578
19.96000 -49.48000 1.50000 -61.9175
-195.55000 -35.66000 1.50000 -61.4713
-250.94000 -128.50000 1.50000 -62.1149
19.96000 -49.48000 1.50000 -61.8708
-195.55000 -35.66000 1.50000 -61.5133
-250.94000 -128.50000 1.50000 -62.1716
19.96000 -49.48000 1.50000 -61.8241
-195.55000 -35.66000 1.50000 -61.5552
-250.94000 -128.50000 1.50000 -62.2280
19.96000 -49.48000 1.50000 -61.7772
-195.55000 -35.66000 1.50000 -61.5972
-250.94000 -128.50000 1.50000 -62.2839
19.96000 -49.48000 1.50000 -61.8135
-195.55000 -35.66000 1.50000 -61.6408
-250.94000 -128.50000 1.50000 -62.2879
19.96000 -49.48000 1.50000 -61.8600
-195.55000 -35.66000 1.50000 -61.5992
-250.94000 -128.50000 1.50000 -62.2320
19.96000 -49.48000 1.50000 -61.9064
-195.55000 -35.66000 1.50000 -61.5577
-250.94000 -128.50000 1.50000 -62.1757
19.96000 -49.48000 1.50000 -61.9527
-195.55000 -35.66000 1.50000 -61.5162
-250.94000 -128.50000 1.50000 -62.1190
19.96000 -49.48000 1.50000 -61.9988
-195.55000 -35.66000 1.50000 -61.4747
-250.94000 -128.50000 1.50000 -62.0620
19.96000 -49.48000 1.50000 -62.0449
-195.55000 -35.66000 1.50000 -61.4333
-250.94000 -128.50000 1.50000 -62.0046
19.96000 -49.48000 1.50000 -62.0909
-195.55000 -35.66000 1.50000 -61.3919
-250.94000 -128.50000 1.50000 -61.9468
19.96000 -49.48000 1.50000 -62.1368
-195.55000 -35.66000 1.50000 -61.3505
-250.94000 -128.50000 1.50000 -61.8887
19.96000 -49.48000 1.50000 -62.1825
-195.55000 -35.66000 1.50000 -61.3092
-250.94000 -128.50000 1.50000 -61.8301
19.96000 -49.48000 1.50000 -62.2282
-195.55000 -35.66000 1.50000 -61.2680
-250.94000 -128.50000 1.50000 -61.7712
19.96000 -49.48000 1.50000 -62.2737
-195.55000 -35.66000 1.50000 -61.2268
-250.94000 -128.50000 1.50000 -61.7118
19.96000 -49.48000 1.50000 -62.3191
-195.55000 -35.66000 1.50000 -61.1857
-250.94000 -128.50000 1.50000 -61.6521
19.96000 -49.48000 1.50000 -62.3644
-195.55000 -35.66000 1.50000 -61.1447
-250.94000 -128.50000 1.50000 -61.5919
19.96000 -49.48000 1.50000 -62.4096
-195.55000 -35.66000 1.50000 -61.1037
-250.94000 -128.50000 1.50000 -61.5313
19.96000 -49.48000 1.50000 -62.4546
-195.55000 -35.66000 1.50000 -61.0629
-250.94000 -128.50000 1.50000 -61.4703
19.96000 -49.48000 1.50000 -62.4996
-195.55000 -35.66000 1.50000 -61.0221
-250.94000 -128.50000 1.50000 -61.4089
19.96000 -49.48000 1.50000 -62.5444
-195.55000 -35.66000 1.50000 -60.9815
-250.94000 -128.50000 1.50000 -61.3470
19.96000 -49.48000 1.50000 -62.5752
-195.55000 -35.66000 1.50000 -61.0321
-250.94000 -128.50000 1.50000 -61.3524
19.96000 -49.48000 1.50000 -62.5307
-195.55000 -35.66000 1.50000 -61.0723
-250.94000 -128.50000 1.50000 -61.4142
19.96000 -49.48000 1.50000 -62.4860
-195.55000 -35.66000 1.50000 -61.1126
-250.94000 -128.50000 1.50000 -61.4755
19.96000 -49.48000 1.50000 -62.4413
-195.55000 -35.66000 1.50000 -61.1530
-250.94000 -128.50000 1.50000 -61.5364
19.96000 -49.48000 1.50000 -62.3965
-195.55000 -35.66000 1.50000 -61.1935
-250.94000 -128.50000 1.50000 -61.5970
19.96000 -49.48000 1.50000 -62.3515
-195.55000 -35.66000 1.50000 -61.2341
-250.94000 -128.50000 1.50000 -61.6571
19.96000 -49.48000 1.50000 -62.3064
-195.55000 -35.66000 1.50000 -61.2747
-250.94000 -128.50000 1.50000 -61.7167
19.96000 -49.48000 1.50000 -62.2612
-195.55000 -35.66000 1.50000 -61.3154
-250.94000 -128.50000 1.50000 -61.7760
19.96000 -49.48000 1.50000 -62.2159
-195.55000 -35.66000 1.50000 -61.3562
-250.94000 -128.50000 1.50000 -61.8349
19.96000 -49.48000 1.50000 -62.1705
-195.55000 -35.66000 1.50000 -61.3971
-250.94000 -128.50000 1.50000 -61.8934
19.96000 -49.48000 1.50000 -62.1250
-195.55000 -35.66000 1.50000 -61.4380
-250.94000 -128.50000 1.50000 -61.9515
19.96000 -49.48000 1.50000 -62.0794
-195.55000 -35.66000 1.50000 -61.4790
-250.94000 -128.50000 1.50000 -62.0092
19.96000 -49.48000 1.50000 -62.0337
-195.55000 -35.66000 1.50000 -61.5200
-250.94000 -128.50000 1.50000 -62.0665
19.96000 -49.48000 1.50000 -61.9879
-195.55000 -35.66000 1.50000 -61.5610
-250.94000 -128.50000 1.50000 -62.1235
19.96000 -49.48000 1.50000 -61.9420
-195.55000 -35.66000 1.50000 -61.6021
-250.94000 -128.50000 1.50000 -62.1801
19.96000 -49.48000 1.50000 -61.8960
-195.55000 -35.66000 1.50000 -61.6432
-250.94000 -128.50000 1.50000 -62.2363
19.96000 -49.48000 1.50000 -61.8499
-195.55000 -35.66000 1.50000 -61.6844
-250.94000 -128.50000 1.50000 -62.2922
19.96000 -49.48000 1.50000 -61.8863
-195.55000 -35.66000 1.50000 -61.7279
-250.94000 -128.50000 1.50000 -62.2969
19.96000 -49.48000 1.50000 -61.9321
-195.55000 -35.66000 1.50000 -61.6872
-250.94000 -128.50000 1.50000 -62.2411
19.96000 -49.48000 1.50000 -61.9777
-195.55000 -35.66000 1.50000 -61.6465
-250.94000 -128.50000 1.50000 -62.1849
19.96000 -49.48000 1.50000 -62.0232
-195.55000 -35.66000 1.50000 -61.6058
-250.94000 -128.50000 1.50000 -62.1284
19.96000 -49.48000 1.50000 -62.0687
-195.55000 -35.66000 1.50000 -61.5652
-250.94000 -128.50000 1.50000 -62.0715
19.96000 -49.48000 1.50000 -62.1140
-195.55000 -35.66000 1.50000 -61.5246
-250.94000 -128.50000 1.50000 -62.0142
19.96000 -49.48000 1.50000 -62.1593
-195.55000 -35.66000 1.50000 -61.4841
-250.94000 -128.50000 1.50000 -61.9565
19.96000 -49.48000 1.50000 -62.2044
-195.55000 -35.66000 1.50000 -61.4436
-250.94000 -128.50000 1.50000 -61.8985
19.96000 -49.48000 1.50000 -62.2495
-195.55000 -35.66000 1.50000 -61.4032
-250.94000 -128.50000 1.50000 -61.8401
19.96000 -49.48000 1.50000 -62.2944
-195.55000 -35.66000 1.50000 -61.3628
-250.94000 -128.50000 1.50000 -61.7813
19.96000 -49.48000 1.50000 -62.3393
-195.55000 -35.66000 1.50000 -61.3225
-250.94000 -128.50000 1.50000 -61.7221
19.96000 -49.48000 1.50000 -62.3840
-195.55000 -35.66000 1.50000 -61.2823
-250.94000 -128.50000 1.50000 -61.6625
19.96000 -49.48000 1.50000 -62.4286
-195.55000 -35.66000 1.50000 -61.2422
-250.94000 -128.50000 1.50000 -61.6024
19.96000 -49.48000 1.50000 -62.4732
-195.55000 -35.66000 1.50000 -61.2022
-250.94000 -128.50000 1.50000 -61.5420
19.96000 -49.48000 1.50000 -62.5176
-195.55000 -35.66000 1.50000 -61.1622
-250.94000 -128.50000 1.50000 -61.4812
19.96000 -49.48000 1.50000 -62.5619
-195.55000 -35.66000 1.50000 -61.1224
-250.94000 -128.50000 1.50000 -61.4199
19.96000 -49.48000 1.50000 -62.5932
-195.55000 -35.66000 1.50000 -61.1724
-250.94000 -128.50000 1.50000 -61.4260
19.96000 -49.48000 1.50000 -62.5492
-195.55000 -35.66000 1.50000 -61.2118
-250.94000 -128.50000 1.50000 -61.4872
19.96000 -49.48000 1.50000 -62.5051
-195.55000 -35.66000 1.50000 -61.2513
-250.94000 -128.50000 1.50000 -61.5480
19.96000 -49.48000 1.50000 -62.4609
-195.55000 -35.66000 1.50000 -61.2909
-250.94000 -128.50000 1.50000 -61.6083
19.96000 -49.48000 1.50000 -62.4166
-195.55000 -35.66000 1.50000 -61.3305
-250.94000 -128.50000 1.50000 -61.6683
19.96000 -49.48000 1.50000 -62.3722
-195.55000 -35.66000 1.50000 -61.3703
-250.94000 -128.50000 1.50000 -61.7278
19.96000 -49.48000 1.50000 -62.3277
-195.55000 -35.66000 1.50000 -61.4101
-250.94000 -128.50000 1.50000 -61.7869
19.96000 -49.48000 1.50000 -62.2831
-195.55000 -35.66000 1.50000 -61.4501
-250.94000 -128.50000 1.50000 -61.8457
19.96000 -49.48000 1.50000 -62.2384
-195.55000 -35.66000 1.50000 -61.4900
-250.94000 -128.50000 1.50000 -61.9040
19.96000 -49.48000 1.50000 -62.1936
-195.55000 -35.66000 1.50000 -61.5301
-250.94000 -128.50000 1.50000 -61.9620
19.96000 -49.48000 1.50000 -62.1487
-195.55000 -35.66000 1.50000 -61.5702
-250.94000 -128.50000 1.50000 -62.0196
19.96000 -49.48000 1.50000 -62.1037
-195.55000 -35.66000 1.50000 -61.6104
-250.94000 -128.50000 1.50000 -62.0768
19.96000 -49.48000 1.50000 -62.0587
-195.55000 -35.66000 1.50000 -61.6506
-250.94000 -128.50000 1.50000 -62.1336
19.96000 -49.48000 1.50000 -62.0135
-195.55000 -35.66000 1.50000 -61.6908
-250.94000 -128.50000 1.50000 -62.1901
19.96000 -49.48000 1.50000 -61.9682
-195.55000 -35.66000 1.50000 -61.7311
-250.94000 -128.50000 1.50000 -62.2462
19.96000 -49.48000 1.50000 -61.9229
-195.55000 -35.66000 1.50000 -61.7714
-250.94000 -128.50000 1.50000 -62.3019
19.96000 -49.48000 1.50000 -61.8775
-195.55000 -35.66000 1.50000 -61.8118
-250.94000 -128.50000 1.50000 -62.3573
19.96000 -49.48000 1.50000 -61.9145
-195.55000 -35.66000 1.50000 -61.8549
-250.94000 -128.50000 1.50000 -62.3626
19.96000 -49.48000 1.50000 -61.9595
-195.55000 -35.66000 1.50000 -61.8149
-250.94000 -128.50000 1.50000 -62.3073
19.96000 -49.48000 1.50000 -62.0045
-195.55000 -35.66000 1.50000 -61.7750
-250.94000 -128.50000 1.50000 -62.2516
19.96000 -49.48000 1.50000 -62.0494
-195.55000 -35.66000 1.50000 -61.7351
-250.94000 -128.50000 1.50000 -62.1956
19.96000 -49.48000 1.50000 -62.0942
-195.55000 -35.66000 1.50000 -61.6953
-250.94000 -128.50000 1.50000 -62.1392
19.96000 -49.48000 1.50000 -62.1389
-195.55000 -35.66000 1.50000 -61.6555
-250.94000 -128.50000 1.50000 -62.0824
19.96000 -49.48000 1.50000 -62.1835
-195.55000 -35.66000 1.50000 -61.6157
-250.94000 -128.50000 1.50000 -62.0253
19.96000 -49.48000 1.50000 -62.2281
-195.55000 -35.66000 1.50000 -61.5760
-250.94000 -128.50000 1.50000 -61.9678
19.96000 -49.48000 1.50000 -62.2725
-195.55000 -35.66000 1.50000 -61.5364
-250.94000 -128.50000 1.50000 -61.9099
19.96000 -49.48000 1.50000 -62.3168
-195.55000 -35.66000 1.50000 -61.4969
-250.94000 -128.50000 1.50000 -61.8516
19.96000 -49.48000 1.50000 -62.3611
-195.55000 -35.66000 1.50000 -61.4574
-250.94000 -128.50000 1.50000 -61.7930
19.96000 -49.48000 1.50000 -62.4053
-195.55000 -35.66000 1.50000 -61.4180
-250.94000 -128.50000 1.50000 -61.7339
19.96000 -49.48000 1.50000 -62.4493
-195.55000 -35.66000 1.50000 -61.3786
-250.94000 -128.50000 1.50000 -61.6745
19.96000 -49.48000 1.50000 -62.4933
-195.55000 -35.66000 1.50000 -61.3394
-250.94000 -128.50000 1.50000 -61.6146
19.96000 -49.48000 1.50000 -62.5372
-195.55000 -35.66000 1.50000 -61.3003
-250.94000 -128.50000 1.50000 -101.5544
19.96000 -49.48000 1.50000 -62.5809
-195.55000 -35.66000 1.50000 -61.2612
-250.94000 -128.50000 1.50000 -101.4937
19.96000 -49.48000 1.50000 -62.6246
-195.55000 -35.66000 1.50000 -61.2223
-250.94000 -128.50000 1.50000 -101.4326
19.96000 -49.48000 1.50000 -62.6561
-195.55000 -35.66000 1.50000 -61.2720
-250.94000 -128.50000 1.50000 -101.4396
19.96000 -49.48000 1.50000 -62.6128
-195.55000 -35.66000 1.50000 -61.3105
-250.94000 -128.50000 1.50000 -101.5006
19.96000 -49.48000 1.50000 -62.5693
-195.55000 -35.66000 1.50000 -61.3491
-250.94000 -128.50000 1.50000 -101.5612
19.96000 -49.48000 1.50000 -62.5258
-195.55000 -35.66000 1.50000 -61.3878
-250.94000 -128.50000 1.50000 -101.6214
19.96000 -49.48000 1.50000 -62.4822
-195.55000 -35.66000 1.50000 -61.4267
-250.94000 -128.50000 1.50000 -101.6811
19.96000 -49.48000 1.50000 -62.4384
-195.55000 -35.66000 1.50000 -61.4656
-250.94000 -128.50000 1.50000 -101.7405
19.96000 -49.48000 1.50000 -62.3946
-195.55000 -35.66000 1.50000 -61.5045
-250.94000 -128.50000 1.50000 -101.7994
19.96000 -49.48000 1.50000 -62.3507
-195.55000 -35.66000 1.50000 -61.5436
-250.94000 -128.50000 1.50000 -101.8580
19.96000 -49.48000 1.50000 -62.3067
-195.55000 -35.66000 1.50000 -61.5827
-250.94000 -128.50000 1.50000 -101.9162
19.96000 -49.48000 1.50000 -62.2626
-195.55000 -35.66000 1.50000 -61.6219
-250.94000 -128.50000 1.50000 -101.9740
19.96000 -49.48000 1.50000 -62.2184
-195.55000 -35.66000 1.50000 -61.6612
-250.94000 -128.50000 1.50000 -102.0314
19.96000 -49.48000 1.50000 -62.1741
-195.55000 -35.66000 1.50000 -61.7005
-250.94000 -128.50000 1.50000 -102.0885
19.96000 -49.48000 1.50000 -62.1298
-195.55000 -35.66000 1.50000 -61.7399
-250.94000 -128.50000 1.50000 -62.1451
19.96000 -49.48000 1.50000 -62.0853
-195.55000 -35.66000 1.50000 -61.7794
-250.94000 -128.50000 1.50000 -62.2014
19.96000 -49.48000 1.50000 -62.0408
-195.55000 -35.66000 1.50000 -61.8188
-250.94000 -128.50000 1.50000 -62.2574
19.96000 -49.48000 1.50000 -61.9962
-195.55000 -35.66000 1.50000 -61.8584
-250.94000 -128.50000 1.50000 -62.3130
19.96000 -49.48000 1.50000 -61.9516
-195.55000 -35.66000 1.50000 -61.8979
-250.94000 -128.50000 1.50000 -62.3683
19.96000 -49.48000 1.50000 -61.9069
-195.55000 -35.66000 1.50000 -61.9375
-250.94000 -128.50000 1.50000 -62.4232
19.96000 -49.48000 1.50000 -61.8621
-195.55000 -35.66000 1.50000 -61.9771
-250.94000 -128.50000 1.50000 -62.4777
19.96000 -49.48000 1.50000 -61.8172
-195.55000 -35.66000 1.50000 -62.0168
-250.94000 -128.50000 1.50000 -62.5320
19.96000 -49.48000 1.50000 -61.8555
-195.55000 -35.66000 1.50000 -62.0587
-250.94000 -128.50000 1.50000 -102.5378
19.96000 -49.48000 1.50000 -61.9000
-195.55000 -35.66000 1.50000 -62.0194
-250.94000 -128.50000 1.50000 -102.4836
19.96000 -49.48000 1.50000 -61.9444
-195.55000 -35.66000 1.50000 -61.9802
-250.94000 -128.50000 1.50000 -102.4291
19.96000 -49.48000 1.50000 -61.9888
-195.55000 -35.66000 1.50000 -61.9409
-250.94000 -128.50000 1.50000 -102.3743
19.96000 -49.48000 1.50000 -62.0330
-195.55000 -35.66000 1.50000 -61.9018
-250.94000 -128.50000 1.50000 -102.3191
19.96000 -49.48000 1.50000 -62.0773
-195.55000 -35.66000 1.50000 -61.8626
-250.94000 -128.50000 1.50000 -102.2636
19.96000 -49.48000 1.50000 -62.1214
-195.55000 -35.66000 1.50000 -61.8236
-250.94000 -128.50000 1.50000 -102.2077
19.96000 -49.48000 1.50000 -62.1655
-195.55000 -35.66000 1.50000 -61.7845
-250.94000 -128.50000 1.50000 -102.1514
19.96000 -49.48000 1.50000 -62.2094
-195.55000 -35.66000 1.50000 -61.7456
-250.94000 -128.50000 1.50000 -102.0948
19.96000 -49.48000 1.50000 -62.2534
-195.55000 -35.66000 1.50000 -61.7066
-250.94000 -128.50000 1.50000 -102.0379
19.96000 -49.48000 1.50000 -62.2972
-195.55000 -35.66000 1.50000 -61.6678
-250.94000 -128.50000 1.50000 -101.9806
19.96000 -49.48000 1.50000 -62.3409
-195.55000 -35.66000 1.50000 -61.6290
-250.94000 -128.50000 1.50000 -101.9228
19.96000 -49.48000 1.50000 -62.3846
-195.55000 -35.66000 1.50000 -61.5902
-250.94000 -128.50000 1.50000 -101.8648
19.96000 -49.48000 1.50000 -62.4282
-195.55000 -35.66000 1.50000 -61.5516
-250.94000 -128.50000 1.50000 -101.8063
19.96000 -49.48000 1.50000 -62.4717
-195.55000 -35.66000 1.50000 -61.5131
-250.94000 -128.50000 1.50000 -101.7474
19.96000 -49.48000 1.50000 -62.5151
-195.55000 -35.66000 1.50000 -61.4746
-250.94000 -128.50000 1.50000 -101.6881
19.96000 -49.48000 1.50000 -62.5584
-195.55000 -35.66000 1.50000 -61.4362
-250.94000 -128.50000 1.50000 -101.6285
19.96000 -49.48000 1.50000 -62.6016
-195.55000 -35.66000 1.50000 -61.3979
-250.94000 -128.50000 1.50000 -101.5684
19.96000 -49.48000 1.50000 -62.6447
-195.55000 -35.66000 1.50000 -61.3598
-250.94000 -128.50000 1.50000 -101.5079
19.96000 -49.48000 1.50000 -62.6877
-195.55000 -35.66000 1.50000 -61.3217
-250.94000 -128.50000 1.50000 -101.4470
19.96000 -49.48000 1.50000 -62.7195
-195.55000 -35.66000 1.50000 -61.3712
-250.94000 -128.50000 1.50000 -101.4549
19.96000 -49.48000 1.50000 -62.6768
-195.55000 -35.66000 1.50000 -61.4089
-250.94000 -128.50000 1.50000 -101.5157
19.96000 -49.48000 1.50000 -62.6339
-195.55000 -35.66000 1.50000 -61.4466
-250.94000 -128.50000 1.50000 -101.5760
19.96000 -49.48000 1.50000 -62.5911
-195.55000 -35.66000 1.50000 -61.4845
-250.94000 -128.50000 1.50000 -101.6360
19.96000 -49.48000 1.50000 -62.5481
-195.55000 -35.66000 1.50000 -61.5224
-250.94000 -128.50000 1.50000 -101.6956
19.96000 -49.48000 1.50000 -62.5050
-195.55000 -35.66000 1.50000 -61.5605
-250.94000 -128.50000 1.50000 -101.7547
19.96000 -49.48000 1.50000 -62.4618
-195.55000 -35.66000 1.50000 -61.5986
-250.94000 -128.50000 1.50000 -101.8135
19.96000 -49.48000 1.50000 -62.4186
-195.55000 -35.66000 1.50000 -61.6368
-250.94000 -128.50000 1.50000 -101.8719
19.96000 -49.48000 1.50000 -62.3753
-195.55000 -35.66000 1.50000 -61.6751
-250.94000 -128.50000 1.50000 -101.9299
19.96000 -49.48000 1.50000 -62.3319
-195.55000 -35.66000 1.50000 -61.7135
-250.94000 -128.50000 1.50000 -101.9875
19.96000 -49.48000 1.50000 -62.2884
-195.55000 -35.66000 1.50000 -61.7520
-250.94000 -128.50000 1.50000 -102.0447
19.96000 -49.48000 1.50000 -62.2449
-195.55000 -35.66000 1.50000 -61.7905
-250.94000 -128.50000 1.50000 -102.1016
19.96000 -49.48000 1.50000 -62.2012
-195.55000 -35.66000 1.50000 -61.8291
-250.94000 -128.50000 1.50000 -102.1581
19.96000 -49.48000 1.50000 -62.1575
-195.55000 -35.66000 1.50000 -61.8677
-250.94000 -128.50000 1.50000 -102.2143
19.96000 -49.48000 1.50000 -62.1137
-195.55000 -35.66000 1.50000 -61.9064
-250.94000 -128.50000 1.50000 -102.2701
19.96000 -49.48000 1.50000 -62.0699
-195.55000 -35.66000 1.50000 -61.9452
-250.94000 -128.50000 1.50000 -102.3255
19.96000 -49.48000 1.50000 -62.0260
-195.55000 -35.66000 1.50000 -61.9839
-250.94000 -128.50000 1.50000 -102.3806
19.96000 -49.48000 1.50000 -61.9820
-195.55000 -35.66000 1.50000 -62.0228
-250.94000 -128.50000 1.50000 -102.4354
19.96000 -49.48000 1.50000 -61.9380
-195.55000 -35.66000 1.50000 -62.0616
-250.94000 -128.50000 1.50000 -102.4898
19.96000 -49.48000 1.50000 -61.8939
-195.55000 -35.66000 1.50000 -62.1005
-250.94000 -128.50000 1.50000 -102.5439
19.96000 -49.48000 1.50000 -61.8498
-195.55000 -35.66000 1.50000 -62.1394
-250.94000 -128.50000 1.50000 -102.5976
19.96000 -49.48000 1.50000 -61.8886
-195.55000 -35.66000 1.50000 -62.1809
-250.94000 -128.50000 1.50000 -102.6040
19.96000 -49.48000 1.50000 -61.9324
-195.55000 -35.66000 1.50000 -62.1423
-250.94000 -128.50000 1.50000 -102.5503
19.96000 -49.48000 1.50000 -61.9761
-195.55000 -35.66000 1.50000 -62.1038
-250.94000 -128.50000 1.50000 -102.4963
19.96000 -49.48000 1.50000 -62.0197
-195.55000 -35.66000 1.50000 -62.0653
-250.94000 -128.50000 1.50000 -102.4420
19.96000 -49.48000 1.50000 -62.0633
-195.55000 -35.66000 1.50000 -62.0269
-250.94000 -128.50000 1.50000 -102.3873
19.96000 -49.48000 1.50000 -62.1068
-195.55000 -35.66000 1.50000 -61.9885
-250.94000 -128.50000 1.50000 -102.3323
19.96000 -49.48000 1.50000 -62.1503
-195.55000 -35.66000 1.50000 -61.9501
-250.94000 -128.50000 1.50000 -102.2769
19.96000 -49.48000 1.50000 -62.1937
-195.55000 -35.66000 1.50000 -61.9118
-250.94000 -128.50000 1.50000 -102.2212
19.96000 -49.48000 1.50000 -62.2371
-195.55000 -35.66000 1.50000 -61.8736
-250.94000 -128.50000 1.50000 -102.1652
19.96000 -49.48000 1.50000 -62.2803
-195.55000 -35.66000 1.50000 -61.8354
-250.94000 -128.50000 1.50000 -102.1087
19.96000 -49.48000 1.50000 -62.3235
-195.55000 -35.66000 1.50000 -61.7973
-250.94000 -128.50000 1.50000 -102.0520
19.96000 -49.48000 1.50000 -62.3667
-195.55000 -35.66000 1.50000 -61.7592
-250.94000 -128.50000 1.50000 -101.9948
19.96000 -49.48000 1.50000 -62.4097
-195.55000 -35.66000 1.50000 -61.7212
-250.94000 -128.50000 1.50000 -101.9373
19.96000 -49.48000 1.50000 -62.4527
-195.55000 -35.66000 1.50000 -61.6833
-250.94000 -128.50000 1.50000 -101.8794
19.96000 -49.48000 1.50000 -62.4956
-195.55000 -35.66000 1.50000 -61.6455
-250.94000 -128.50000 1.50000 -101.8211
19.96000 -49.48000 1.50000 -62.5384
-195.55000 -35.66000 1.50000 -61.6078
-250.94000 -128.50000 1.50000 -101.7625
19.96000 -49.48000 1.50000 -62.5812
-195.55000 -35.66000 1.50000 -61.5701
-250.94000 -128.50000 1.50000 -101.7034
19.96000 -49.48000 1.50000 -62.6238
-195.55000 -35.66000 1.50000 -61.5326
-250.94000 -128.50000 1.50000 -101.6440
19.96000 -49.48000 1.50000 -62.6664
-195.55000 -35.66000 1.50000 -61.4952
-250.94000 -128.50000 1.50000 -101.5841
19.96000 -49.48000 1.50000 -62.7089
-195.55000 -35.66000 1.50000 -61.4579
-250.94000 -128.50000 1.50000 -101.5238
19.96000 -49.48000 1.50000 -62.7411
-195.55000 -35.66000 1.50000 -61.5067
-250.94000 -128.50000 1.50000 -101.5324
19.96000 -49.48000 1.50000 -62.6989
-195.55000 -35.66000 1.50000 -61.5436
-250.94000 -128.50000 1.50000 -101.5926
19.96000 -49.48000 1.50000 -62.6567
-195.55000 -35.66000 1.50000 -61.5807
-250.94000 -128.50000 1.50000 -101.6523
19.96000 -49.48000 1.50000 -62.6143
-195.55000 -35.66000 1.50000 -61.6178
-250.94000 -128.50000 1.50000 -101.7116
19.96000 -49.48000 1.50000 -62.5719
-195.55000 -35.66000 1.50000 -61.6550
-250.94000 -128.50000 1.50000 -101.7706
19.96000 -49.48000 1.50000 -62.5294
-195.55000 -35.66000 1.50000 -61.6923
-250.94000 -128.50000 1.50000 -101.8291
19.96000 -49.48000 1.50000 -62.4869
-195.55000 -35.66000 1.50000 -61.7298
-250.94000 -128.50000 1.50000 -101.8873
19.96000 -49.48000 1.50000 -62.4442
-195.55000 -35.66000 1.50000 -61.7673
-250.94000 -128.50000 1.50000 -101.9451
19.96000 -49.48000 1.50000 -62.4015
-195.55000 -35.66000 1.50000 -61.8048
-250.94000 -128.50000 1.50000 -102.0025
19.96000 -49.48000 1.50000 -62.3587
-195.55000 -35.66000 1.50000 -61.8425
-250.94000 -128.50000 1.50000 -102.0596
19.96000 -49.48000 1.50000 -62.3159
-195.55000 -35.66000 1.50000 -61.8802
-250.94000 -128.50000 1.50000 -102.1162
19.96000 -49.48000 1.50000 -62.2729
-195.55000 -35.66000 1.50000 -61.9180
-250.94000 -128.50000 1.50000 -102.1726
19.96000 -49.48000 1.50000 -62.2300
-195.55000 -35.66000 1.50000 -61.9559
-250.94000 -128.50000 1.50000 -102.2285
19.96000 -49.48000 1.50000 -62.1869
-195.55000 -35.66000 1.50000 -61.9938
-250.94000 -128.50000 1.50000 -102.2841
19.96000 -49.48000 1.50000 -62.1438
-195.55000 -35.66000 1.50000 -62.0318
-250.94000 -128.50000 1.50000 -102.3394
19.96000 -49.48000 1.50000 -62.1007
-195.55000 -35.66000 1.50000 -62.0698
-250.94000 -128.50000 1.50000 -102.3943
19.96000 -49.48000 1.50000 -62.0574
-195.55000 -35.66000 1.50000 -62.1078
-250.94000 -128.50000 1.50000 -102.4489
19.96000 -49.48000 1.50000 -62.0142
-195.55000 -35.66000 1.50000 -62.1460
-250.94000 -128.50000 1.50000 -102.5032
19.96000 -49.48000 1.50000 -61.9709
-195.55000 -35.66000 1.50000 -62.1841
-250.94000 -128.50000 1.50000 -102.5571
19.96000 -49.48000 1.50000 -61.9275
-195.55000 -35.66000 1.50000 -62.2223
-250.94000 -128.50000 1.50000 -102.6107
19.96000 -49.48000 1.50000 -61.9664
-195.55000 -35.66000 1.50000 -62.2637
-250.94000 -128.50000 1.50000 -102.6177
19.96000 -49.48000 1.50000 -62.0094
-195.55000 -35.66000 1.50000 -62.2259
-250.94000 -128.50000 1.50000 -102.5642
19.96000 -49.48000 1.50000 -62.0523
-195.55000 -35.66000 1.50000 -62.1881
-250.94000 -128.50000 1.50000 -102.5103
19.96000 -49.48000 1.50000 -62.0952
-195.55000 -35.66000 1.50000 -62.1503
-250.94000 -128.50000 1.50000 -102.4562
19.96000 -49.48000 1.50000 -62.1381
-195.55000 -35.66000 1.50000 -62.1126
-250.94000 -128.50000 1.50000 -102.4017
19.96000 -49.48000 1.50000 -62.1809
-195.55000 -35.66000 1.50000 -62.0750
-250.94000 -128.50000 1.50000 -102.3469
19.96000 -49.48000 1.50000 -62.2236
-195.55000 -35.66000 1.50000 -62.0374
-250.94000 -128.50000 1.50000 -102.2917
19.96000 -49.48000 1.50000 -62.2663
-195.55000 -35.66000 1.50000 -61.9999
-250.94000 -128.50000 1.50000 -102.2362
19.96000 -49.48000 1.50000 -62.3089
-195.55000 -35.66000 1.50000 -61.9624
-250.94000 -128.50000 1.50000 -102.1803
19.96000 -49.48000 1.50000 -62.3515
-195.55000 -35.66000 1.50000 -61.9250
-250.94000 -128.50000 1.50000 -102.1241
19.96000 -49.48000 1.50000 -62.3940
-195.55000 -35.66000 1.50000 -61.8876
-250.94000 -128.50000 1.50000 -102.0675
19.96000 -49.48000 1.50000 -62.4364
-195.55000 -35.66000 1.50000 -61.8504
-250.94000 -128.50000 1.50000 -102.0106
19.96000 -49.48000 1.50000 -62.4788
-195.55000 -35.66000 1.50000 -61.8132
-250.94000 -128.50000 1.50000 -101.9533
19.96000 -49.48000 1.50000 -62.5211
-195.55000 -35.66000 1.50000 -61.7761
-250.94000 -128.50000 1.50000 -101.8956
19.96000 -49.48000 1.50000 -62.5633
-195.55000 -35.66000 1.50000 -61.7391
-250.94000 -128.50000 1.50000 -101.8375
19.96000 -49.48000 1.50000 -62.6055
-195.55000 -35.66000 1.50000 -61.7021
-250.94000 -128.50000 1.50000 -101.7791
19.96000 -49.48000 1.50000 -62.6476
-195.55000 -35.66000 1.50000 -61.6653
-250.94000 -128.50000 1.50000 -101.7202
19.96000 -49.48000 1.50000 -62.6896
-195.55000 -35.66000 1.50000 -61.6286
-250.94000 -128.50000 1.50000 -101.6610
19.96000 -49.48000 1.50000 -62.7315
-195.55000 -35.66000 1.50000 -61.5920
-250.94000 -128.50000 1.50000 -101.6014
19.96000 -49.48000 1.50000 -62.7734
-195.55000 -35.66000 1.50000 -61.5555
-250.94000 -128.50000 1.50000 -101.5414
19.96000 -49.48000 1.50000 -62.8058
-195.55000 -35.66000 1.50000 -61.6041
-250.94000 -128.50000 1.50000 -101.5508
19.96000 -49.48000 1.50000 -62.7642
-195.55000 -35.66000 1.50000 -61.6402
-250.94000 -128.50000 1.50000 -101.6107
19.96000 -49.48000 1.50000 -62.7226
-195.55000 -35.66000 1.50000 -61.6764
-250.94000 -128.50000 1.50000 -101.6702
19.96000 -49.48000 1.50000 -62.6809
-195.55000 -35.66000 1.50000 -61.7127
-250.94000 -128.50000 1.50000 -101.7293
19.96000 -49.48000 1.50000 -62.6392
-195.55000 -35.66000 1.50000 -61.7492
-250.94000 -128.50000 1.50000 -101.7880
19.96000 -49.48000 1.50000 -62.5973
-195.55000 -35.66000 1.50000 -61.7857
-250.94000 -128.50000 1.50000 -101.8463
19.96000 -49.48000 1.50000 -62.5554
-195.55000 -35.66000 1.50000 -61.8223
-250.94000 -128.50000 1.50000 -101.9042
19.96000 -49.48000 1.50000 -62.5135
-195.55000 -35.66000 1.50000 -61.8590
-250.94000 -128.50000 1.50000 -101.9618
19.96000 -49.48000 1.50000 -62.4714
-195.55000 -35.66000 1.50000 -61.8958
-250.94000 -128.50000 1.50000 -102.0190
19.96000 -49.48000 1.50000 -62.4293
-195.55000 -35.66000 1.50000 -61.9327
-250.94000 -128.50000 1.50000 -102.0758
19.96000 -49.48000 1.50000 -62.3872
-195.55000 -35.66000 1.50000 -61.9697
-250.94000 -128.50000 1.50000 -102.1323
19.96000 -49.48000 1.50000 -62.3449
-195.55000 -35.66000 1.50000 -62.0067
-250.94000 -128.50000 1.50000 -102.1884
19.96000 -49.48000 1.50000 -62.3027
-195.55000 -35.66000 1.50000 -62.0438
-250.94000 -128.50000 1.50000 -102.2442
19.96000 -49.48000 1.50000 -62.2603
-195.55000 -35.66000 1.50000 -62.0810
-250.94000 -128.50000 1.50000 -102.2996
19.96000 -49.48000 1.50000 -62.2180
-195.55000 -35.66000 1.50000 -62.1182
-250.94000 -128.50000 1.50000 -102.3547
19.96000 -49.48000 1.50000 -62.1755
-195.55000 -35.66000 1.50000 -62.1555
-250.94000 -128.50000 1.50000 -102.4094
19.96000 -49.48000 1.50000 -62.1331
-195.55000 -35.66000 1.50000 -62.1928
-250.94000 -128.50000 1.50000 -102.4638
19.96000 -49.48000 1.50000 -62.0905
-195.55000 -35.66000 1.50000 -62.2302
-250.94000 -128.50000 1.50000 -102.5179
19.96000 -49.48000 1.50000 -62.0480
-195.55000 -35.66000 1.50000 -62.2676
-250.94000 -128.50000 1.50000 -102.5716
19.96000 -49.48000 1.50000 -62.0054
-195.55000 -35.66000 1.50000 -62.3050
-250.94000 -128.50000 1.50000 -102.6250
19.96000 -49.48000 1.50000 -61.9628
-195.55000 -35.66000 1.50000 -62.3425
-250.94000 -128.50000 1.50000 -102.6781
19.96000 -49.48000 1.50000 -62.0022
-195.55000 -35.66000 1.50000 -62.3835
-250.94000 -128.50000 1.50000 -102.6857
19.96000 -49.48000 1.50000 -62.0444
-195.55000 -35.66000 1.50000 -62.3463
-250.94000 -128.50000 1.50000 -102.6327
19.96000 -49.48000 1.50000 -62.0866
-195.55000 -35.66000 1.50000 -62.3092
-250.94000 -128.50000 1.50000 -102.5793
19.96000 -49.48000 1.50000 -62.1288
-195.55000 -35.66000 1.50000 -62.2722
-250.94000 -128.50000 1.50000 -102.5257
19.96000 -49.48000 1.50000 -62.1709
-195.55000 -35.66000 1.50000 -62.2352
-250.94000 -128.50000 1.50000 -102.4717
19.96000 -49.48000 1.50000 -62.2130
-195.55000 -35.66000 1.50000 -62.1982
-250.94000 -128.50000 1.50000 -102.4174
19.96000 -49.48000 1.50000 -62.2551
-195.55000 -35.66000 1.50000 -62.1613
-250.94000 -128.50000 1.50000 -102.3628
19.96000 -49.48000 1.50000 -62.2971
-195.55000 -35.66000 1.50000 -62.1245
-250.94000 -128.50000 1.50000 -102.3078
19.96000 -49.48000 1.50000 -62.3391
-195.55000 -35.66000 1.50000 -62.0877
-250.94000 -128.50000 1.50000 -102.2525
19.96000 -49.48000 1.50000 -62.3810
-195.55000 -35.66000 1.50000 -62.0509
-250.94000 -128.50000 1.50000 -102.1969
19.96000 -49.48000 1.50000 -62.4229
-195.55000 -35.66000 1.50000 -62.0143
-250.94000 -128.50000 1.50000 -102.1409
19.96000 -49.48000 1.50000 -62.4647
-195.55000 -35.66000 1.50000 -61.9777
-250.94000 -128.50000 1.50000 -102.0845
19.96000 -49.48000 1.50000 -62.5065
-195.55000 -35.66000 1.50000 -61.9412
-250.94000 -128.50000 1.50000 -102.0278
19.96000 -49.48000 1.50000 -62.5482
-195.55000 -35.66000 1.50000 -61.9048
-250.94000 -128.50000 1.50000 -101.9707
19.96000 -49.48000 1.50000 -62.5898
-195.55000 -35.66000 1.50000 -61.8685
-250.94000 -128.50000 1.50000 -101.9133
19.96000 -49.48000 1.50000 -62.6314
-195.55000 -35.66000 1.50000 -61.8322
-250.94000 -128.50000 1.50000 -101.8554
19.96000 -49.48000 1.50000 -62.6729
-195.55000 -35.66000 1.50000 -61.7961
-250.94000 -128.50000 1.50000 -101.7972
19.96000 -49.48000 1.50000 -62.7143
-195.55000 -35.66000 1.50000 -61.7601
-250.94000 -128.50000 1.50000 -101.7387
19.96000 -49.48000 1.50000 -62.7557
-195.55000 -35.66000 1.50000 -61.7242
-250.94000 -128.50000 1.50000 -101.6797
19.96000 -49.48000 1.50000 -62.7970
-195.55000 -35.66000 1.50000 -61.6883
-250.94000 -128.50000 1.50000 -101.6203
19.96000 -49.48000 1.50000 -62.8299
-195.55000 -35.66000 1.50000 -61.7363
-250.94000 -128.50000 1.50000 -101.6304
19.96000 -49.48000 1.50000 -62.7889
-195.55000 -35.66000 1.50000 -61.7718
-250.94000 -128.50000 1.50000 -101.6896
19.96000 -49.48000 1.50000 -62.7478
-195.55000 -35.66000 1.50000 -61.8073
-250.94000 -128.50000 1.50000 -101.7485
19.96000 -49.48000 1.50000 -62.7067
-195.55000 -35.66000 1.50000 -61.8429
-250.94000 -128.50000 1.50000 -101.8069
19.96000 -49.48000 1.50000 -62.6655
-195.55000 -35.66000 1.50000 -61.8787
-250.94000 -128.50000 1.50000 -101.8650
19.96000 -49.48000 1.50000 -62.6242
-195.55000 -35.66000 1.50000 -61.9145
-250.94000 -128.50000 1.50000 -101.9227
19.96000 -49.48000 1.50000 -62.5829
-195.55000 -35.66000 1.50000 -61.9505
-250.94000 -128.50000 1.50000 -101.9800
19.96000 -49.48000 1.50000 -62.5416
-195.55000 -35.66000 1.50000 -61.9865
-250.94000 -128.50000 1.50000 -102.0370
19.96000 -49.48000 1.50000 -62.5001
-195.55000 -35.66000 1.50000 -62.0226
-250.94000 -128.50000 1.50000 -102.0936
19.96000 -49.48000 1.50000 -62.4587
-195.55000 -35.66000 1.50000 -62.0588
-250.94000 -128.50000 1.50000 -102.1498
19.96000 -49.48000 1.50000 -62.4171
-195.55000 -35.66000 1.50000 -62.0951
-250.94000 -128.50000 1.50000 -102.2057
19.96000 -49.48000 1.50000 -62.3756
-195.55000 -35.66000 1.50000 -62.1315
-250.94000 -128.50000 1.50000 -102.2612
19.96000 -49.48000 1.50000 -62.3340
-195.55000 -35.66000 1.50000 -62.1679
-250.94000 -128.50000 1.50000 -102.3164
19.96000 -49.48000 1.50000 -62.2923
-195.55000 -35.66000 1.50000 -62.2044
-250.94000 -128.50000 1.50000 -102.3713
19.96000 -49.48000 1.50000 -62.2506
-195.55000 -35.66000 1.50000 -62.2409
-250.94000 -128.50000 1.50000 -102.4258
19.96000 -49.48000 1.50000 -62.2089
-195.55000 -35.66000 1.50000 -62.2775
-250.94000 -128.50000 1.50000 -102.4800
19.96000 -49.48000 1.50000 -62.1671
-195.55000 -35.66000 1.50000 -62.3142
-250.94000 -128.50000 1.50000 -102.5339
19.96000 -49.48000 1.50000 -62.1253
-195.55000 -35.66000 1.50000 -62.3509
-250.94000 -128.50000 1.50000 -102.5874
19.96000 -49.48000 1.50000 -62.0834
-195.55000 -35.66000 1.50000 -62.3876
-250.94000 -128.50000 1.50000 -102.6406
19.96000 -49.48000 1.50000 -62.0416
-195.55000 -35.66000 1.50000 -62.4244
-250.94000 -128.50000 1.50000 -102.6935
19.96000 -49.48000 1.50000 -62.0810
-195.55000 -35.66000 1.50000 -62.4653
-250.94000 -128.50000 1.50000 -102.7017
19.96000 -49.48000 1.50000 -62.1225
-195.55000 -35.66000 1.50000 -62.4289
-250.94000 -128.50000 1.50000 -102.6489
19.96000 -49.48000 1.50000 -62.1640
-195.55000 -35.66000 1.50000 -62.3925
-250.94000 -128.50000 1.50000 -102.5958
19.96000 -49.48000 1.50000 -62.2054
-195.55000 -35.66000 1.50000 -62.3561
-250.94000 -128.50000 1.50000 -102.5424
19.96000 -49.48000 1.50000 -62.2468
-195.55000 -35.66000 1.50000 -62.3198
-250.94000 -128.50000 1.50000 -102.4886
19.96000 -49.48000 1.50000 -62.2882
-195.55000 -35.66000 1.50000 -62.2836
-250.94000 -128.50000 1.50000 -102.4345
19.96000 -49.48000 1.50000 -62.3295
-195.55000 -35.66000 1.50000 -62.2474
-250.94000 -128.50000 1.50000 -102.3801
19.96000 -49.48000 1.50000 -62.3708
-195.55000 -35.66000 1.50000 -62.2113
-250.94000 -128.50000 1.50000 -102.3254
19.96000 -49.48000 1.50000 -62.4121
-195.55000 -35.66000 1.50000 -62.1752
-250.94000 -128.50000 1.50000 -102.2703
19.96000 -49.48000 1.50000 -62.4533
-195.55000 -35.66000 1.50000 -62.1392
-250.94000 -128.50000 1.50000 -102.2148
19.96000 -49.48000 1.50000 -62.4945
-195.55000 -35.66000 1.50000 -62.1033
-250.94000 -128.50000 1.50000 -102.1591
19.96000 -49.48000 1.50000 -62.5356
-195.55000 -35.66000 1.50000 -62.0675
-250.94000 -128.50000 1.50000 -102.1030
19.96000 -49.48000 1.50000 -62.5767
-195.55000 -35.66000 1.50000 -62.0317
-250.94000 -128.50000 1.50000 -102.0465
19.96000 -49.48000 1.50000 -62.6178
-195.55000 -35.66000 1.50000 -61.9961
-250.94000 -128.50000 1.50000 -101.9896
19.96000 -49.48000 1.50000 -62.6587
-195.55000 -35.66000 1.50000 -61.9605
-250.94000 -128.50000 1.50000 -141.9324
19.96000 -49.48000 1.50000 -62.6997
-195.55000 -35.66000 1.50000 -61.9250
-250.94000 -128.50000 1.50000 -141.8749
19.96000 -49.48000 1.50000 -62.7405
-195.55000 -35.66000 1.50000 -61.8897
-250.94000 -128.50000 1.50000 -141.8169
19.96000 -49.48000 1.50000 -62.7813
-195.55000 -35.66000 1.50000 -61.8544
-250.94000 -128.50000 1.50000 -141.7586
19.96000 -49.48000 1.50000 -62.8221
-195.55000 -35.66000 1.50000 -61.8192
-250.94000 -128.50000 1.50000 -141.6999
19.96000 -49.48000 1.50000 -62.8628
-195.55000 -35.66000 1.50000 -61.7842
-250.94000 -128.50000 1.50000 -141.6409
19.96000 -49.48000 1.50000 -62.8957
-195.55000 -35.66000 1.50000 -61.8320
-250.94000 -128.50000 1.50000 -141.6517
19.96000 -49.48000 1.50000 -62.8554
-195.55000 -35.66000 1.50000 -61.8666
-250.94000 -128.50000 1.50000 -141.7106
19.96000 -49.48000 1.50000 -62.8149
-195.55000 -35.66000 1.50000 -61.9014
-250.94000 -128.50000 1.50000 -141.7692
19.96000 -49.48000 1.50000 -62.7744
-195.55000 -35.66000 1.50000 -61.9363
-250.94000 -128.50000 1.50000 -141.8274
19.96000 -49.48000 1.50000 -62.7339
-195.55000 -35.66000 1.50000 -61.9713
-250.94000 -128.50000 1.50000 -141.8852
19.96000 -49.48000 1.50000 -62.6933
-195.55000 -35.66000 1.50000 -62.0064
-250.94000 -128.50000 1.50000 -141.9426
19.96000 -49.48000 1.50000 -62.6526
-195.55000 -35.66000 1.50000 -62.0416
-250.94000 -128.50000 1.50000 -141.9996
19.96000 -49.48000 1.50000 -62.6119
-195.55000 -35.66000 1.50000 -62.0769
-250.94000 -128.50000 1.50000 -142.0564
19.96000 -49.48000 1.50000 -62.5712
-195.55000 -35.66000 1.50000 -62.1122
-250.94000 -128.50000 1.50000 -142.1127
19.96000 -49.48000 1.50000 -62.5304
-195.55000 -35.66000 1.50000 -62.1477
-250.94000 -128.50000 1.50000 -142.1687
19.96000 -49.48000 1.50000 -62.4895
-195.55000 -35.66000 1.50000 -62.1833
-250.94000 -128.50000 1.50000 -142.2243
19.96000 -49.48000 1.50000 -62.4487
-195.55000 -35.66000 1.50000 -62.2189
-250.94000 -128.50000 1.50000 -102.2797
19.96000 -49.48000 1.50000 -62.4077
-195.55000 -35.66000 1.50000 -62.2546
-250.94000 -128.50000 1.50000 -102.3346
19.96000 -49.48000 1.50000 -62.3668
-195.55000 -35.66000 1.50000 -62.2903
-250.94000 -128.50000 1.50000 -102.3893
19.96000 -49.48000 1.50000 -62.3258
-195.55000 -35.66000 1.50000 -62.3262
-250.94000 -128.50000 1.50000 -102.4436
19.96000 -49.48000 1.50000 -62.2848
-195.55000 -35.66000 1.50000 -62.3621
-250.94000 -128.50000 1.50000 -102.4975
19.96000 -49.48000 1.50000 -62.2437
-195.55000 -35.66000 1.50000 -62.3980
-250.94000 -128.50000 1.50000 -102.5512
19.96000 -49.48000 1.50000 -62.2027
-195.55000 -35.66000 1.50000 -62.4340
-250.94000 -128.50000 1.50000 -102.6045
19.96000 -49.48000 1.50000 -62.1616
-195.55000 -35.66000 1.50000 -62.4701
-250.94000 -128.50000 1.50000 -102.6575
19.96000 -49.48000 1.50000 -62.1205
-195.55000 -35.66000 1.50000 -62.5062
-250.94000 -128.50000 1.50000 -102.7102
19.96000 -49.48000 1.50000 -62.1599
-195.55000 -35.66000 1.50000 -62.5470
-250.94000 -128.50000 1.50000 -102.7190
19.96000 -49.48000 1.50000 -62.2007
-195.55000 -35.66000 1.50000 -62.5112
-250.94000 -128.50000 1.50000 -102.6664
19.96000 -49.48000 1.50000 -62.2414
-195.55000 -35.66000 1.50000 -62.4755
-250.94000 -128.50000 1.50000 -102.6135
19.96000 -49.48000 1.50000 -62.2821
-195.55000 -35.66000 1.50000 -62.4398
-250.94000 -128.50000 1.50000 -142.5603
19.96000 -49.48000 1.50000 -62.3228
-195.55000 -35.66000 1.50000 -62.4043
-250.94000 -128.50000 1.50000 -142.5068
19.96000 -49.48000 1.50000 -62.3635
-195.55000 -35.66000 1.50000 -62.3687
-250.94000 -128.50000 1.50000 -142.4529
19.96000 -49.48000 1.50000 -62.4041
-195.55000 -35.66000 1.50000 -62.3332
-250.94000 -128.50000 1.50000 -142.3987
19.96000 -49.48000 1.50000 -62.4447
-195.55000 -35.66000 1.50000 -62.2978
-250.94000 -128.50000 1.50000 -142.3442
19.96000 -49.48000 1.50000 -62.4853
-195.55000 -35.66000 1.50000 -62.2625
-250.94000 -128.50000 1.50000 -142.2894
19.96000 -49.48000 1.50000 -62.5258
-195.55000 -35.66000 1.50000 -62.2272
-250.94000 -128.50000 1.50000 -142.2342
19.96000 -49.48000 1.50000 -62.5663
-195.55000 -35.66000 1.50000 -62.1920
-250.94000 -128.50000 1.50000 -142.1787
19.96000 -49.48000 1.50000 -62.6068
-195.55000 -35.66000 1.50000 -62.1569
-250.94000 -128.50000 1.50000 -142.1228
19.96000 -49.48000 1.50000 -62.6472
-195.55000 -35.66000 1.50000 -62.1219
-250.94000 -128.50000 1.50000 -142.0666
19.96000 -49.48000 1.50000 -62.6876
-195.55000 -35.66000 1.50000 -62.0870
-250.94000 -128.50000 1.50000 -142.0100
19.96000 -49.48000 1.50000 -62.7279
-195.55000 -35.66000 1.50000 -62.0521
-250.94000 -128.50000 1.50000 -141.9531
19.96000 -49.48000 1.50000 -62.7682
-195.55000 -35.66000 1.50000 -62.0174
-250.94000 -128.50000 1.50000 -141.8958
19.96000 -49.48000 1.50000 -62.8084
-195.55000 -35.66000 1.50000 -61.9828
-250.94000 -128.50000 1.50000 -141.8382
19.96000 -49.48000 1.50000 -62.8486
-195.55000 -35.66000 1.50000 -61.9483
-250.94000 -128.50000 1.50000 -141.7801
19.96000 -49.48000 1.50000 -62.8887
-195.55000 -35.66000 1.50000 -61.9139
-250.94000 -128.50000 1.50000 -141.7217
19.96000 -49.48000 1.50000 -62.9288
-195.55000 -35.66000 1.50000 -61.8796
-250.94000 -128.50000 1.50000 -141.6629
19.96000 -49.48000 1.50000 -62.9619
-195.55000 -35.66000 1.50000 -61.9271
-250.94000 -128.50000 1.50000 -101.6745
19.96000 -49.48000 1.50000 -62.9221
-195.55000 -35.66000 1.50000 -61.9610
-250.94000 -128.50000 1.50000 -141.7332
19.96000 -49.48000 1.50000 -62.8823
-195.55000 -35.66000 1.50000 -61.9950
-250.94000 -128.50000 1.50000 -141.7914
19.96000 -49.48000 1.50000 -62.8424
-195.55000 -35.66000 1.50000 -62.0292
-250.94000 -128.50000 1.50000 -141.8493
19.96000 -49.48000 1.50000 -62.8025
-195.55000 -35.66000 1.50000 -62.0634
-250.94000 -128.50000 1.50000 -141.9068
19.96000 -49.48000 1.50000 -62.7626
-195.55000 -35.66000 1.50000 -62.0978
-250.94000 -128.50000 1.50000 -141.9640
19.96000 -49.48000 1.50000 -62.7226
-195.55000 -35.66000 1.50000 -62.1323
-250.94000 -128.50000 1.50000 -142.0208
19.96000 -49.48000 1.50000 -62.6825
-195.55000 -35.66000 1.50000 -62.1668
-250.94000 -128.50000 1.50000 -142.0772
19.96000 -49.48000 1.50000 -62.6424
-195.55000 -35.66000 1.50000 -62.2015
-250.94000 -128.50000 1.50000 -142.1333
19.96000 -49.48000 1.50000 -62.6023
-195.55000 -35.66000 1.50000 -62.2362
-250.94000 -128.50000 1.50000 -142.1890
19.96000 -49.48000 1.50000 -62.5621
-195.55000 -35.66000 1.50000 -62.2711
-250.94000 -128.50000 1.50000 -142.2444
19.96000 -49.48000 1.50000 -62.5219
-195.55000 -35.66000 1.50000 -62.3060
-250.94000 -128.50000 1.50000 -142.2994
19.96000 -49.48000 1.50000 -62.4817
-195.55000 -35.66000 1.50000 -62.3410
-250.94000 -128.50000 1.50000 -142.3542
19.96000 -49.48000 1.50000 -62.4414
-195.55000 -35.66000 1.50000 -62.3760
-250.94000 -128.50000 1.50000 -142.4085
19.96000 -49.48000 1.50000 -62.4011
-195.55000 -35.66000 1.50000 -62.4112
-250.94000 -128.50000 1.50000 -142.4626
19.96000 -49.48000 1.50000 -62.3608
-195.55000 -35.66000 1.50000 -62.4464
-250.94000 -128.50000 1.50000 -142.5163
19.96000 -49.48000 1.50000 -62.3205
-195.55000 -35.66000 1.50000 -62.4816
-250.94000 -128.50000 1.50000 -142.5698
19.96000 -49.48000 1.50000 -62.2801
-195.55000 -35.66000 1.50000 -62.5170
-250.94000 -128.50000 1.50000 -142.6229
19.96000 -49.48000 1.50000 -62.2398
-195.55000 -35.66000 1.50000 -62.5523
-250.94000 -128.50000 1.50000 -142.6756
19.96000 -49.48000 1.50000 -62.1994
-195.55000 -35.66000 1.50000 -62.5877
-250.94000 -128.50000 1.50000 -142.7281
19.96000 -49.48000 1.50000 -62.1590
-195.55000 -35.66000 1.50000 -62.6232
-250.94000 -128.50000 1.50000 -142.7803
19.96000 -49.48000 1.50000 -62.1989
-195.55000 -35.66000 1.50000 -62.6636
-250.94000 -128.50000 1.50000 -142.7896
19.96000 -49.48000 1.50000 -62.2389
-195.55000 -35.66000 1.50000 -62.6285
-250.94000 -128.50000 1.50000 -142.7375
19.96000 -49.48000 1.50000 -62.2789
-195.55000 -35.66000 1.50000 -62.5934
-250.94000 -128.50000 1.50000 -142.6852
19.96000 -49.48000 1.50000 -62.3189
-195.55000 -35.66000 1.50000 -62.5583
-250.94000 -128.50000 1.50000 -142.6325
19.96000 -49.48000 1.50000 -62.3589
-195.55000 -35.66000 1.50000 -62.5234
-250.94000 -128.50000 1.50000 -142.5795
19.96000 -49.48000 1.50000 -62.3989
-195.55000 -35.66000 1.50000 -62.4884
-250.94000 -128.50000 1.50000 -142.5262
19.96000 -49.48000 1.50000 -62.4388
-195.55000 -35.66000 1.50000 -62.4536
-250.94000 -128.50000 1.50000 -142.4726
19.96000 -49.48000 1.50000 -62.4788
-195.55000 -35.66000 1.50000 -62.4188
-250.94000 -128.50000 1.50000 -142.4187
19.96000 -49.48000 1.50000 -62.5187
-195.55000 -35.66000 1.50000 -62.3841
-250.94000 -128.50000 1.50000 -142.3644
19.96000 -49.48000 1.50000 -62.5586
-195.55000 -35.66000 1.50000 -62.3494
-250.94000 -128.50000 1.50000 -142.3098
19.96000 -49.48000 1.50000 -62.5985
-195.55000 -35.66000 1.50000 -62.3149
-250.94000 -128.50000 1.50000 -142.2549
19.96000 -49.48000 1.50000 -62.6383
-195.55000 -35.66000 1.50000 -62.2804
-250.94000 -128.50000 1.50000 -142.1997
19.96000 -49.48000 1.50000 -62.6781
-195.55000 -35.66000 1.50000 -62.2460
-250.94000 -128.50000 1.50000 -142.1441
19.96000 -49.48000 1.50000 -62.7179
-195.55000 -35.66000 1.50000 -62.2117
-250.94000 -128.50000 1.50000 -142.0881
19.96000 -49.48000 1.50000 -62.7576
-195.55000 -35.66000 1.50000 -62.1775
-250.94000 -128.50000 1.50000 -142.0318
19.96000 -49.48000 1.50000 -62.7973
-195.55000 -35.66000 1.50000 -62.1434
-250.94000 -128.50000 1.50000 -101.9752
19.96000 -49.48000 1.50000 -62.8369
-195.55000 -35.66000 1.50000 -62.1094
-250.94000 -128.50000 1.50000 -101.9182
19.96000 -49.48000 1.50000 -62.8765
-195.55000 -35.66000 1.50000 -62.0755
-250.94000 -128.50000 1.50000 -101.8608
19.96000 -49.48000 1.50000 -62.9161
-195.55000 -35.66000 1.50000 -62.0417
-250.94000 -128.50000 1.50000 -101.8031
19.96000 -49.48000 1.50000 -62.9556
-195.55000 -35.66000 1.50000 -62.0080
-250.94000 -128.50000 1.50000 -101.7450
19.96000 -49.48000 1.50000 -62.9891
-195.55000 -35.66000 1.50000 -62.0549
-250.94000 -128.50000 1.50000 -101.7572
19.96000 -49.48000 1.50000 -62.9499
-195.55000 -35.66000 1.50000 -62.0882
-250.94000 -128.50000 1.50000 -101.8152
19.96000 -49.48000 1.50000 -62.9106
-195.55000 -35.66000 1.50000 -62.1216
-250.94000 -128.50000 1.50000 -101.8727
19.96000 -49.48000 1.50000 -62.8714
-195.55000 -35.66000 1.50000 -62.1552
-250.94000 -128.50000 1.50000 -101.9299
19.96000 -49.48000 1.50000 -62.8320
-195.55000 -35.66000 1.50000 -62.1888
-250.94000 -128.50000 1.50000 -101.9868
19.96000 -49.48000 1.50000 -62.7926
-195.55000 -35.66000 1.50000 -62.2226
-250.94000 -128.50000 1.50000 -102.0433
19.96000 -49.48000 1.50000 -62.7532
-195.55000 -35.66000 1.50000 -62.2564
-250.94000 -128.50000 1.50000 -102.0994
19.96000 -49.48000 1.50000 -62.7138
-195.55000 -35.66000 1.50000 -62.2904
-250.94000 -128.50000 1.50000 -102.1552
19.96000 -49.48000 1.50000 -62.6743
-195.55000 -35.66000 1.50000 -62.3244
-250.94000 -128.50000 1.50000 -102.2107
19.96000 -49.48000 1.50000 -62.6348
-195.55000 -35.66000 1.50000 -62.3586
-250.94000 -128.50000 1.50000 -102.2658
19.96000 -49.48000 1.50000 -62.5953
-195.55000 -35.66000 1.50000 -62.3928
-250.94000 -128.50000 1.50000 -142.3206
19.96000 -49.48000 1.50000 -62.5557
-195.55000 -35.66000 1.50000 -62.4271
-250.94000 -128.50000 1.50000 -142.3750
19.96000 -49.48000 1.50000 -62.5162
-195.55000 -35.66000 1.50000 -62.4615
-250.94000 -128.50000 1.50000 -142.4291
19.96000 -49.48000 1.50000 -62.4766
-195.55000 -35.66000 1.50000 -62.4959
-250.94000 -128.50000 1.50000 -142.4829
19.96000 -49.48000 1.50000 -62.4370
-195.55000 -35.66000 1.50000 -62.5304
-250.94000 -128.50000 1.50000 -142.5364
19.96000 -49.48000 1.50000 -62.3973
-195.55000 -35.66000 1.50000 -62.5650
-250.94000 -128.50000 1.50000 -142.5896
19.96000 -49.48000 1.50000 -62.3577
-195.55000 -35.66000 1.50000 -62.5997
-250.94000 -128.50000 1.50000 -142.6425
19.96000 -49.48000 1.50000 -62.3180
-195.55000 -35.66000 1.50000 -62.6344
-250.94000 -128.50000 1.50000 -142.6950
19.96000 -49.48000 1.50000 -62.3572
-195.55000 -35.66000 1.50000 -62.6753
-250.94000 -128.50000 1.50000 -142.7052
19.96000 -49.48000 1.50000 -62.3965
-195.55000 -35.66000 1.50000 -62.6410
-250.94000 -128.50000 1.50000 -142.6527
19.96000 -49.48000 1.50000 -62.4358
-195.55000 -35.66000 1.50000 -62.6066
-250.94000 -128.50000 1.50000 -142.6000
19.96000 -49.48000 1.50000 -62.4750
-195.55000 -35.66000 1.50000 -62.5724
-250.94000 -128.50000 1.50000 -102.5470
19.96000 -49.48000 1.50000 -62.5143
-195.55000 -35.66000 1.50000 -62.5382
-250.94000 -128.50000 1.50000 -102.4936
19.96000 -49.48000 1.50000 -62.5536
-195.55000 -35.66000 1.50000 -62.5041
-250.94000 -128.50000 1.50000 -102.4399
19.96000 -49.48000 1.50000 -62.5928
-195.55000 -35.66000 1.50000 -62.4700
-250.94000 -128.50000 1.50000 -102.3859
19.96000 -49.48000 1.50000 -62.6320
-195.55000 -35.66000 1.50000 -62.4361
-250.94000 -128.50000 1.50000 -102.3316
19.96000 -49.48000 1.50000 -62.6712
-195.55000 -35.66000 1.50000 -62.4022
-250.94000 -128.50000 1.50000 -102.2770
19.96000 -49.48000 1.50000 -62.7104
-195.55000 -35.66000 1.50000 -62.3684
-250.94000 -128.50000 1.50000 -102.2220
19.96000 -49.48000 1.50000 -62.7495
-195.55000 -35.66000 1.50000 -62.3347
-250.94000 -128.50000 1.50000 -102.1667
19.96000 -49.48000 1.50000 -62.7887
-195.55000 -35.66000 1.50000 -62.3011
-250.94000 -128.50000 1.50000 -102.1110
19.96000 -49.48000 1.50000 -62.8278
-195.55000 -35.66000 1.50000 -62.2676
-250.94000 -128.50000 1.50000 -102.0551
19.96000 -49.48000 1.50000 -62.8668
-195.55000 -35.66000 1.50000 -62.2342
-250.94000 -128.50000 1.50000 -101.9987
19.96000 -49.48000 1.50000 -62.9058
-195.55000 -35.66000 1.50000 -62.2009
-250.94000 -128.50000 1.50000 -101.9420
19.96000 -49.48000 1.50000 -62.9448
-195.55000 -35.66000 1.50000 -62.1677
-250.94000 -128.50000 1.50000 -101.8850
19.96000 -49.48000 1.50000 -62.9837
-195.55000 -35.66000 1.50000 -62.1346
-250.94000 -128.50000 1.50000 -101.8276
19.96000 -49.48000 1.50000 -63.0176
-195.55000 -35.66000 1.50000 -62.1809
-250.94000 -128.50000 1.50000 -101.8404
19.96000 -49.48000 1.50000 -62.9790
-195.55000 -35.66000 1.50000 -62.2136
-250.94000 -128.50000 1.50000 -101.8976
19.96000 -49.48000 1.50000 -62.9403
-195.55000 -35.66000 1.50000 -62.2465
-250.94000 -128.50000 1.50000 -101.9545
19.96000 -49.48000 1.50000 -62.9016
-195.55000 -35.66000 1.50000 -62.2794
-250.94000 -128.50000 1.50000 -102.0110
19.96000 -49.48000 1.50000 -62.8629
-195.55000 -35.66000 1.50000 -62.3125
-250.94000 -128.50000 1.50000 -102.0672
19.96000 -49.48000 1.50000 -62.8241
-195.55000 -35.66000 1.50000 -62.3456
-250.94000 -128.50000 1.50000 -102.1230
19.96000 -49.48000 1.50000 -62.7853
-195.55000 -35.66000 1.50000 -62.3789
-250.94000 -128.50000 1.50000 -102.1785
19.96000 -49.48000 1.50000 -62.7465
-195.55000 -35.66000 1.50000 -62.4123
-250.94000 -128.50000 1.50000 -102.2337
19.96000 -49.48000 1.50000 -62.7076
-195.55000 -35.66000 1.50000 -62.4457
-250.94000 -128.50000 1.50000 -102.2885
19.96000 -49.48000 1.50000 -62.6688
-195.55000 -35.66000 1.50000 -62.4793
-250.94000 -128.50000 1.50000 -102.3430
19.96000 -49.48000 1.50000 -62.6299
-195.55000 -35.66000 1.50000 -62.5129
-250.94000 -128.50000 1.50000 -102.3972
19.96000 -49.48000 1.50000 -62.5910
-195.55000 -35.66000 1.50000 -62.5466
-250.94000 -128.50000 1.50000 -102.4510
19.96000 -49.48000 1.50000 -62.5521
-195.55000 -35.66000 1.50000 -62.5804
-250.94000 -128.50000 1.50000 -102.5046
19.96000 -49.48000 1.50000 -62.5131
-195.55000 -35.66000 1.50000 -62.6143
-250.94000 -128.50000 1.50000 -102.5578
19.96000 -49.48000 1.50000 -62.4742
-195.55000 -35.66000 1.50000 -62.6482
-250.94000 -128.50000 1.50000 -102.6107
19.96000 -49.48000 1.50000 -62.4352
-195.55000 -35.66000 1.50000 -62.6822
-250.94000 -128.50000 1.50000 -102.6633
19.96000 -49.48000 1.50000 -62.3963
-195.55000 -35.66000 1.50000 -62.7162
-250.94000 -128.50000 1.50000 -102.7156
19.96000 -49.48000 1.50000 -102.4354
-195.55000 -35.66000 1.50000 -62.7571
-250.94000 -128.50000 1.50000 -102.7264
19.96000 -49.48000 1.50000 -62.4740
-195.55000 -35.66000 1.50000 -62.7233
-250.94000 -128.50000 1.50000 -102.6742
19.96000 -49.48000 1.50000 -62.5126
-195.55000 -35.66000 1.50000 -62.6897
-250.94000 -128.50000 1.50000 -102.6217
19.96000 -49.48000 1.50000 -62.5512
-195.55000 -35.66000 1.50000 -62.6560
-250.94000 -128.50000 1.50000 -102.5689
19.96000 -49.48000 1.50000 -62.5898
-195.55000 -35.66000 1.50000 -62.6225
-250.94000 -128.50000 1.50000 -102.5159
19.96000 -49.48000 1.50000 -62.6284
-195.55000 -35.66000 1.50000 -62.5891
-250.94000 -128.50000 1.50000 -102.4624
19.96000 -49.48000 1.50000 -62.6670
-195.55000 -35.66000 1.50000 -62.5557
-250.94000 -128.50000 1.50000 -102.4087
19.96000 -49.48000 1.50000 -62.7055
-195.55000 -35.66000 1.50000 -62.5224
-250.94000 -128.50000 1.50000 -102.3547
19.96000 -49.48000 1.50000 -62.7441
-195.55000 -35.66000 1.50000 -62.4892
-250.94000 -128.50000 1.50000 -102.3004
19.96000 -49.48000 1.50000 -62.7826
-195.55000 -35.66000 1.50000 -62.4560
-250.94000 -128.50000 1.50000 -102.2457
19.96000 -49.48000 1.50000 -62.8211
-195.55000 -35.66000 1.50000 -62.4230
-250.94000 -128.50000 1.50000 -102.1907
19.96000 -49.48000 1.50000 -62.8596
-195.55000 -35.66000 1.50000 -62.3901
-250.94000 -128.50000 1.50000 -102.1353
19.96000 -49.48000 1.50000 -62.8980
-195.55000 -35.66000 1.50000 -62.3573
-250.94000 -128.50000 1.50000 -102.0797
19.96000 -49.48000 1.50000 -62.9365
-195.55000 -35.66000 1.50000 -62.3245
-250.94000 -128.50000 1.50000 -102.0236
19.96000 -49.48000 1.50000 -62.9749
-195.55000 -35.66000 1.50000 -62.2919
-250.94000 -128.50000 1.50000 -101.9673
19.96000 -49.48000 1.50000 -63.0133
-195.55000 -35.66000 1.50000 -62.2594
-250.94000 -128.50000 1.50000 -101.9106
19.96000 -49.48000 1.50000 -63.0516
-195.55000 -35.66000 1.50000 -62.2271
-250.94000 -128.50000 1.50000 -101.8535
19.96000 -49.48000 1.50000 -63.0856
-195.55000 -35.66000 1.50000 -62.2731
-250.94000 -128.50000 1.50000 -101.8670
19.96000 -49.48000 1.50000 -63.0475
-195.55000 -35.66000 1.50000 -62.3051
-250.94000 -128.50000 1.50000 -101.9239
19.96000 -49.48000 1.50000 -63.0095
-195.55000 -35.66000 1.50000 -62.3373
-250.94000 -128.50000 1.50000 -101.9804
19.96000 -49.48000 1.50000 -62.9714
-195.55000 -35.66000 1.50000 -62.3696
-250.94000 -128.50000 1.50000 -102.0366
19.96000 -49.48000 1.50000 -62.9332
-195.55000 -35.66000 1.50000 -62.4019
-250.94000 -128.50000 1.50000 -102.0925
19.96000 -49.48000 1.50000 -62.8951
-195.55000 -35.66000 1.50000 -62.4344
-250.94000 -128.50000 1.50000 -102.1480
19.96000 -49.48000 1.50000 -62.8569
-195.55000 -35.66000 1.50000 -62.4670
-250.94000 -128.50000 1.50000 -102.2032
19.96000 -49.48000 1.50000 -62.8187
-195.55000 -35.66000 1.50000 -62.4997
-250.94000 -128.50000 1.50000 -102.2580
19.96000 -49.48000 1.50000 -62.7805
-195.55000 -35.66000 1.50000 -62.5325
-250.94000 -128.50000 1.50000 -102.3125
19.96000 -49.48000 1.50000 -62.7423
-195.55000 -35.66000 1.50000 -62.5654
-250.94000 -128.50000 1.50000 -102.3667
19.96000 -49.48000 1.50000 -62.7041
-195.55000 -35.66000 1.50000 -62.5984
-250.94000 -128.50000 1.50000 -102.4206
19.96000 -49.48000 1.50000 -62.6658
-195.55000 -35.66000 1.50000 -62.6314
-250.94000 -128.50000 1.50000 -102.4742
19.96000 -49.48000 1.50000 -62.6276
-195.55000 -35.66000 1.50000 -62.6646
-250.94000 -128.50000 1.50000 -102.5274
19.96000 -49.48000 1.50000 -62.5893
-195.55000 -35.66000 1.50000 -62.6978
-250.94000 -128.50000 1.50000 -102.5804
19.96000 -49.48000 1.50000 -62.5511
-195.55000 -35.66000 1.50000 -62.7311
-250.94000 -128.50000 1.50000 -102.6330
19.96000 -49.48000 1.50000 -62.5128
-195.55000 -35.66000 1.50000 -62.7644
-250.94000 -128.50000 1.50000 -102.6854
19.96000 -49.48000 1.50000 -102.4746
-195.55000 -35.66000 1.50000 -62.7978
-250.94000 -128.50000 1.50000 -102.7374
19.96000 -49.48000 1.50000 -102.5137
-195.55000 -35.66000 1.50000 -62.8385
-250.94000 -128.50000 1.50000 -102.7487
19.96000 -49.48000 1.50000 -102.5516
-195.55000 -35.66000 1.50000 -62.8054
-250.94000 -128.50000 1.50000 -102.6968
19.96000 -49.48000 1.50000 -62.5895
-195.55000 -35.66000 1.50000 -62.7724
-250.94000 -128.50000 1.50000 -102.6446
19.96000 -49.48000 1.50000 -62.6274
-195.55000 -35.66000 1.50000 -62.7394
-250.94000 -128.50000 1.50000 -102.5921
19.96000 -49.48000 1.50000 -62.6654
-195.55000 -35.66000 1.50000 -62.7065
-250.94000 -128.50000 1.50000 -102.5393
19.96000 -49.48000 1.50000 -62.7033
-195.55000 -35.66000 1.50000 -62.6737
-250.94000 -128.50000 1.50000 -102.4862
19.96000 -49.48000 1.50000 -62.7412
-195.55000 -35.66000 1.50000 -62.6410
-250.94000 -128.50000 1.50000 -102.4328
19.96000 -49.48000 1.50000 -62.7791
-195.55000 -35.66000 1.50000 -62.6083
-250.94000 -128.50000 1.50000 -102.3791
19.96000 -49.48000 1.50000 -62.8170
-195.55000 -35.66000 1.50000 -62.5758
-250.94000 -128.50000 1.50000 -102.3250
19.96000 -49.48000 1.50000 -62.8549
-195.55000 -35.66000 1.50000 -62.5433
-250.94000 -128.50000 1.50000 -102.2707
19.96000 -49.48000 1.50000 -62.8928
-195.55000 -35.66000 1.50000 -62.5109
-250.94000 -128.50000 1.50000 -102.2160
19.96000 -49.48000 1.50000 -62.9306
-195.55000 -35.66000 1.50000 -62.4787
-250.94000 -128.50000 1.50000 -102.1610
19.96000 -49.48000 1.50000 -62.9685
-195.55000 -35.66000 1.50000 -62.4465
-250.94000 -128.50000 1.50000 -102.1056
19.96000 -49.48000 1.50000 -63.0063
-195.55000 -35.66000 1.50000 -62.4145
-250.94000 -128.50000 1.50000 -102.0499
19.96000 -49.48000 1.50000 -63.0441
-195.55000 -35.66000 1.50000 -62.3825
-250.94000 -128.50000 1.50000 -101.9939
19.96000 -49.48000 1.50000 -63.0818
-195.55000 -35.66000 1.50000 -62.3507
-250.94000 -128.50000 1.50000 -101.9376
19.96000 -49.48000 1.50000 -63.1196
-195.55000 -35.66000 1.50000 -62.3190
-250.94000 -128.50000 1.50000 -101.8809
19.96000 -49.48000 1.50000 -63.1536
-195.55000 -35.66000 1.50000 -62.3648
-250.94000 -128.50000 1.50000 -101.8951
19.96000 -49.48000 1.50000 -63.1162
-195.55000 -35.66000 1.50000 -62.3962
-250.94000 -128.50000 1.50000 -101.9516
19.96000 -49.48000 1.50000 -63.0787
-195.55000 -35.66000 1.50000 -62.4277
-250.94000 -128.50000 1.50000 -102.0078
19.96000 -49.48000 1.50000 -63.0412
-195.55000 -35.66000 1.50000 -62.4593
-250.94000 -128.50000 1.50000 -102.0636
19.96000 -49.48000 1.50000 -63.0037
-195.55000 -35.66000 1.50000 -62.4910
-250.94000 -128.50000 1.50000 -102.1191
19.96000 -49.48000 1.50000 -62.9662
-195.55000 -35.66000 1.50000 -62.5228
-250.94000 -128.50000 1.50000 -102.1743
19.96000 -49.48000 1.50000 -62.9286
-195.55000 -35.66000 1.50000 -62.5548
-250.94000 -128.50000 1.50000 -102.2291
19.96000 -49.48000 1.50000 -62.8911
-195.55000 -35.66000 1.50000 -62.5868
-250.94000 -128.50000 1.50000 -102.2837
19.96000 -49.48000 1.50000 -62.8535
-195.55000 -35.66000 1.50000 -62.6189
-250.94000 -128.50000 1.50000 -102.3379
19.96000 -49.48000 1.50000 -62.8159
-195.55000 -35.66000 1.50000 -62.6512
-250.94000 -128.50000 1.50000 -102.3918
19.96000 -49.48000 1.50000 -62.7783
-195.55000 -35.66000 1.50000 -62.6835
-250.94000 -128.50000 1.50000 -102.4453
19.96000 -49.48000 1.50000 -62.7407
-195.55000 -35.66000 1.50000 -62.7159
-250.94000 -128.50000 1.50000 -102.4986
19.96000 -49.48000 1.50000 -62.7031
-195.55000 -35.66000 1.50000 -62.7484
-250.94000 -128.50000 1.50000 -102.5516
19.96000 -49.48000 1.50000 -62.6656
-195.55000 -35.66000 1.50000 -62.7810
-250.94000 -128.50000 1.50000 -102.6042
19.96000 -49.48000 1.50000 -102.6280
-195.55000 -35.66000 1.50000 -62.8137
-250.94000 -128.50000 1.50000 -102.6566
19.96000 -49.48000 1.50000 -102.5904
-195.55000 -35.66000 1.50000 -62.8464
-250.94000 -128.50000 1.50000 -102.7086
19.96000 -49.48000 1.50000 -62.5528
-195.55000 -35.66000 1.50000 -62.8792
-250.94000 -128.50000 1.50000 -102.7604
19.96000 -49.48000 1.50000 -62.5153
-195.55000 -35.66000 1.50000 -62.9121
-250.94000 -128.50000 1.50000 -102.8119
19.96000 -49.48000 1.50000 -62.5547
-195.55000 -35.66000 1.50000 -62.9523
-250.94000 -128.50000 1.50000 -102.8236
19.96000 -49.48000 1.50000 -62.5919
-195.55000 -35.66000 1.50000 -62.9198
-250.94000 -128.50000 1.50000 -102.7723
19.96000 -49.48000 1.50000 -62.6291
-195.55000 -35.66000 1.50000 -62.8873
-250.94000 -128.50000 1.50000 -102.7207
19.96000 -49.48000 1.50000 -102.6664
-195.55000 -35.66000 1.50000 -62.8549
-250.94000 -128.50000 1.50000 -102.6688
19.96000 -49.48000 1.50000 -102.7037
-195.55000 -35.66000 1.50000 -62.8225
-250.94000 -128.50000 1.50000 -102.6166
19.96000 -49.48000 1.50000 -62.7409
-195.55000 -35.66000 1.50000 -62.7903
-250.94000 -128.50000 1.50000 -102.5641
19.96000 -49.48000 1.50000 -62.7782
-195.55000 -35.66000 1.50000 -62.7581
-250.94000 -128.50000 1.50000 -102.5113
19.96000 -49.48000 1.50000 -62.8155
-195.55000 -35.66000 1.50000 -62.7260
-250.94000 -128.50000 1.50000 -102.4581
19.96000 -49.48000 1.50000 -62.8527
-195.55000 -35.66000 1.50000 -62.6939
-250.94000 -128.50000 1.50000 -102.4047
19.96000 -49.48000 1.50000 -62.8900
-195.55000 -35.66000 1.50000 -62.6620
-250.94000 -128.50000 1.50000 -102.3510
19.96000 -49.48000 1.50000 -62.9272
-195.55000 -35.66000 1.50000 -62.6302
-250.94000 -128.50000 1.50000 -102.2970
19.96000 -49.48000 1.50000 -62.9645
-195.55000 -35.66000 1.50000 -62.5985
-250.94000 -128.50000 1.50000 -102.2426
19.96000 -49.48000 1.50000 -63.0017
-195.55000 -35.66000 1.50000 -62.5669
-250.94000 -128.50000 1.50000 -102.1879
19.96000 -49.48000 1.50000 -63.0390
-195.55000 -35.66000 1.50000 -62.5353
-250.94000 -128.50000 1.50000 -102.1329
19.96000 -49.48000 1.50000 -63.0762
-195.55000 -35.66000 1.50000 -62.5040
-250.94000 -128.50000 1.50000 -102.0776
19.96000 -49.48000 1.50000 -63.1134
-195.55000 -35.66000 1.50000 -62.4727
-250.94000 -128.50000 1.50000 -102.0219
19.96000 -49.48000 1.50000 -63.1505
-195.55000 -35.66000 1.50000 -62.4415
-250.94000 -128.50000 1.50000 -101.9659
19.96000 -49.48000 1.50000 -63.1849
-195.55000 -35.66000 1.50000 -62.4867
-250.94000 -128.50000 1.50000 -101.9806
19.96000 -49.48000 1.50000 -63.1480
-195.55000 -35.66000 1.50000 -62.5175
-250.94000 -128.50000 1.50000 -102.0365
19.96000 -49.48000 1.50000 -63.1111
-195.55000 -35.66000 1.50000 -62.5485
-250.94000 -128.50000 1.50000 -102.0919
19.96000 -49.48000 1.50000 -63.0742
-195.55000 -35.66000 1.50000 -62.5796
-250.94000 -128.50000 1.50000 -102.1471
19.96000 -49.48000 1.50000 -63.0373
-195.55000 -35.66000 1.50000 -62.6108
-250.94000 -128.50000 1.50000 -102.2019
19.96000 -49.48000 1.50000 -63.0004
-195.55000 -35.66000 1.50000 -62.6421
-250.94000 -128.50000 1.50000 -102.2564
19.96000 -49.48000 1.50000 -62.9634
-195.55000 -35.66000 1.50000 -62.6735
-250.94000 -128.50000 1.50000 -102.3106
19.96000 -49.48000 1.50000 -62.9265
-195.55000 -35.66000 1.50000 -62.7050
-250.94000 -128.50000 1.50000 -102.3645
19.96000 -49.48000 1.50000 -62.8895
-195.55000 -35.66000 1.50000 -62.7366
-250.94000 -128.50000 1.50000 -102.4180
19.96000 -49.48000 1.50000 -62.8526
-195.55000 -35.66000 1.50000 -62.7683
-250.94000 -128.50000 1.50000 -102.4713
19.96000 -49.48000 1.50000 -62.8156
-195.55000 -35.66000 1.50000 -62.8001
-250.94000 -128.50000 1.50000 -102.5242
19.96000 -49.48000 1.50000 -102.7787
-195.55000 -35.66000 1.50000 -62.8320
-250.94000 -128.50000 1.50000 -102.5769
19.96000 -49.48000 1.50000 -102.7417
-195.55000 -35.66000 1.50000 -62.8639
-250.94000 -128.50000 1.50000 -102.6292
19.96000 -49.48000 1.50000 -62.7048
-195.55000 -35.66000 1.50000 -62.8960
-250.94000 -128.50000 1.50000 -102.6813
19.96000 -49.48000 1.50000 -62.6679
-195.55000 -35.66000 1.50000 -62.9281
-250.94000 -128.50000 1.50000 -102.7330
19.96000 -49.48000 1.50000 -62.6310
-195.55000 -35.66000 1.50000 -62.9603
-250.94000 -128.50000 1.50000 -102.7845
19.96000 -49.48000 1.50000 -62.5941
-195.55000 -35.66000 1.50000 -62.9925
-250.94000 -128.50000 1.50000 -102.8357
19.96000 -49.48000 1.50000 -62.6335
-195.55000 -35.66000 1.50000 -63.0327
-250.94000 -128.50000 1.50000 -102.8481
19.96000 -49.48000 1.50000 -62.6701
-195.55000 -35.66000 1.50000 -63.0007
-250.94000 -128.50000 1.50000 -102.7970
19.96000 -49.48000 1.50000 -62.7066
-195.55000 -35.66000 1.50000 -62.9688
-250.94000 -128.50000 1.50000 -102.7457
19.96000 -49.48000 1.50000 -62.7432
-195.55000 -35.66000 1.50000 -62.9370
-250.94000 -128.50000 1.50000 -102.6941
19.96000 -49.48000 1.50000 -62.7798
-195.55000 -35.66000 1.50000 -62.9053
-250.94000 -128.50000 1.50000 -102.6422
19.96000 -49.48000 1.50000 -102.8165
-195.55000 -35.66000 1.50000 -62.8736
-250.94000 -128.50000 1.50000 -102.5900
19.96000 -49.48000 1.50000 -102.8531
-195.55000 -35.66000 1.50000 -62.8421
-250.94000 -128.50000 1.50000 -102.5375
19.96000 -49.48000 1.50000 -62.8897
-195.55000 -35.66000 1.50000 -62.8106
-250.94000 -128.50000 1.50000 -102.4847
19.96000 -49.48000 1.50000 -62.9264
-195.55000 -35.66000 1.50000 -62.7792
-250.94000 -128.50000 1.50000 -102.4316
19.96000 -49.48000 1.50000 -62.9630
-195.55000 -35.66000 1.50000 -62.7479
-250.94000 -128.50000 1.50000 -102.3782
19.96000 -49.48000 1.50000 -62.9996
-195.55000 -35.66000 1.50000 -62.7167
-250.94000 -128.50000 1.50000 -102.3245
19.96000 -49.48000 1.50000 -63.0363
-195.55000 -35.66000 1.50000 -62.6856
-250.94000 -128.50000 1.50000 -102.2705
19.96000 -49.48000 1.50000 -63.0729
-195.55000 -35.66000 1.50000 -62.6546
-250.94000 -128.50000 1.50000 -102.2162
19.96000 -49.48000 1.50000 -63.1095
-195.55000 -35.66000 1.50000 -62.6237
-250.94000 -128.50000 1.50000 -102.1616
19.96000 -49.48000 1.50000 -63.1461
-195.55000 -35.66000 1.50000 -62.5930
-250.94000 -128.50000 1.50000 -102.1066
19.96000 -49.48000 1.50000 -63.1827
-195.55000 -35.66000 1.50000 -62.5623
-250.94000 -128.50000 1.50000 -102.0513
19.96000 -49.48000 1.50000 -63.2193
-195.55000 -35.66000 1.50000 -62.5318
-250.94000 -128.50000 1.50000 -101.9957
19.96000 -49.48000 1.50000 -63.2537
-195.55000 -35.66000 1.50000 -62.5767
-250.94000 -128.50000 1.50000 -102.0110
19.96000 -49.48000 1.50000 -63.2174
-195.55000 -35.66000 1.50000 -62.6070
-250.94000 -128.50000 1.50000 -102.0665
19.96000 -49.48000 1.50000 -63.1811
-195.55000 -35.66000 1.50000 -62.6373
-250.94000 -128.50000 1.50000 -102.1216
19.96000 -49.48000 1.50000 -63.1448
-195.55000 -35.66000 1.50000 -62.6677
-250.94000 -128.50000 1.50000 -102.1763
19.96000 -49.48000 1.50000 -63.1085
-195.55000 -35.66000 1.50000 -62.6983
-250.94000 -128.50000 1.50000 -102.2308
19.96000 -49.48000 1.50000 -63.0722
-195.55000 -35.66000 1.50000 -62.7290
-250.94000 -128.50000 1.50000 -102.2849
19.96000 -49.48000 1.50000 -63.0358
-195.55000 -35.66000 1.50000 -62.7598
-250.94000 -128.50000 1.50000 -102.3388
19.96000 -49.48000 1.50000 -62.9995
-195.55000 -35.66000 1.50000 -62.7907
-250.94000 -128.50000 1.50000 -102.3923
19.96000 -49.48000 1.50000 -62.9632
-195.55000 -35.66000 1.50000 -62.8217
-250.94000 -128.50000 1.50000 -102.4455
19.96000 -49.48000 1.50000 -102.9268
-195.55000 -35.66000 1.50000 -62.8528
-250.94000 -128.50000 1.50000 -102.4984
19.96000 -49.48000 1.50000 -102.8905
-195.55000 -35.66000 1.50000 -62.8839
-250.94000 -128.50000 1.50000 -102.5511
19.96000 -49.48000 1.50000 -62.8542
-195.55000 -35.66000 1.50000 -62.9152
-250.94000 -128.50000 1.50000 -102.6034
19.96000 -49.48000 1.50000 -62.8179
-195.55000 -35.66000 1.50000 -62.9466
-250.94000 -128.50000 1.50000 -102.6554
19.96000 -49.48000 1.50000 -62.7816
-195.55000 -35.66000 1.50000 -62.9780
-250.94000 -128.50000 1.50000 -102.7072
19.96000 -49.48000 1.50000 -62.7453
-195.55000 -35.66000 1.50000 -63.0095
-250.94000 -128.50000 1.50000 -102.7586
19.96000 -49.48000 1.50000 -62.7091
-195.55000 -35.66000 1.50000 -63.0411
-250.94000 -128.50000 1.50000 -102.8098
19.96000 -49.48000 1.50000 -62.6729
-195.55000 -35.66000 1.50000 -63.0728
-250.94000 -128.50000 1.50000 -102.8607
19.96000 -49.48000 1.50000 -62.7122
-195.55000 -35.66000 1.50000 -63.1128
-250.94000 -128.50000 1.50000 -102.8736
19.96000 -49.48000 1.50000 -62.7481
-195.55000 -35.66000 1.50000 -63.0814
-250.94000 -128.50000 1.50000 -102.8229
19.96000 -49.48000 1.50000 -62.7840
-195.55000 -35.66000 1.50000 -63.0501
-250.94000 -128.50000 1.50000 -102.7718
19.96000 -49.48000 1.50000 -62.8200
-195.55000 -35.66000 1.50000 -63.0189
-250.94000 -128.50000 1.50000 -102.7205
19.96000 -49.48000 1.50000 -62.8560
-195.55000 -35.66000 1.50000 -62.9877
-250.94000 -128.50000 1.50000 -102.6690
19.96000 -49.48000 1.50000 -62.8919
-195.55000 -35.66000 1.50000 -62.9567
-250.94000 -128.50000 1.50000 -102.6171
19.96000 -49.48000 1.50000 -62.9279
-195.55000 -35.66000 1.50000 -62.9257
-250.94000 -128.50000 1.50000 -102.5649
19.96000 -49.48000 1.50000 -102.9640
-195.55000 -35.66000 1.50000 -62.8948
-250.94000 -128.50000 1.50000 -102.5125
19.96000 -49.48000 1.50000 -103.0000
-195.55000 -35.66000 1.50000 -62.8640
-250.94000 -128.50000 1.50000 -102.4597
19.96000 -49.48000 1.50000 -63.0360
-195.55000 -35.66000 1.50000 -62.8334
-250.94000 -128.50000 1.50000 -102.4067
19.96000 -49.48000 1.50000 -63.0720
-195.55000 -35.66000 1.50000 -62.8028
-250.94000 -128.50000 1.50000 -102.3533
19.96000 -49.48000 1.50000 -63.1081
-195.55000 -35.66000 1.50000 -62.7723
-250.94000 -128.50000 1.50000 -102.2997
19.96000 -49.48000 1.50000 -63.1441
-195.55000 -35.66000 1.50000 -62.7419
-250.94000 -128.50000 1.50000 -102.2457
19.96000 -49.48000 1.50000 -63.1801
-195.55000 -35.66000 1.50000 -62.7116
-250.94000 -128.50000 1.50000 -102.1915
19.96000 -49.48000 1.50000 -63.2162
-195.55000 -35.66000 1.50000 -62.6815
-250.94000 -128.50000 1.50000 -102.1369
19.96000 -49.48000 1.50000 -63.2522
-195.55000 -35.66000 1.50000 -62.6515
-250.94000 -128.50000 1.50000 -102.0820
19.96000 -49.48000 1.50000 -63.2869
-195.55000 -35.66000 1.50000 -62.6959
-250.94000 -128.50000 1.50000 -102.0978
19.96000 -49.48000 1.50000 -63.2512
-195.55000 -35.66000 1.50000 -62.7256
-250.94000 -128.50000 1.50000 -102.1525
19.96000 -49.48000 1.50000 -63.2154
-195.55000 -35.66000 1.50000 -62.7554
-250.94000 -128.50000 1.50000 -102.2069
19.96000 -49.48000 1.50000 -63.1797
-195.55000 -35.66000 1.50000 -62.7854
-250.94000 -128.50000 1.50000 -102.2610
19.96000 -49.48000 1.50000 -63.1440
-195.55000 -35.66000 1.50000 -62.8155
-250.94000 -128.50000 1.50000 -102.3147
19.96000 -49.48000 1.50000 -63.1082
-195.55000 -35.66000 1.50000 -62.8456
-250.94000 -128.50000 1.50000 -102.3682
19.96000 -49.48000 1.50000 -103.0725
-195.55000 -35.66000 1.50000 -62.8759
-250.94000 -128.50000 1.50000 -102.4214
19.96000 -49.48000 1.50000 -103.0368
-195.55000 -35.66000 1.50000 -62.9063
-250.94000 -128.50000 1.50000 -102.4742
19.96000 -49.48000 1.50000 -63.0011
-195.55000 -35.66000 1.50000 -62.9368
-250.94000 -128.50000 1.50000 -102.5268
19.96000 -49.48000 1.50000 -62.9654
-195.55000 -35.66000 1.50000 -62.9674
-250.94000 -128.50000 1.50000 -102.5791
19.96000 -49.48000 1.50000 -62.9297
-195.55000 -35.66000 1.50000 -62.9981
-250.94000 -128.50000 1.50000 -102.6311
19.96000 -49.48000 1.50000 -62.8940
-195.55000 -35.66000 1.50000 -63.0288
-250.94000 -128.50000 1.50000 -102.6828
19.96000 -49.48000 1.50000 -62.8583
-195.55000 -35.66000 1.50000 -63.0597
-250.94000 -128.50000 1.50000 -102.7342
19.96000 -49.48000 1.50000 -62.8227
-195.55000 -35.66000 1.50000 -63.0906
-250.94000 -128.50000 1.50000 -102.7853
19.96000 -49.48000 1.50000 -62.7871
-195.55000 -35.66000 1.50000 -63.1216
-250.94000 -128.50000 1.50000 -102.8362
19.96000 -49.48000 1.50000 -62.7515
-195.55000 -35.66000 1.50000 -63.1527
-250.94000 -128.50000 1.50000 -102.8868
19.96000 -49.48000 1.50000 -62.7908
-195.55000 -35.66000 1.50000 -63.1926
-250.94000 -128.50000 1.50000 -102.9002
19.96000 -49.48000 1.50000 -62.8261
-195.55000 -35.66000 1.50000 -63.1618
-250.94000 -128.50000 1.50000 -102.8498
19.96000 -49.48000 1.50000 -62.8614
-195.55000 -35.66000 1.50000 -63.1311
-250.94000 -128.50000 1.50000 -102.7991
19.96000 -49.48000 1.50000 -62.8967
-195.55000 -35.66000 1.50000 -63.1004
-250.94000 -128.50000 1.50000 -102.7481
19.96000 -49.48000 1.50000 -62.9320
-195.55000 -35.66000 1.50000 -63.0699
-250.94000 -128.50000 1.50000 -102.6969
19.96000 -49.48000 1.50000 -62.9674
-195.55000 -35.66000 1.50000 -63.0394
-250.94000 -128.50000 1.50000 -102.6453
19.96000 -49.48000 1.50000 -63.0028
-195.55000 -35.66000 1.50000 -63.0090
-250.94000 -128.50000 1.50000 -102.5935
19.96000 -49.48000 1.50000 -63.0382
-195.55000 -35.66000 1.50000 -62.9787
-250.94000 -128.50000 1.50000 -102.5414
19.96000 -49.48000 1.50000 -63.0736
-195.55000 -35.66000 1.50000 -62.9485
-250.94000 -128.50000 1.50000 -102.4890
19.96000 -49.48000 1.50000 -103.1090
-195.55000 -35.66000 1.50000 -62.9184
-250.94000 -128.50000 1.50000 -102.4363
19.96000 -49.48000 1.50000 -103.1444
-195.55000 -35.66000 1.50000 -62.8884
-250.94000 -128.50000 1.50000 -102.3834
19.96000 -49.48000 1.50000 -63.1799
-195.55000 -35.66000 1.50000 -62.8585
-250.94000 -128.50000 1.50000 -102.3301
19.96000 -49.48000 1.50000 -63.2153
-195.55000 -35.66000 1.50000 -62.8288
-250.94000 -128.50000 1.50000 -102.2765
19.96000 -49.48000 1.50000 -63.2508
-195.55000 -35.66000 1.50000 -62.7991
-250.94000 -128.50000 1.50000 -102.2226
19.96000 -49.48000 1.50000 -63.2862
-195.55000 -35.66000 1.50000 -62.7696
-250.94000 -128.50000 1.50000 -102.1684
19.96000 -49.48000 1.50000 -63.3217
-195.55000 -35.66000 1.50000 -62.7401
-250.94000 -128.50000 1.50000 -102.1139
19.96000 -49.48000 1.50000 -63.3564
-195.55000 -35.66000 1.50000 -62.7843
-250.94000 -128.50000 1.50000 -102.1304
19.96000 -49.48000 1.50000 -63.3912
-195.55000 -35.66000 1.50000 -62.8283
-250.94000 -128.50000 1.50000 -102.1471
19.96000 -49.48000 1.50000 -63.4259
-195.55000 -35.66000 1.50000 -62.8722
-250.94000 -128.50000 1.50000 -102.1642
19.96000 -49.48000 1.50000 -63.4607
-195.55000 -35.66000 1.50000 -62.9159
-250.94000 -128.50000 1.50000 -102.1815
19.96000 -49.48000 1.50000 -103.4263
-195.55000 -35.66000 1.50000 -62.9442
-250.94000 -128.50000 1.50000 -102.2352
19.96000 -49.48000 1.50000 -103.3920
-195.55000 -35.66000 1.50000 -62.9726
-250.94000 -128.50000 1.50000 -102.2886
19.96000 -49.48000 1.50000 -63.3577
-195.55000 -35.66000 1.50000 -63.0011
-250.94000 -128.50000 1.50000 -102.3417
19.96000 -49.48000 1.50000 -63.3234
-195.55000 -35.66000 1.50000 -63.0297
-250.94000 -128.50000 1.50000 -102.3945
19.96000 -49.48000 1.50000 -63.2891
-195.55000 -35.66000 1.50000 -63.0584
-250.94000 -128.50000 1.50000 -102.4470
19.96000 -49.48000 1.50000 -63.2549
-195.55000 -35.66000 1.50000 -63.0873
-250.94000 -128.50000 1.50000 -102.4992
19.96000 -49.48000 1.50000 -63.2206
-195.55000 -35.66000 1.50000 -63.1162
-250.94000 -128.50000 1.50000 -102.5511
19.96000 -49.48000 1.50000 -63.1864
-195.55000 -35.66000 1.50000 -63.1453
-250.94000 -128.50000 1.50000 -102.6028
19.96000 -49.48000 1.50000 -63.1522
-195.55000 -35.66000 1.50000 -63.1745
-250.94000 -128.50000 1.50000 -102.6541
19.96000 -49.48000 1.50000 -63.1180
-195.55000 -35.66000 1.50000 -63.2037
-250.94000 -128.50000 1.50000 -102.7052
19.96000 -49.48000 1.50000 -63.0838
-195.55000 -35.66000 1.50000 -63.2331
-250.94000 -128.50000 1.50000 -102.7561
19.96000 -49.48000 1.50000 -63.0497
-195.55000 -35.66000 1.50000 -63.2625
-250.94000 -128.50000 1.50000 -102.8066
19.96000 -49.48000 1.50000 -63.0156
-195.55000 -35.66000 1.50000 -63.2920
-250.94000 -128.50000 1.50000 -102.8569
19.96000 -49.48000 1.50000 -62.9816
-195.55000 -35.66000 1.50000 -63.3216
-250.94000 -128.50000 1.50000 -102.9070
19.96000 -49.48000 1.50000 -62.9476
-195.55000 -35.66000 1.50000 -63.3513
-250.94000 -128.50000 1.50000 -102.9567
19.96000 -49.48000 1.50000 -62.9136
-195.55000 -35.66000 1.50000 -63.3811
-250.94000 -128.50000 1.50000 -103.0063