19.96000 -49.48000 1.50000 -63.7537
-195.55000 -35.66000 1.50000 -104.8843
-250.94000 -128.50000 1.50000 -104.1564
19.96000 -49.48000 1.50000 -63.7941
-195.55000 -35.66000 1.50000 -104.9182
-250.94000 -128.50000 1.50000 -104.1749
19.96000 -49.48000 1.50000 -63.8183
-195.55000 -35.66000 1.50000 -104.8945
-250.94000 -128.50000 1.50000 -104.1338
19.96000 -49.48000 1.50000 -63.8427
-195.55000 -35.66000 1.50000 -104.8710
-250.94000 -128.50000 1.50000 -104.0926
19.96000 -49.48000 1.50000 -63.8671
-195.55000 -35.66000 1.50000 -104.8475
-250.94000 -128.50000 1.50000 -104.0512
19.96000 -49.48000 1.50000 -63.8917
-195.55000 -35.66000 1.50000 -104.8241
-250.94000 -128.50000 1.50000 -104.0097
19.96000 -49.48000 1.50000 -63.9163
-195.55000 -35.66000 1.50000 -104.8007
-250.94000 -128.50000 1.50000 -103.9680
19.96000 -49.48000 1.50000 -63.9411
-195.55000 -35.66000 1.50000 -104.7774
-250.94000 -128.50000 1.50000 -103.9261
19.96000 -49.48000 1.50000 -63.9800
-195.55000 -35.66000 1.50000 -104.8123
-250.94000 -128.50000 1.50000 -103.9458
19.96000 -49.48000 1.50000 -63.9555
-195.55000 -35.66000 1.50000 -104.8354
-250.94000 -128.50000 1.50000 -103.9875
19.96000 -49.48000 1.50000 -63.9310
-195.55000 -35.66000 1.50000 -104.8586
-250.94000 -128.50000 1.50000 -104.0290
19.96000 -49.48000 1.50000 -63.9067
-195.55000 -35.66000 1.50000 -104.8818
-250.94000 -128.50000 1.50000 -104.0703
19.96000 -49.48000 1.50000 -63.8825
-195.55000 -35.66000 1.50000 -104.9052
-250.94000 -128.50000 1.50000 -104.1115
19.96000 -49.48000 1.50000 -63.8584
-195.55000 -35.66000 1.50000 -104.9285
-250.94000 -128.50000 1.50000 -104.1526
19.96000 -49.48000 1.50000 -63.8344
-195.55000 -35.66000 1.50000 -104.9520
-250.94000 -128.50000 1.50000 -104.1935
19.96000 -49.48000 1.50000 -63.8745
-195.55000 -35.66000 1.50000 -104.9857
-250.94000 -128.50000 1.50000 -104.2122
19.96000 -49.48000 1.50000 -63.8983
-195.55000 -35.66000 1.50000 -104.9625
-250.94000 -128.50000 1.50000 -104.1715
19.96000 -49.48000 1.50000 -63.9222
-195.55000 -35.66000 1.50000 -104.9393
-250.94000 -128.50000 1.50000 -104.1307
19.96000 -49.48000 1.50000 -63.9462
-195.55000 -35.66000 1.50000 -104.9161
-250.94000 -128.50000 1.50000 -104.0896
19.96000 -49.48000 1.50000 -63.9703
-195.55000 -35.66000 1.50000 -104.8931
-250.94000 -128.50000 1.50000 -104.0485
19.96000 -49.48000 1.50000 -63.9945
-195.55000 -35.66000 1.50000 -104.8701
-250.94000 -128.50000 1.50000 -104.0071
19.96000 -49.48000 1.50000 -64.0189
-195.55000 -35.66000 1.50000 -104.8472
-250.94000 -128.50000 1.50000 -103.9657
19.96000 -49.48000 1.50000 -64.0433
-195.55000 -35.66000 1.50000 -104.8244
-250.94000 -128.50000 1.50000 -103.9240
19.96000 -49.48000 1.50000 -64.0678
-195.55000 -35.66000 1.50000 -104.8016
-250.94000 -128.50000 1.50000 -103.8822
19.96000 -49.48000 1.50000 -64.0925
-195.55000 -35.66000 1.50000 -104.7790
-250.94000 -128.50000 1.50000 -103.8403
19.96000 -49.48000 1.50000 -64.1172
-195.55000 -35.66000 1.50000 -144.7564
-250.94000 -128.50000 1.50000 -103.7982
19.96000 -49.48000 1.50000 -64.1420
-195.55000 -35.66000 1.50000 -144.7339
-250.94000 -128.50000 1.50000 -103.7560
19.96000 -49.48000 1.50000 -64.1670
-195.55000 -35.66000 1.50000 -144.7115
-250.94000 -128.50000 1.50000 -103.7136
19.96000 -49.48000 1.50000 -64.1920
-195.55000 -35.66000 1.50000 -104.6892
-250.94000 -128.50000 1.50000 -103.6710
19.96000 -49.48000 1.50000 -64.2171
-195.55000 -35.66000 1.50000 -104.6670
-250.94000 -128.50000 1.50000 -103.6283
19.96000 -49.48000 1.50000 -64.2423
-195.55000 -35.66000 1.50000 -104.6449
-250.94000 -128.50000 1.50000 -103.5854
19.96000 -49.48000 1.50000 -64.2791
-195.55000 -35.66000 1.50000 -104.6813
-250.94000 -128.50000 1.50000 -103.6073
19.96000 -49.48000 1.50000 -64.2541
-195.55000 -35.66000 1.50000 -104.7032
-250.94000 -128.50000 1.50000 -103.6499
19.96000 -49.48000 1.50000 -64.2292
-195.55000 -35.66000 1.50000 -104.7252
-250.94000 -128.50000 1.50000 -103.6924
19.96000 -49.48000 1.50000 -64.2044
-195.55000 -35.66000 1.50000 -104.7474
-250.94000 -128.50000 1.50000 -103.7348
19.96000 -49.48000 1.50000 -64.1797
-195.55000 -35.66000 1.50000 -144.7696
-250.94000 -128.50000 1.50000 -103.7770
19.96000 -49.48000 1.50000 -64.1551
-195.55000 -35.66000 1.50000 -144.7919
-250.94000 -128.50000 1.50000 -103.8190
19.96000 -49.48000 1.50000 -64.1305
-195.55000 -35.66000 1.50000 -144.8143
-250.94000 -128.50000 1.50000 -103.8609
19.96000 -49.48000 1.50000 -64.1061
-195.55000 -35.66000 1.50000 -104.8367
-250.94000 -128.50000 1.50000 -103.9026
19.96000 -49.48000 1.50000 -64.0818
-195.55000 -35.66000 1.50000 -104.8593
-250.94000 -128.50000 1.50000 -103.9442
19.96000 -49.48000 1.50000 -64.0576
-195.55000 -35.66000 1.50000 -104.8819
-250.94000 -128.50000 1.50000 -103.9857
19.96000 -49.48000 1.50000 -64.0335
-195.55000 -35.66000 1.50000 -104.9047
-250.94000 -128.50000 1.50000 -104.0270
19.96000 -49.48000 1.50000 -64.0094
-195.55000 -35.66000 1.50000 -104.9275
-250.94000 -128.50000 1.50000 -104.0681
19.96000 -49.48000 1.50000 -63.9855
-195.55000 -35.66000 1.50000 -104.9503
-250.94000 -128.50000 1.50000 -104.1091
19.96000 -49.48000 1.50000 -63.9618
-195.55000 -35.66000 1.50000 -104.9733
-250.94000 -128.50000 1.50000 -104.1499
19.96000 -49.48000 1.50000 -63.9381
-195.55000 -35.66000 1.50000 -104.9963
-250.94000 -128.50000 1.50000 -104.1906
19.96000 -49.48000 1.50000 -63.9145
-195.55000 -35.66000 1.50000 -105.0194
-250.94000 -128.50000 1.50000 -104.2312
19.96000 -49.48000 1.50000 -63.9544
-195.55000 -35.66000 1.50000 -105.0530
-250.94000 -128.50000 1.50000 -104.2502
19.96000 -49.48000 1.50000 -63.9778
-195.55000 -35.66000 1.50000 -105.0301
-250.94000 -128.50000 1.50000 -104.2098
19.96000 -49.48000 1.50000 -64.0012
-195.55000 -35.66000 1.50000 -105.0072
-250.94000 -128.50000 1.50000 -104.1693
19.96000 -49.48000 1.50000 -64.0248
-195.55000 -35.66000 1.50000 -104.9845
-250.94000 -128.50000 1.50000 -104.1287
19.96000 -49.48000 1.50000 -64.0485
-195.55000 -35.66000 1.50000 -104.9618
-250.94000 -128.50000 1.50000 -104.0879
19.96000 -49.48000 1.50000 -64.0723
-195.55000 -35.66000 1.50000 -104.9392
-250.94000 -128.50000 1.50000 -104.0469
19.96000 -49.48000 1.50000 -64.0962
-195.55000 -35.66000 1.50000 -104.9166
-250.94000 -128.50000 1.50000 -104.0058
19.96000 -49.48000 1.50000 -64.1202
-195.55000 -35.66000 1.50000 -104.8942
-250.94000 -128.50000 1.50000 -103.9646
19.96000 -49.48000 1.50000 -64.1443
-195.55000 -35.66000 1.50000 -104.8718
-250.94000 -128.50000 1.50000 -103.9232
19.96000 -49.48000 1.50000 -64.1685
-195.55000 -35.66000 1.50000 -144.8495
-250.94000 -128.50000 1.50000 -103.8816
19.96000 -49.48000 1.50000 -64.1928
-195.55000 -35.66000 1.50000 -144.8273
-250.94000 -128.50000 1.50000 -103.8400
19.96000 -49.48000 1.50000 -64.2172
-195.55000 -35.66000 1.50000 -144.8052
-250.94000 -128.50000 1.50000 -103.7981
19.96000 -49.48000 1.50000 -64.2417
-195.55000 -35.66000 1.50000 -104.7831
-250.94000 -128.50000 1.50000 -103.7561
19.96000 -49.48000 1.50000 -64.2663
-195.55000 -35.66000 1.50000 -104.7612
-250.94000 -128.50000 1.50000 -103.7140
19.96000 -49.48000 1.50000 -64.2910
-195.55000 -35.66000 1.50000 -104.7393
-250.94000 -128.50000 1.50000 -103.6717
19.96000 -49.48000 1.50000 -64.3158
-195.55000 -35.66000 1.50000 -104.7176
-250.94000 -128.50000 1.50000 -103.6292
19.96000 -49.48000 1.50000 -64.3406
-195.55000 -35.66000 1.50000 -104.6959
-250.94000 -128.50000 1.50000 -103.5866
19.96000 -49.48000 1.50000 -64.3655
-195.55000 -35.66000 1.50000 -104.6744
-250.94000 -128.50000 1.50000 -103.5439
19.96000 -49.48000 1.50000 -64.3905
-195.55000 -35.66000 1.50000 -104.6529
-250.94000 -128.50000 1.50000 -103.5010
19.96000 -49.48000 1.50000 -64.4156
-195.55000 -35.66000 1.50000 -104.6316
-250.94000 -128.50000 1.50000 -103.4579
19.96000 -49.48000 1.50000 -64.4408
-195.55000 -35.66000 1.50000 -104.6103
-250.94000 -128.50000 1.50000 -103.4147
19.96000 -49.48000 1.50000 -64.4660
-195.55000 -35.66000 1.50000 -104.5892
-250.94000 -128.50000 1.50000 -103.3714
19.96000 -49.48000 1.50000 -64.4913
-195.55000 -35.66000 1.50000 -104.5681
-250.94000 -128.50000 1.50000 -103.3278
19.96000 -49.48000 1.50000 -64.5167
-195.55000 -35.66000 1.50000 -104.5472
-250.94000 -128.50000 1.50000 -103.2842
19.96000 -49.48000 1.50000 -64.5421
-195.55000 -35.66000 1.50000 -104.5264
-250.94000 -128.50000 1.50000 -103.2403
19.96000 -49.48000 1.50000 -64.5769
-195.55000 -35.66000 1.50000 -104.5642
-250.94000 -128.50000 1.50000 -103.2645
19.96000 -49.48000 1.50000 -64.5517
-195.55000 -35.66000 1.50000 -104.5849
-250.94000 -128.50000 1.50000 -103.3081
19.96000 -49.48000 1.50000 -64.5265
-195.55000 -35.66000 1.50000 -104.6056
-250.94000 -128.50000 1.50000 -103.3516
19.96000 -49.48000 1.50000 -64.5014
-195.55000 -35.66000 1.50000 -104.6265
-250.94000 -128.50000 1.50000 -103.3948
19.96000 -49.48000 1.50000 -64.4764
-195.55000 -35.66000 1.50000 -104.6474
-250.94000 -128.50000 1.50000 -103.4380
19.96000 -49.48000 1.50000 -64.4514
-195.55000 -35.66000 1.50000 -104.6685
-250.94000 -128.50000 1.50000 -103.4810
19.96000 -49.48000 1.50000 -64.4265
-195.55000 -35.66000 1.50000 -104.6897
-250.94000 -128.50000 1.50000 -103.5238
19.96000 -49.48000 1.50000 -64.4017
-195.55000 -35.66000 1.50000 -104.7109
-250.94000 -128.50000 1.50000 -103.5665
19.96000 -49.48000 1.50000 -64.3770
-195.55000 -35.66000 1.50000 -104.7323
-250.94000 -128.50000 1.50000 -103.6090
19.96000 -49.48000 1.50000 -64.3524
-195.55000 -35.66000 1.50000 -104.7538
-250.94000 -128.50000 1.50000 -103.6514
19.96000 -49.48000 1.50000 -64.3278
-195.55000 -35.66000 1.50000 -104.7754
-250.94000 -128.50000 1.50000 -103.6936
19.96000 -49.48000 1.50000 -64.3034
-195.55000 -35.66000 1.50000 -104.7970
-250.94000 -128.50000 1.50000 -103.7357
19.96000 -49.48000 1.50000 -64.2790
-195.55000 -35.66000 1.50000 -104.8188
-250.94000 -128.50000 1.50000 -103.7776
19.96000 -49.48000 1.50000 -64.2547
-195.55000 -35.66000 1.50000 -104.8407
-250.94000 -128.50000 1.50000 -103.8194
19.96000 -49.48000 1.50000 -64.2305
-195.55000 -35.66000 1.50000 -144.8626
-250.94000 -128.50000 1.50000 -103.8610
19.96000 -49.48000 1.50000 -64.2064
-195.55000 -35.66000 1.50000 -144.8846
-250.94000 -128.50000 1.50000 -103.9025
19.96000 -49.48000 1.50000 -64.1824
-195.55000 -35.66000 1.50000 -144.9067
-250.94000 -128.50000 1.50000 -103.9439
19.96000 -49.48000 1.50000 -64.1585
-195.55000 -35.66000 1.50000 -104.9289
-250.94000 -128.50000 1.50000 -103.9851
19.96000 -49.48000 1.50000 -64.1347
-195.55000 -35.66000 1.50000 -104.9512
-250.94000 -128.50000 1.50000 -104.0261
19.96000 -49.48000 1.50000 -64.1110
-195.55000 -35.66000 1.50000 -104.9736
-250.94000 -128.50000 1.50000 -104.0670
19.96000 -49.48000 1.50000 -64.0874
-195.55000 -35.66000 1.50000 -104.9960
-250.94000 -128.50000 1.50000 -104.1078
19.96000 -49.48000 1.50000 -64.0639
-195.55000 -35.66000 1.50000 -105.0185
-250.94000 -128.50000 1.50000 -104.1484
19.96000 -49.48000 1.50000 -64.0406
-195.55000 -35.66000 1.50000 -105.0411
-250.94000 -128.50000 1.50000 -104.1889
19.96000 -49.48000 1.50000 -64.0173
-195.55000 -35.66000 1.50000 -105.0638
-250.94000 -128.50000 1.50000 -104.2292
19.96000 -49.48000 1.50000 -63.9942
-195.55000 -35.66000 1.50000 -105.0865
-250.94000 -128.50000 1.50000 -104.2694
19.96000 -49.48000 1.50000 -63.9712
-195.55000 -35.66000 1.50000 -105.1093
-250.94000 -128.50000 1.50000 -104.3094
19.96000 -49.48000 1.50000 -64.0111
-195.55000 -35.66000 1.50000 -105.1426
-250.94000 -128.50000 1.50000 -104.3286
19.96000 -49.48000 1.50000 -64.0339
-195.55000 -35.66000 1.50000 -105.1200
-250.94000 -128.50000 1.50000 -104.2887
19.96000 -49.48000 1.50000 -64.0568
-195.55000 -35.66000 1.50000 -105.0974
-250.94000 -128.50000 1.50000 -104.2487
19.96000 -49.48000 1.50000 -64.0798
-195.55000 -35.66000 1.50000 -105.0750
-250.94000 -128.50000 1.50000 -104.2086
19.96000 -49.48000 1.50000 -64.1030
-195.55000 -35.66000 1.50000 -105.0525
-250.94000 -128.50000 1.50000 -104.1683
19.96000 -49.48000 1.50000 -64.1262
-195.55000 -35.66000 1.50000 -105.0302
-250.94000 -128.50000 1.50000 -104.1279
19.96000 -49.48000 1.50000 -64.1496
-195.55000 -35.66000 1.50000 -105.0079
-250.94000 -128.50000 1.50000 -104.0873
19.96000 -49.48000 1.50000 -64.1731
-195.55000 -35.66000 1.50000 -104.9857
-250.94000 -128.50000 1.50000 -104.0466
19.96000 -49.48000 1.50000 -64.1967
-195.55000 -35.66000 1.50000 -144.9636
-250.94000 -128.50000 1.50000 -104.0057
19.96000 -49.48000 1.50000 -64.2204
-195.55000 -35.66000 1.50000 -144.9416
-250.94000 -128.50000 1.50000 -103.9647
19.96000 -49.48000 1.50000 -64.2442
-195.55000 -35.66000 1.50000 -144.9197
-250.94000 -128.50000 1.50000 -103.9236
19.96000 -49.48000 1.50000 -64.2681
-195.55000 -35.66000 1.50000 -144.8978
-250.94000 -128.50000 1.50000 -103.8823
19.96000 -49.48000 1.50000 -64.2920
-195.55000 -35.66000 1.50000 -104.8761
-250.94000 -128.50000 1.50000 -103.8409
19.96000 -49.48000 1.50000 -64.3161
-195.55000 -35.66000 1.50000 -104.8544
-250.94000 -128.50000 1.50000 -103.7993
19.96000 -49.48000 1.50000 -64.3403
-195.55000 -35.66000 1.50000 -104.8328
-250.94000 -128.50000 1.50000 -103.7575
19.96000 -49.48000 1.50000 -64.3646
-195.55000 -35.66000 1.50000 -104.8113
-250.94000 -128.50000 1.50000 -103.7157
19.96000 -49.48000 1.50000 -64.3889
-195.55000 -35.66000 1.50000 -104.7899
-250.94000 -128.50000 1.50000 -103.6737
19.96000 -49.48000 1.50000 -64.4133
-195.55000 -35.66000 1.50000 -104.7686
-250.94000 -128.50000 1.50000 -103.6315
19.96000 -49.48000 1.50000 -64.4379
-195.55000 -35.66000 1.50000 -104.7474
-250.94000 -128.50000 1.50000 -103.5892
19.96000 -49.48000 1.50000 -64.4624
-195.55000 -35.66000 1.50000 -104.7263
-250.94000 -128.50000 1.50000 -103.5467
19.96000 -49.48000 1.50000 -64.4871
-195.55000 -35.66000 1.50000 -104.7053
-250.94000 -128.50000 1.50000 -103.5041
19.96000 -49.48000 1.50000 -64.5119
-195.55000 -35.66000 1.50000 -104.6844
-250.94000 -128.50000 1.50000 -103.4614
19.96000 -49.48000 1.50000 -64.5367
-195.55000 -35.66000 1.50000 -104.6637
-250.94000 -128.50000 1.50000 -103.4185
19.96000 -49.48000 1.50000 -64.5616
-195.55000 -35.66000 1.50000 -104.6430
-250.94000 -128.50000 1.50000 -103.3754
19.96000 -49.48000 1.50000 -64.5866
-195.55000 -35.66000 1.50000 -104.6224
-250.94000 -128.50000 1.50000 -103.3322
19.96000 -49.48000 1.50000 -64.6116
-195.55000 -35.66000 1.50000 -104.6020
-250.94000 -128.50000 1.50000 -103.2889
19.96000 -49.48000 1.50000 -64.6462
-195.55000 -35.66000 1.50000 -104.6396
-250.94000 -128.50000 1.50000 -143.3134
19.96000 -49.48000 1.50000 -64.6214
-195.55000 -35.66000 1.50000 -104.6599
-250.94000 -128.50000 1.50000 -143.3565
19.96000 -49.48000 1.50000 -64.5966
-195.55000 -35.66000 1.50000 -104.6802
-250.94000 -128.50000 1.50000 -103.3995
19.96000 -49.48000 1.50000 -64.5719
-195.55000 -35.66000 1.50000 -104.7007
-250.94000 -128.50000 1.50000 -103.4423
19.96000 -49.48000 1.50000 -64.5473
-195.55000 -35.66000 1.50000 -104.7213
-250.94000 -128.50000 1.50000 -103.4849
19.96000 -49.48000 1.50000 -64.5228
-195.55000 -35.66000 1.50000 -104.7421
-250.94000 -128.50000 1.50000 -103.5275
19.96000 -49.48000 1.50000 -64.4983
-195.55000 -35.66000 1.50000 -104.7629
-250.94000 -128.50000 1.50000 -103.5698
19.96000 -49.48000 1.50000 -64.4739
-195.55000 -35.66000 1.50000 -104.7838
-250.94000 -128.50000 1.50000 -103.6121
19.96000 -49.48000 1.50000 -64.4496
-195.55000 -35.66000 1.50000 -104.8048
-250.94000 -128.50000 1.50000 -103.6541
19.96000 -49.48000 1.50000 -64.4254
-195.55000 -35.66000 1.50000 -104.8259
-250.94000 -128.50000 1.50000 -103.6961
19.96000 -49.48000 1.50000 -64.4012
-195.55000 -35.66000 1.50000 -104.8472
-250.94000 -128.50000 1.50000 -103.7379
19.96000 -49.48000 1.50000 -64.3772
-195.55000 -35.66000 1.50000 -104.8685
-250.94000 -128.50000 1.50000 -103.7795
19.96000 -49.48000 1.50000 -64.3532
-195.55000 -35.66000 1.50000 -104.8899
-250.94000 -128.50000 1.50000 -103.8211
19.96000 -49.48000 1.50000 -64.3293
-195.55000 -35.66000 1.50000 -104.9114
-250.94000 -128.50000 1.50000 -103.8624
19.96000 -49.48000 1.50000 -64.3055
-195.55000 -35.66000 1.50000 -104.9330
-250.94000 -128.50000 1.50000 -103.9037
19.96000 -49.48000 1.50000 -64.2819
-195.55000 -35.66000 1.50000 -144.9546
-250.94000 -128.50000 1.50000 -103.9447
19.96000 -49.48000 1.50000 -64.2583
-195.55000 -35.66000 1.50000 -144.9764
-250.94000 -128.50000 1.50000 -103.9857
19.96000 -49.48000 1.50000 -64.2348
-195.55000 -35.66000 1.50000 -144.9982
-250.94000 -128.50000 1.50000 -104.0265
19.96000 -49.48000 1.50000 -64.2114
-195.55000 -35.66000 1.50000 -105.0202
-250.94000 -128.50000 1.50000 -104.0672
19.96000 -49.48000 1.50000 -64.1881
-195.55000 -35.66000 1.50000 -105.0422
-250.94000 -128.50000 1.50000 -104.1077
19.96000 -49.48000 1.50000 -64.1650
-195.55000 -35.66000 1.50000 -105.0643
-250.94000 -128.50000 1.50000 -104.1481
19.96000 -49.48000 1.50000 -64.1419
-195.55000 -35.66000 1.50000 -105.0864
-250.94000 -128.50000 1.50000 -104.1883
19.96000 -49.48000 1.50000 -64.1190
-195.55000 -35.66000 1.50000 -105.1087
-250.94000 -128.50000 1.50000 -104.2284
19.96000 -49.48000 1.50000 -64.0961
-195.55000 -35.66000 1.50000 -105.1310
-250.94000 -128.50000 1.50000 -104.2684
19.96000 -49.48000 1.50000 -64.0734
-195.55000 -35.66000 1.50000 -105.1534
-250.94000 -128.50000 1.50000 -104.3082
19.96000 -49.48000 1.50000 -64.0508
-195.55000 -35.66000 1.50000 -105.1759
-250.94000 -128.50000 1.50000 -104.3479
19.96000 -49.48000 1.50000 -64.0905
-195.55000 -35.66000 1.50000 -105.2090
-250.94000 -128.50000 1.50000 -104.3673
19.96000 -49.48000 1.50000 -64.1128
-195.55000 -35.66000 1.50000 -105.1867
-250.94000 -128.50000 1.50000 -104.3278
19.96000 -49.48000 1.50000 -64.1353
-195.55000 -35.66000 1.50000 -105.1645
-250.94000 -128.50000 1.50000 -104.2882
19.96000 -49.48000 1.50000 -64.1580
-195.55000 -35.66000 1.50000 -105.1424
-250.94000 -128.50000 1.50000 -104.2484
19.96000 -49.48000 1.50000 -64.1807
-195.55000 -35.66000 1.50000 -105.1203
-250.94000 -128.50000 1.50000 -104.2085
19.96000 -49.48000 1.50000 -64.2036
-195.55000 -35.66000 1.50000 -105.0983
-250.94000 -128.50000 1.50000 -104.1684
19.96000 -49.48000 1.50000 -64.2265
-195.55000 -35.66000 1.50000 -105.0764
-250.94000 -128.50000 1.50000 -104.1282
19.96000 -49.48000 1.50000 -64.2496
-195.55000 -35.66000 1.50000 -145.0545
-250.94000 -128.50000 1.50000 -104.0879
19.96000 -49.48000 1.50000 -64.2728
-195.55000 -35.66000 1.50000 -145.0328
-250.94000 -128.50000 1.50000 -104.0474
19.96000 -49.48000 1.50000 -64.2961
-195.55000 -35.66000 1.50000 -145.0111
-250.94000 -128.50000 1.50000 -104.0068
19.96000 -49.48000 1.50000 -64.3194
-195.55000 -35.66000 1.50000 -104.9895
-250.94000 -128.50000 1.50000 -103.9661
19.96000 -49.48000 1.50000 -64.3429
-195.55000 -35.66000 1.50000 -104.9680
-250.94000 -128.50000 1.50000 -103.9252
19.96000 -49.48000 1.50000 -64.3665
-195.55000 -35.66000 1.50000 -104.9466
-250.94000 -128.50000 1.50000 -103.8842
19.96000 -49.48000 1.50000 -64.3902
-195.55000 -35.66000 1.50000 -104.9253
-250.94000 -128.50000 1.50000 -103.8430
19.96000 -49.48000 1.50000 -64.4139
-195.55000 -35.66000 1.50000 -104.9040
-250.94000 -128.50000 1.50000 -103.8017
19.96000 -49.48000 1.50000 -64.4378
-195.55000 -35.66000 1.50000 -104.8829
-250.94000 -128.50000 1.50000 -103.7603
19.96000 -49.48000 1.50000 -64.4617
-195.55000 -35.66000 1.50000 -104.8619
-250.94000 -128.50000 1.50000 -103.7187
19.96000 -49.48000 1.50000 -64.4857
-195.55000 -35.66000 1.50000 -104.8409
-250.94000 -128.50000 1.50000 -103.6769
19.96000 -49.48000 1.50000 -64.5099
-195.55000 -35.66000 1.50000 -104.8201
-250.94000 -128.50000 1.50000 -103.6351
19.96000 -49.48000 1.50000 -64.5340
-195.55000 -35.66000 1.50000 -104.7993
-250.94000 -128.50000 1.50000 -103.5931
19.96000 -49.48000 1.50000 -64.5583
-195.55000 -35.66000 1.50000 -104.7787
-250.94000 -128.50000 1.50000 -103.5509
19.96000 -49.48000 1.50000 -64.5827
-195.55000 -35.66000 1.50000 -104.7581
-250.94000 -128.50000 1.50000 -103.5086
19.96000 -49.48000 1.50000 -64.6071
-195.55000 -35.66000 1.50000 -104.7377
-250.94000 -128.50000 1.50000 -143.4662
19.96000 -49.48000 1.50000 -64.6316
-195.55000 -35.66000 1.50000 -104.7174
-250.94000 -128.50000 1.50000 -143.4236
19.96000 -49.48000 1.50000 -64.6562
-195.55000 -35.66000 1.50000 -104.6972
-250.94000 -128.50000 1.50000 -143.3809
19.96000 -49.48000 1.50000 -64.6808
-195.55000 -35.66000 1.50000 -104.6771
-250.94000 -128.50000 1.50000 -143.3381
19.96000 -49.48000 1.50000 -64.7153
-195.55000 -35.66000 1.50000 -104.7144
-250.94000 -128.50000 1.50000 -143.3628
19.96000 -49.48000 1.50000 -64.6909
-195.55000 -35.66000 1.50000 -104.7344
-250.94000 -128.50000 1.50000 -143.4055
19.96000 -49.48000 1.50000 -64.6665
-195.55000 -35.66000 1.50000 -104.7544
-250.94000 -128.50000 1.50000 -143.4479
19.96000 -49.48000 1.50000 -64.6422
-195.55000 -35.66000 1.50000 -104.7746
-250.94000 -128.50000 1.50000 -143.4903
19.96000 -49.48000 1.50000 -64.6180
-195.55000 -35.66000 1.50000 -104.7948
-250.94000 -128.50000 1.50000 -143.5325
19.96000 -49.48000 1.50000 -64.5938
-195.55000 -35.66000 1.50000 -104.8152
-250.94000 -128.50000 1.50000 -103.5745
19.96000 -49.48000 1.50000 -64.5697
-195.55000 -35.66000 1.50000 -104.8357
-250.94000 -128.50000 1.50000 -103.6165
19.96000 -49.48000 1.50000 -64.5457
-195.55000 -35.66000 1.50000 -104.8562
-250.94000 -128.50000 1.50000 -103.6582
19.96000 -49.48000 1.50000 -64.5218
-195.55000 -35.66000 1.50000 -104.8769
-250.94000 -128.50000 1.50000 -103.6999
19.96000 -49.48000 1.50000 -64.4980
-195.55000 -35.66000 1.50000 -104.8977
-250.94000 -128.50000 1.50000 -103.7414
19.96000 -49.48000 1.50000 -64.4743
-195.55000 -35.66000 1.50000 -104.9185
-250.94000 -128.50000 1.50000 -103.7828
19.96000 -49.48000 1.50000 -64.4506
-195.55000 -35.66000 1.50000 -104.9395
-250.94000 -128.50000 1.50000 -103.8240
19.96000 -49.48000 1.50000 -64.4270
-195.55000 -35.66000 1.50000 -104.9606
-250.94000 -128.50000 1.50000 -103.8651
19.96000 -49.48000 1.50000 -64.4036
-195.55000 -35.66000 1.50000 -104.9817
-250.94000 -128.50000 1.50000 -103.9060
19.96000 -49.48000 1.50000 -64.3802
-195.55000 -35.66000 1.50000 -105.0030
-250.94000 -128.50000 1.50000 -103.9469
19.96000 -49.48000 1.50000 -64.3569
-195.55000 -35.66000 1.50000 -105.0243
-250.94000 -128.50000 1.50000 -103.9875
19.96000 -49.48000 1.50000 -64.3337
-195.55000 -35.66000 1.50000 -145.0457
-250.94000 -128.50000 1.50000 -104.0281
19.96000 -49.48000 1.50000 -64.3107
-195.55000 -35.66000 1.50000 -145.0672
-250.94000 -128.50000 1.50000 -104.0685
19.96000 -49.48000 1.50000 -64.2877
-195.55000 -35.66000 1.50000 -145.0888
-250.94000 -128.50000 1.50000 -104.1088
19.96000 -49.48000 1.50000 -64.2648
-195.55000 -35.66000 1.50000 -105.1105
-250.94000 -128.50000 1.50000 -104.1489
19.96000 -49.48000 1.50000 -64.2421
-195.55000 -35.66000 1.50000 -105.1322
-250.94000 -128.50000 1.50000 -104.1889
19.96000 -49.48000 1.50000 -64.2194
-195.55000 -35.66000 1.50000 -105.1541
-250.94000 -128.50000 1.50000 -104.2288
19.96000 -49.48000 1.50000 -64.1969
-195.55000 -35.66000 1.50000 -105.1759
-250.94000 -128.50000 1.50000 -104.2685
19.96000 -49.48000 1.50000 -64.1744
-195.55000 -35.66000 1.50000 -105.1979
-250.94000 -128.50000 1.50000 -104.3081
19.96000 -49.48000 1.50000 -64.1521
-195.55000 -35.66000 1.50000 -105.2200
-250.94000 -128.50000 1.50000 -104.3476
19.96000 -49.48000 1.50000 -64.1300
-195.55000 -35.66000 1.50000 -105.2421
-250.94000 -128.50000 1.50000 -104.3869
19.96000 -49.48000 1.50000 -64.1079
-195.55000 -35.66000 1.50000 -105.2643
-250.94000 -128.50000 1.50000 -104.4261
19.96000 -49.48000 1.50000 -64.1475
-195.55000 -35.66000 1.50000 -105.2971
-250.94000 -128.50000 1.50000 -104.4456
19.96000 -49.48000 1.50000 -64.1693
-195.55000 -35.66000 1.50000 -105.2751
-250.94000 -128.50000 1.50000 -104.4066
19.96000 -49.48000 1.50000 -64.1913
-195.55000 -35.66000 1.50000 -105.2532
-250.94000 -128.50000 1.50000 -104.3675
19.96000 -49.48000 1.50000 -64.2134
-195.55000 -35.66000 1.50000 -105.2313
-250.94000 -128.50000 1.50000 -104.3282
19.96000 -49.48000 1.50000 -64.2356
-195.55000 -35.66000 1.50000 -105.2095
-250.94000 -128.50000 1.50000 -104.2888
19.96000 -49.48000 1.50000 -64.2580
-195.55000 -35.66000 1.50000 -105.1877
-250.94000 -128.50000 1.50000 -104.2492
19.96000 -49.48000 1.50000 -64.2804
-195.55000 -35.66000 1.50000 -105.1661
-250.94000 -128.50000 1.50000 -104.2095
19.96000 -49.48000 1.50000 -64.3030
-195.55000 -35.66000 1.50000 -145.1445
-250.94000 -128.50000 1.50000 -104.1697
19.96000 -49.48000 1.50000 -64.3257
-195.55000 -35.66000 1.50000 -145.1230
-250.94000 -128.50000 1.50000 -104.1298
19.96000 -49.48000 1.50000 -64.3484
-195.55000 -35.66000 1.50000 -145.1016
-250.94000 -128.50000 1.50000 -104.0897
19.96000 -49.48000 1.50000 -64.3713
-195.55000 -35.66000 1.50000 -105.0803
-250.94000 -128.50000 1.50000 -104.0495
19.96000 -49.48000 1.50000 -64.3943
-195.55000 -35.66000 1.50000 -105.0590
-250.94000 -128.50000 1.50000 -104.0091
19.96000 -49.48000 1.50000 -64.4174
-195.55000 -35.66000 1.50000 -105.0379
-250.94000 -128.50000 1.50000 -103.9687
19.96000 -49.48000 1.50000 -64.4406
-195.55000 -35.66000 1.50000 -105.0168
-250.94000 -128.50000 1.50000 -103.9280
19.96000 -49.48000 1.50000 -64.4638
-195.55000 -35.66000 1.50000 -104.9958
-250.94000 -128.50000 1.50000 -103.8873
19.96000 -49.48000 1.50000 -64.4872
-195.55000 -35.66000 1.50000 -104.9749
-250.94000 -128.50000 1.50000 -103.8464
19.96000 -49.48000 1.50000 -64.5107
-195.55000 -35.66000 1.50000 -104.9541
-250.94000 -128.50000 1.50000 -103.8054
19.96000 -49.48000 1.50000 -64.5342
-195.55000 -35.66000 1.50000 -104.9334
-250.94000 -128.50000 1.50000 -103.7642
19.96000 -49.48000 1.50000 -64.5578
-195.55000 -35.66000 1.50000 -104.9128
-250.94000 -128.50000 1.50000 -103.7230
19.96000 -49.48000 1.50000 -64.5815
-195.55000 -35.66000 1.50000 -104.8923
-250.94000 -128.50000 1.50000 -103.6815
19.96000 -49.48000 1.50000 -64.6053
-195.55000 -35.66000 1.50000 -104.8719
-250.94000 -128.50000 1.50000 -143.6400
19.96000 -49.48000 1.50000 -64.6292
-195.55000 -35.66000 1.50000 -104.8516
-250.94000 -128.50000 1.50000 -143.5983
19.96000 -49.48000 1.50000 -64.6532
-195.55000 -35.66000 1.50000 -104.8314
-250.94000 -128.50000 1.50000 -143.5564
19.96000 -49.48000 1.50000 -64.6772
-195.55000 -35.66000 1.50000 -104.8113
-250.94000 -128.50000 1.50000 -143.5145
19.96000 -49.48000 1.50000 -64.7013
-195.55000 -35.66000 1.50000 -104.7913
-250.94000 -128.50000 1.50000 -143.4724
19.96000 -49.48000 1.50000 -64.7255
-195.55000 -35.66000 1.50000 -104.7715
-250.94000 -128.50000 1.50000 -143.4301
19.96000 -49.48000 1.50000 -64.7600
-195.55000 -35.66000 1.50000 -104.8084
-250.94000 -128.50000 1.50000 -143.4550
19.96000 -49.48000 1.50000 -64.7361
-195.55000 -35.66000 1.50000 -104.8281
-250.94000 -128.50000 1.50000 -143.4970
19.96000 -49.48000 1.50000 -64.7121
-195.55000 -35.66000 1.50000 -104.8479
-250.94000 -128.50000 1.50000 -143.5388
19.96000 -49.48000 1.50000 -64.6883
-195.55000 -35.66000 1.50000 -104.8679
-250.94000 -128.50000 1.50000 -143.5806
19.96000 -49.48000 1.50000 -64.6645
-195.55000 -35.66000 1.50000 -104.8879
-250.94000 -128.50000 1.50000 -143.6222
19.96000 -49.48000 1.50000 -64.6409
-195.55000 -35.66000 1.50000 -104.9080
-250.94000 -128.50000 1.50000 -143.6636
19.96000 -49.48000 1.50000 -64.6173
-195.55000 -35.66000 1.50000 -104.9283
-250.94000 -128.50000 1.50000 -143.7050
19.96000 -49.48000 1.50000 -64.5937
-195.55000 -35.66000 1.50000 -104.9486
-250.94000 -128.50000 1.50000 -143.7462
19.96000 -49.48000 1.50000 -64.5703
-195.55000 -35.66000 1.50000 -104.9690
-250.94000 -128.50000 1.50000 -103.7872
19.96000 -49.48000 1.50000 -64.5470
-195.55000 -35.66000 1.50000 -104.9896
-250.94000 -128.50000 1.50000 -103.8282
19.96000 -49.48000 1.50000 -64.5237
-195.55000 -35.66000 1.50000 -105.0102
-250.94000 -128.50000 1.50000 -103.8690
19.96000 -49.48000 1.50000 -64.5005
-195.55000 -35.66000 1.50000 -105.0309
-250.94000 -128.50000 1.50000 -103.9096
19.96000 -49.48000 1.50000 -64.4774
-195.55000 -35.66000 1.50000 -105.0517
-250.94000 -128.50000 1.50000 -103.9502
19.96000 -49.48000 1.50000 -64.4545
-195.55000 -35.66000 1.50000 -105.0726
-250.94000 -128.50000 1.50000 -103.9906
19.96000 -49.48000 1.50000 -64.4316
-195.55000 -35.66000 1.50000 -105.0936
-250.94000 -128.50000 1.50000 -104.0309
19.96000 -49.48000 1.50000 -64.4088
-195.55000 -35.66000 1.50000 -105.1147
-250.94000 -128.50000 1.50000 -104.0710
19.96000 -49.48000 1.50000 -64.3861
-195.55000 -35.66000 1.50000 -105.1359
-250.94000 -128.50000 1.50000 -104.1110
19.96000 -49.48000 1.50000 -64.3635
-195.55000 -35.66000 1.50000 -145.1571
-250.94000 -128.50000 1.50000 -104.1509
19.96000 -49.48000 1.50000 -64.3411
-195.55000 -35.66000 1.50000 -145.1785
-250.94000 -128.50000 1.50000 -104.1907
19.96000 -49.48000 1.50000 -64.3187
-195.55000 -35.66000 1.50000 -145.1999
-250.94000 -128.50000 1.50000 -104.2303
19.96000 -49.48000 1.50000 -64.2964
-195.55000 -35.66000 1.50000 -105.2214
-250.94000 -128.50000 1.50000 -104.2698
19.96000 -49.48000 1.50000 -64.2743
-195.55000 -35.66000 1.50000 -105.2429
-250.94000 -128.50000 1.50000 -104.3091
19.96000 -49.48000 1.50000 -64.2523
-195.55000 -35.66000 1.50000 -105.2646
-250.94000 -128.50000 1.50000 -104.3484
19.96000 -49.48000 1.50000 -64.2304
-195.55000 -35.66000 1.50000 -105.2863
-250.94000 -128.50000 1.50000 -104.3875
19.96000 -49.48000 1.50000 -64.2086
-195.55000 -35.66000 1.50000 -105.3080
-250.94000 -128.50000 1.50000 -104.4265
19.96000 -49.48000 1.50000 -64.1869
-195.55000 -35.66000 1.50000 -105.3299
-250.94000 -128.50000 1.50000 -104.4653
19.96000 -49.48000 1.50000 -64.2263
-195.55000 -35.66000 1.50000 -105.3626
-250.94000 -128.50000 1.50000 -104.4851
19.96000 -49.48000 1.50000 -64.2477
-195.55000 -35.66000 1.50000 -105.3409
-250.94000 -128.50000 1.50000 -104.4464
19.96000 -49.48000 1.50000 -64.2693
-195.55000 -35.66000 1.50000 -105.3193
-250.94000 -128.50000 1.50000 -104.4076
19.96000 -49.48000 1.50000 -64.2910
-195.55000 -35.66000 1.50000 -105.2978
-250.94000 -128.50000 1.50000 -104.3687
19.96000 -49.48000 1.50000 -64.3129
-195.55000 -35.66000 1.50000 -105.2763
-250.94000 -128.50000 1.50000 -104.3297
19.96000 -49.48000 1.50000 -64.3348
-195.55000 -35.66000 1.50000 -105.2549
-250.94000 -128.50000 1.50000 -104.2905
19.96000 -49.48000 1.50000 -64.3569
-195.55000 -35.66000 1.50000 -145.2336
-250.94000 -128.50000 1.50000 -104.2512
19.96000 -49.48000 1.50000 -64.3790
-195.55000 -35.66000 1.50000 -145.2123
-250.94000 -128.50000 1.50000 -104.2117
19.96000 -49.48000 1.50000 -64.4013
-195.55000 -35.66000 1.50000 -145.1912
-250.94000 -128.50000 1.50000 -104.1722
19.96000 -49.48000 1.50000 -64.4237
-195.55000 -35.66000 1.50000 -105.1701
-250.94000 -128.50000 1.50000 -104.1325
19.96000 -49.48000 1.50000 -64.4462
-195.55000 -35.66000 1.50000 -105.1491
-250.94000 -128.50000 1.50000 -104.0927
19.96000 -49.48000 1.50000 -64.4688
-195.55000 -35.66000 1.50000 -105.1282
-250.94000 -128.50000 1.50000 -104.0527
19.96000 -49.48000 1.50000 -64.5059
-195.55000 -35.66000 1.50000 -105.1626
-250.94000 -128.50000 1.50000 -104.0747
19.96000 -49.48000 1.50000 -64.4835
-195.55000 -35.66000 1.50000 -105.1834
-250.94000 -128.50000 1.50000 -104.1145
19.96000 -49.48000 1.50000 -64.4612
-195.55000 -35.66000 1.50000 -105.2042
-250.94000 -128.50000 1.50000 -104.1541
19.96000 -49.48000 1.50000 -64.4390
-195.55000 -35.66000 1.50000 -105.2251
-250.94000 -128.50000 1.50000 -104.1936
19.96000 -49.48000 1.50000 -64.4169
-195.55000 -35.66000 1.50000 -145.2461
-250.94000 -128.50000 1.50000 -104.2329
19.96000 -49.48000 1.50000 -64.3949
-195.55000 -35.66000 1.50000 -145.2672
-250.94000 -128.50000 1.50000 -104.2722
19.96000 -49.48000 1.50000 -64.3730
-195.55000 -35.66000 1.50000 -145.2883
-250.94000 -128.50000 1.50000 -104.3113
19.96000 -49.48000 1.50000 -64.3513
-195.55000 -35.66000 1.50000 -105.3096
-250.94000 -128.50000 1.50000 -104.3503
19.96000 -49.48000 1.50000 -64.3297
-195.55000 -35.66000 1.50000 -105.3309
-250.94000 -128.50000 1.50000 -104.3892
19.96000 -49.48000 1.50000 -64.3081
-195.55000 -35.66000 1.50000 -105.3523
-250.94000 -128.50000 1.50000 -104.4279
19.96000 -49.48000 1.50000 -64.2867
-195.55000 -35.66000 1.50000 -105.3737
-250.94000 -128.50000 1.50000 -104.4665
19.96000 -49.48000 1.50000 -64.2655
-195.55000 -35.66000 1.50000 -105.3953
-250.94000 -128.50000 1.50000 -104.5050
19.96000 -49.48000 1.50000 -64.3045
-195.55000 -35.66000 1.50000 -105.4278
-250.94000 -128.50000 1.50000 -104.5250
19.96000 -49.48000 1.50000 -64.3256
-195.55000 -35.66000 1.50000 -105.4065
-250.94000 -128.50000 1.50000 -104.4867
19.96000 -49.48000 1.50000 -64.3468
-195.55000 -35.66000 1.50000 -105.3852
-250.94000 -128.50000 1.50000 -104.4483
19.96000 -49.48000 1.50000 -64.3682
-195.55000 -35.66000 1.50000 -105.3640
-250.94000 -128.50000 1.50000 -104.4097
19.96000 -49.48000 1.50000 -64.3896
-195.55000 -35.66000 1.50000 -145.3428
-250.94000 -128.50000 1.50000 -104.3710
19.96000 -49.48000 1.50000 -64.4112
-195.55000 -35.66000 1.50000 -145.3217
-250.94000 -128.50000 1.50000 -104.3322
19.96000 -49.48000 1.50000 -64.4328
-195.55000 -35.66000 1.50000 -145.3007
-250.94000 -128.50000 1.50000 -104.2933
19.96000 -49.48000 1.50000 -64.4546
-195.55000 -35.66000 1.50000 -145.2798
-250.94000 -128.50000 1.50000 -104.2543
19.96000 -49.48000 1.50000 -64.4765
-195.55000 -35.66000 1.50000 -105.2590
-250.94000 -128.50000 1.50000 -104.2151
19.96000 -49.48000 1.50000 -64.4985
-195.55000 -35.66000 1.50000 -105.2382
-250.94000 -128.50000 1.50000 -104.1758
19.96000 -49.48000 1.50000 -64.5206
-195.55000 -35.66000 1.50000 -105.2176
-250.94000 -128.50000 1.50000 -104.1364
19.96000 -49.48000 1.50000 -64.5577
-195.55000 -35.66000 1.50000 -105.2517
-250.94000 -128.50000 1.50000 -104.1584
19.96000 -49.48000 1.50000 -64.5358
-195.55000 -35.66000 1.50000 -105.2722
-250.94000 -128.50000 1.50000 -104.1976
19.96000 -49.48000 1.50000 -64.5140
-195.55000 -35.66000 1.50000 -105.2928
-250.94000 -128.50000 1.50000 -104.2368
19.96000 -49.48000 1.50000 -64.4923
-195.55000 -35.66000 1.50000 -105.3134
-250.94000 -128.50000 1.50000 -104.2757
19.96000 -49.48000 1.50000 -64.4707
-195.55000 -35.66000 1.50000 -145.3342
-250.94000 -128.50000 1.50000 -104.3146
19.96000 -49.48000 1.50000 -64.4492
-195.55000 -35.66000 1.50000 -145.3550
-250.94000 -128.50000 1.50000 -104.3533
19.96000 -49.48000 1.50000 -64.4278
-195.55000 -35.66000 1.50000 -145.3759
-250.94000 -128.50000 1.50000 -104.3919
19.96000 -49.48000 1.50000 -64.4066
-195.55000 -35.66000 1.50000 -105.3969
-250.94000 -128.50000 1.50000 -104.4304
19.96000 -49.48000 1.50000 -64.3854
-195.55000 -35.66000 1.50000 -105.4180
-250.94000 -128.50000 1.50000 -104.4688
19.96000 -49.48000 1.50000 -64.3644
-195.55000 -35.66000 1.50000 -105.4391
-250.94000 -128.50000 1.50000 -104.5071
19.96000 -49.48000 1.50000 -64.3435
-195.55000 -35.66000 1.50000 -105.4603
-250.94000 -128.50000 1.50000 -104.5452
19.96000 -49.48000 1.50000 -64.3823
-195.55000 -35.66000 1.50000 -105.4928
-250.94000 -128.50000 1.50000 -104.5655
19.96000 -49.48000 1.50000 -64.4030
-195.55000 -35.66000 1.50000 -105.4717
-250.94000 -128.50000 1.50000 -104.5275
19.96000 -49.48000 1.50000 -64.4239
-195.55000 -35.66000 1.50000 -105.4507
-250.94000 -128.50000 1.50000 -104.4894
19.96000 -49.48000 1.50000 -64.4448
-195.55000 -35.66000 1.50000 -145.4298
-250.94000 -128.50000 1.50000 -104.4512
19.96000 -49.48000 1.50000 -64.4659
-195.55000 -35.66000 1.50000 -145.4090
-250.94000 -128.50000 1.50000 -104.4129
19.96000 -49.48000 1.50000 -64.4871
-195.55000 -35.66000 1.50000 -145.3883
-250.94000 -128.50000 1.50000 -104.3745
19.96000 -49.48000 1.50000 -64.5084
-195.55000 -35.66000 1.50000 -105.3676
-250.94000 -128.50000 1.50000 -104.3360
19.96000 -49.48000 1.50000 -64.5298
-195.55000 -35.66000 1.50000 -105.3470
-250.94000 -128.50000 1.50000 -104.2973
19.96000 -49.48000 1.50000 -64.5513
-195.55000 -35.66000 1.50000 -105.3265
-250.94000 -128.50000 1.50000 -104.2585
19.96000 -49.48000 1.50000 -64.5729
-195.55000 -35.66000 1.50000 -105.3060
-250.94000 -128.50000 1.50000 -144.2196
19.96000 -49.48000 1.50000 -64.6100
-195.55000 -35.66000 1.50000 -105.3398
-250.94000 -128.50000 1.50000 -184.2417
19.96000 -49.48000 1.50000 -64.6469
-195.55000 -35.66000 1.50000 -105.3735
-250.94000 -128.50000 1.50000 -184.2639
19.96000 -49.48000 1.50000 -64.6838
-195.55000 -35.66000 1.50000 -105.4071
-250.94000 -128.50000 1.50000 -184.2862
19.96000 -49.48000 1.50000 -64.7205
-195.55000 -35.66000 1.50000 -145.4407
-250.94000 -128.50000 1.50000 -184.3086
19.96000 -49.48000 1.50000 -64.7572
-195.55000 -35.66000 1.50000 -145.4741
-250.94000 -128.50000 1.50000 -184.3312
19.96000 -49.48000 1.50000 -64.7364
-195.55000 -35.66000 1.50000 -105.4938
-250.94000 -128.50000 1.50000 -184.3691
19.96000 -49.48000 1.50000 -64.7158
-195.55000 -35.66000 1.50000 -105.5135
-250.94000 -128.50000 1.50000 -184.4069
19.96000 -49.48000 1.50000 -64.6953
-195.55000 -35.66000 1.50000 -105.5333
-250.94000 -128.50000 1.50000 -184.4446
19.96000 -49.48000 1.50000 -64.6749
-195.55000 -35.66000 1.50000 -105.5532
-250.94000 -128.50000 1.50000 -184.4822
19.96000 -49.48000 1.50000 -64.6546
-195.55000 -35.66000 1.50000 -105.5732
-250.94000 -128.50000 1.50000 -184.5197
19.96000 -49.48000 1.50000 -64.6344
-195.55000 -35.66000 1.50000 -105.5933
-250.94000 -128.50000 1.50000 -184.5571
19.96000 -49.48000 1.50000 -64.6144
-195.55000 -35.66000 1.50000 -145.6134
-250.94000 -128.50000 1.50000 -184.5944
19.96000 -49.48000 1.50000 -64.5945
-195.55000 -35.66000 1.50000 -145.6336
-250.94000 -128.50000 1.50000 -184.6315
19.96000 -49.48000 1.50000 -64.5746
-195.55000 -35.66000 1.50000 -145.6539
-250.94000 -128.50000 1.50000 -144.6686
19.96000 -49.48000 1.50000 -64.5549
-195.55000 -35.66000 1.50000 -105.6742
-250.94000 -128.50000 1.50000 -104.7056
19.96000 -49.48000 1.50000 -64.5354
-195.55000 -35.66000 1.50000 -105.6947
-250.94000 -128.50000 1.50000 -104.7424
19.96000 -49.48000 1.50000 -64.5738
-195.55000 -35.66000 1.50000 -105.7264
-250.94000 -128.50000 1.50000 -104.7630
19.96000 -49.48000 1.50000 -64.6121
-195.55000 -35.66000 1.50000 -105.7580
-250.94000 -128.50000 1.50000 -184.7837
19.96000 -49.48000 1.50000 -64.6503
-195.55000 -35.66000 1.50000 -145.7896
-250.94000 -128.50000 1.50000 -184.8045