19.96000 -49.48000 1.50000 -83.6036
-195.55000 -35.66000 1.50000 -123.2292
-250.94000 -128.50000 1.50000 -122.3962
19.96000 -49.48000 1.50000 -83.5710
-195.55000 -35.66000 1.50000 -83.2561
-250.94000 -128.50000 1.50000 -122.4480
19.96000 -49.48000 1.50000 -83.5383
-195.55000 -35.66000 1.50000 -83.2831
-250.94000 -128.50000 1.50000 -122.4996
19.96000 -49.48000 1.50000 -83.5057
-195.55000 -35.66000 1.50000 -83.3102
-250.94000 -128.50000 1.50000 -122.5508
19.96000 -49.48000 1.50000 -83.4731
-195.55000 -35.66000 1.50000 -83.3374
-250.94000 -128.50000 1.50000 -122.6018
19.96000 -49.48000 1.50000 -83.4405
-195.55000 -35.66000 1.50000 -83.3647
-250.94000 -128.50000 1.50000 -122.6525
19.96000 -49.48000 1.50000 -83.4080
-195.55000 -35.66000 1.50000 -83.3922
-250.94000 -128.50000 1.50000 -122.7030
19.96000 -49.48000 1.50000 -83.3755
-195.55000 -35.66000 1.50000 -83.4197
-250.94000 -128.50000 1.50000 -122.7532
19.96000 -49.48000 1.50000 -83.3430
-195.55000 -35.66000 1.50000 -83.4474
-250.94000 -128.50000 1.50000 -122.8032
19.96000 -49.48000 1.50000 -83.3106
-195.55000 -35.66000 1.50000 -83.4751
-250.94000 -128.50000 1.50000 -122.8529
19.96000 -49.48000 1.50000 -83.2782
-195.55000 -35.66000 1.50000 -83.5030
-250.94000 -128.50000 1.50000 -122.9023
19.96000 -49.48000 1.50000 -83.2459
-195.55000 -35.66000 1.50000 -83.5309
-250.94000 -128.50000 1.50000 -122.9515
19.96000 -49.48000 1.50000 -83.2136
-195.55000 -35.66000 1.50000 -83.5589
-250.94000 -128.50000 1.50000 -123.0005
19.96000 -49.48000 1.50000 -43.1814
-195.55000 -35.66000 1.50000 -83.5871
-250.94000 -128.50000 1.50000 -123.0492
19.96000 -49.48000 1.50000 -43.1492
-195.55000 -35.66000 1.50000 -83.6153
-250.94000 -128.50000 1.50000 -123.0977
19.96000 -49.48000 1.50000 -43.1171
-195.55000 -35.66000 1.50000 -83.6435
-250.94000 -128.50000 1.50000 -123.1459
19.96000 -49.48000 1.50000 -43.0850
-195.55000 -35.66000 1.50000 -83.6719
-250.94000 -128.50000 1.50000 -123.1939
19.96000 -49.48000 1.50000 -43.0530
-195.55000 -35.66000 1.50000 -83.7003
-250.94000 -128.50000 1.50000 -123.2417
19.96000 -49.48000 1.50000 -43.0211
-195.55000 -35.66000 1.50000 -83.7289
-250.94000 -128.50000 1.50000 -123.2892
19.96000 -49.48000 1.50000 -42.9892
-195.55000 -35.66000 1.50000 -83.7574
-250.94000 -128.50000 1.50000 -123.3365
19.96000 -49.48000 1.50000 -42.9574
-195.55000 -35.66000 1.50000 -83.7861
-250.94000 -128.50000 1.50000 -123.3836
19.96000 -49.48000 1.50000 -42.9257
-195.55000 -35.66000 1.50000 -83.8148
-250.94000 -128.50000 1.50000 -123.4304
19.96000 -49.48000 1.50000 -42.8941
-195.55000 -35.66000 1.50000 -83.8436
-250.94000 -128.50000 1.50000 -123.4771
19.96000 -49.48000 1.50000 -42.9355
-195.55000 -35.66000 1.50000 -83.8803
-250.94000 -128.50000 1.50000 -123.4918
19.96000 -49.48000 1.50000 -42.9668
-195.55000 -35.66000 1.50000 -83.8518
-250.94000 -128.50000 1.50000 -123.4453
19.96000 -49.48000 1.50000 -42.9983
-195.55000 -35.66000 1.50000 -83.8233
-250.94000 -128.50000 1.50000 -123.3987
19.96000 -49.48000 1.50000 -43.0298
-195.55000 -35.66000 1.50000 -83.7949
-250.94000 -128.50000 1.50000 -123.3518
19.96000 -49.48000 1.50000 -43.0613
-195.55000 -35.66000 1.50000 -83.7666
-250.94000 -128.50000 1.50000 -123.3046
19.96000 -49.48000 1.50000 -43.0930
-195.55000 -35.66000 1.50000 -83.7383
-250.94000 -128.50000 1.50000 -123.2573
19.96000 -49.48000 1.50000 -43.1247
-195.55000 -35.66000 1.50000 -83.7102
-250.94000 -128.50000 1.50000 -123.2097
19.96000 -49.48000 1.50000 -43.1564
-195.55000 -35.66000 1.50000 -83.6820
-250.94000 -128.50000 1.50000 -123.1618
19.96000 -49.48000 1.50000 -43.1883
-195.55000 -35.66000 1.50000 -83.6540
-250.94000 -128.50000 1.50000 -123.1138
19.96000 -49.48000 1.50000 -43.2202
-195.55000 -35.66000 1.50000 -83.6261
-250.94000 -128.50000 1.50000 -123.0655
19.96000 -49.48000 1.50000 -83.2521
-195.55000 -35.66000 1.50000 -83.5982
-250.94000 -128.50000 1.50000 -123.0170
19.96000 -49.48000 1.50000 -83.2841
-195.55000 -35.66000 1.50000 -83.5704
-250.94000 -128.50000 1.50000 -122.9682
19.96000 -49.48000 1.50000 -83.3162
-195.55000 -35.66000 1.50000 -83.5427
-250.94000 -128.50000 1.50000 -122.9192
19.96000 -49.48000 1.50000 -83.3483
-195.55000 -35.66000 1.50000 -83.5151
-250.94000 -128.50000 1.50000 -122.8699
19.96000 -49.48000 1.50000 -83.3804
-195.55000 -35.66000 1.50000 -83.4876
-250.94000 -128.50000 1.50000 -122.8204
19.96000 -49.48000 1.50000 -83.4126
-195.55000 -35.66000 1.50000 -83.4602
-250.94000 -128.50000 1.50000 -122.7706
19.96000 -49.48000 1.50000 -83.4448
-195.55000 -35.66000 1.50000 -83.4330
-250.94000 -128.50000 1.50000 -122.7206
19.96000 -49.48000 1.50000 -83.4771
-195.55000 -35.66000 1.50000 -83.4058
-250.94000 -128.50000 1.50000 -122.6703
19.96000 -49.48000 1.50000 -83.5094
-195.55000 -35.66000 1.50000 -83.3787
-250.94000 -128.50000 1.50000 -122.6198
19.96000 -49.48000 1.50000 -83.5417
-195.55000 -35.66000 1.50000 -83.3517
-250.94000 -128.50000 1.50000 -122.5691
19.96000 -49.48000 1.50000 -83.5741
-195.55000 -35.66000 1.50000 -83.3249
-250.94000 -128.50000 1.50000 -82.5180
19.96000 -49.48000 1.50000 -83.6064
-195.55000 -35.66000 1.50000 -123.2981
-250.94000 -128.50000 1.50000 -82.4667
19.96000 -49.48000 1.50000 -83.6388
-195.55000 -35.66000 1.50000 -123.2715
-250.94000 -128.50000 1.50000 -82.4152
19.96000 -49.48000 1.50000 -83.6740
-195.55000 -35.66000 1.50000 -123.3137
-250.94000 -128.50000 1.50000 -82.4343
19.96000 -49.48000 1.50000 -83.6419
-195.55000 -35.66000 1.50000 -123.3401
-250.94000 -128.50000 1.50000 -82.4857
19.96000 -49.48000 1.50000 -83.6098
-195.55000 -35.66000 1.50000 -83.3666
-250.94000 -128.50000 1.50000 -82.5367
19.96000 -49.48000 1.50000 -83.5777
-195.55000 -35.66000 1.50000 -83.3932
-250.94000 -128.50000 1.50000 -82.5876
19.96000 -49.48000 1.50000 -83.5456
-195.55000 -35.66000 1.50000 -83.4199
-250.94000 -128.50000 1.50000 -82.6381
19.96000 -49.48000 1.50000 -83.5136
-195.55000 -35.66000 1.50000 -83.4467
-250.94000 -128.50000 1.50000 -122.6884
19.96000 -49.48000 1.50000 -83.4816
-195.55000 -35.66000 1.50000 -83.4736
-250.94000 -128.50000 1.50000 -122.7385
19.96000 -49.48000 1.50000 -83.4497
-195.55000 -35.66000 1.50000 -83.5007
-250.94000 -128.50000 1.50000 -122.7883
19.96000 -49.48000 1.50000 -83.4178
-195.55000 -35.66000 1.50000 -83.5278
-250.94000 -128.50000 1.50000 -122.8379
19.96000 -49.48000 1.50000 -83.3859
-195.55000 -35.66000 1.50000 -83.5551
-250.94000 -128.50000 1.50000 -122.8872
19.96000 -49.48000 1.50000 -83.3541
-195.55000 -35.66000 1.50000 -83.5824
-250.94000 -128.50000 1.50000 -122.9362
19.96000 -49.48000 1.50000 -83.3223
-195.55000 -35.66000 1.50000 -83.6098
-250.94000 -128.50000 1.50000 -122.9851
19.96000 -49.48000 1.50000 -43.2906
-195.55000 -35.66000 1.50000 -83.6374
-250.94000 -128.50000 1.50000 -123.0337
19.96000 -49.48000 1.50000 -43.2589
-195.55000 -35.66000 1.50000 -83.6650
-250.94000 -128.50000 1.50000 -123.0820
19.96000 -49.48000 1.50000 -43.2273
-195.55000 -35.66000 1.50000 -83.6927
-250.94000 -128.50000 1.50000 -123.1301
19.96000 -49.48000 1.50000 -43.1957
-195.55000 -35.66000 1.50000 -83.7205
-250.94000 -128.50000 1.50000 -123.1780
19.96000 -49.48000 1.50000 -43.1643
-195.55000 -35.66000 1.50000 -83.7483
-250.94000 -128.50000 1.50000 -123.2257
19.96000 -49.48000 1.50000 -43.1328
-195.55000 -35.66000 1.50000 -83.7763
-250.94000 -128.50000 1.50000 -123.2731
19.96000 -49.48000 1.50000 -43.1015
-195.55000 -35.66000 1.50000 -83.8043
-250.94000 -128.50000 1.50000 -123.3203
19.96000 -49.48000 1.50000 -43.0702
-195.55000 -35.66000 1.50000 -83.8324
-250.94000 -128.50000 1.50000 -123.3672
19.96000 -49.48000 1.50000 -43.0390
-195.55000 -35.66000 1.50000 -83.8605
-250.94000 -128.50000 1.50000 -123.4140
19.96000 -49.48000 1.50000 -43.0797
-195.55000 -35.66000 1.50000 -83.8977
-250.94000 -128.50000 1.50000 -123.4295
19.96000 -49.48000 1.50000 -43.1106
-195.55000 -35.66000 1.50000 -83.8697
-250.94000 -128.50000 1.50000 -123.3829
19.96000 -49.48000 1.50000 -43.1416
-195.55000 -35.66000 1.50000 -83.8419
-250.94000 -128.50000 1.50000 -123.3361
19.96000 -49.48000 1.50000 -43.1727
-195.55000 -35.66000 1.50000 -83.8141
-250.94000 -128.50000 1.50000 -123.2891
19.96000 -49.48000 1.50000 -43.2038
-195.55000 -35.66000 1.50000 -83.7864
-250.94000 -128.50000 1.50000 -123.2419
19.96000 -49.48000 1.50000 -43.2350
-195.55000 -35.66000 1.50000 -83.7588
-250.94000 -128.50000 1.50000 -123.1944
19.96000 -49.48000 1.50000 -43.2663
-195.55000 -35.66000 1.50000 -83.7313
-250.94000 -128.50000 1.50000 -123.1467
19.96000 -49.48000 1.50000 -43.2976
-195.55000 -35.66000 1.50000 -83.7038
-250.94000 -128.50000 1.50000 -123.0988
19.96000 -49.48000 1.50000 -43.3290
-195.55000 -35.66000 1.50000 -83.6764
-250.94000 -128.50000 1.50000 -123.0506
19.96000 -49.48000 1.50000 -43.3604
-195.55000 -35.66000 1.50000 -83.6492
-250.94000 -128.50000 1.50000 -123.0022
19.96000 -49.48000 1.50000 -83.3919
-195.55000 -35.66000 1.50000 -83.6220
-250.94000 -128.50000 1.50000 -122.9536
19.96000 -49.48000 1.50000 -83.4235
-195.55000 -35.66000 1.50000 -83.5949
-250.94000 -128.50000 1.50000 -122.9047
19.96000 -49.48000 1.50000 -83.4550
-195.55000 -35.66000 1.50000 -83.5679
-250.94000 -128.50000 1.50000 -122.8556
19.96000 -49.48000 1.50000 -83.4867
-195.55000 -35.66000 1.50000 -83.5410
-250.94000 -128.50000 1.50000 -82.8062
19.96000 -49.48000 1.50000 -83.5184
-195.55000 -35.66000 1.50000 -83.5142
-250.94000 -128.50000 1.50000 -82.7566
19.96000 -49.48000 1.50000 -83.5501
-195.55000 -35.66000 1.50000 -83.4875
-250.94000 -128.50000 1.50000 -82.7068
19.96000 -49.48000 1.50000 -83.5818
-195.55000 -35.66000 1.50000 -83.4609
-250.94000 -128.50000 1.50000 -82.6567
19.96000 -49.48000 1.50000 -83.6136
-195.55000 -35.66000 1.50000 -83.4345
-250.94000 -128.50000 1.50000 -82.6063
19.96000 -49.48000 1.50000 -83.6455
-195.55000 -35.66000 1.50000 -123.4081
-250.94000 -128.50000 1.50000 -82.5557
19.96000 -49.48000 1.50000 -83.6773
-195.55000 -35.66000 1.50000 -123.3819
-250.94000 -128.50000 1.50000 -82.5049
19.96000 -49.48000 1.50000 -83.7092
-195.55000 -35.66000 1.50000 -83.3558
-250.94000 -128.50000 1.50000 -82.4538
19.96000 -49.48000 1.50000 -83.7443
-195.55000 -35.66000 1.50000 -83.3978
-250.94000 -128.50000 1.50000 -82.4735
19.96000 -49.48000 1.50000 -83.7127
-195.55000 -35.66000 1.50000 -123.4236
-250.94000 -128.50000 1.50000 -82.5244
19.96000 -49.48000 1.50000 -83.6811
-195.55000 -35.66000 1.50000 -123.4496
-250.94000 -128.50000 1.50000 -82.5750
19.96000 -49.48000 1.50000 -83.6496
-195.55000 -35.66000 1.50000 -123.4757
-250.94000 -128.50000 1.50000 -82.6254
19.96000 -49.48000 1.50000 -83.6180
-195.55000 -35.66000 1.50000 -83.5019
-250.94000 -128.50000 1.50000 -82.6755
19.96000 -49.48000 1.50000 -83.5865
-195.55000 -35.66000 1.50000 -83.5282
-250.94000 -128.50000 1.50000 -82.7254
19.96000 -49.48000 1.50000 -83.5551
-195.55000 -35.66000 1.50000 -83.5547
-250.94000 -128.50000 1.50000 -82.7750
19.96000 -49.48000 1.50000 -83.5237
-195.55000 -35.66000 1.50000 -83.5812
-250.94000 -128.50000 1.50000 -82.8244
19.96000 -49.48000 1.50000 -83.4923
-195.55000 -35.66000 1.50000 -83.6078
-250.94000 -128.50000 1.50000 -82.8735
19.96000 -49.48000 1.50000 -83.4610
-195.55000 -35.66000 1.50000 -83.6346
-250.94000 -128.50000 1.50000 -82.9224
19.96000 -49.48000 1.50000 -43.4297
-195.55000 -35.66000 1.50000 -83.6614
-250.94000 -128.50000 1.50000 -82.9711
19.96000 -49.48000 1.50000 -43.3985
-195.55000 -35.66000 1.50000 -83.6884
-250.94000 -128.50000 1.50000 -123.0196
19.96000 -49.48000 1.50000 -43.3673
-195.55000 -35.66000 1.50000 -83.7154
-250.94000 -128.50000 1.50000 -123.0678
19.96000 -49.48000 1.50000 -43.3362
-195.55000 -35.66000 1.50000 -83.7425
-250.94000 -128.50000 1.50000 -123.1157
19.96000 -49.48000 1.50000 -43.3052
-195.55000 -35.66000 1.50000 -83.7698
-250.94000 -128.50000 1.50000 -123.1635
19.96000 -49.48000 1.50000 -43.2742
-195.55000 -35.66000 1.50000 -83.7971
-250.94000 -128.50000 1.50000 -123.2110
19.96000 -49.48000 1.50000 -43.2432
-195.55000 -35.66000 1.50000 -83.8244
-250.94000 -128.50000 1.50000 -123.2583
19.96000 -49.48000 1.50000 -43.2124
-195.55000 -35.66000 1.50000 -83.8519
-250.94000 -128.50000 1.50000 -123.3054
19.96000 -49.48000 1.50000 -43.1816
-195.55000 -35.66000 1.50000 -83.8794
-250.94000 -128.50000 1.50000 -123.3522
19.96000 -49.48000 1.50000 -43.1509
-195.55000 -35.66000 1.50000 -83.9070
-250.94000 -128.50000 1.50000 -123.3988
19.96000 -49.48000 1.50000 -43.1203
-195.55000 -35.66000 1.50000 -83.9347
-250.94000 -128.50000 1.50000 -123.4452
19.96000 -49.48000 1.50000 -43.1608
-195.55000 -35.66000 1.50000 -83.9717
-250.94000 -128.50000 1.50000 -123.4612
19.96000 -49.48000 1.50000 -43.1911
-195.55000 -35.66000 1.50000 -83.9443
-250.94000 -128.50000 1.50000 -123.4149
19.96000 -49.48000 1.50000 -43.2216
-195.55000 -35.66000 1.50000 -83.9169
-250.94000 -128.50000 1.50000 -123.3685
19.96000 -49.48000 1.50000 -43.2521
-195.55000 -35.66000 1.50000 -83.8896
-250.94000 -128.50000 1.50000 -123.3218
19.96000 -49.48000 1.50000 -43.2826
-195.55000 -35.66000 1.50000 -83.8624
-250.94000 -128.50000 1.50000 -123.2749
19.96000 -49.48000 1.50000 -43.3133
-195.55000 -35.66000 1.50000 -83.8352
-250.94000 -128.50000 1.50000 -123.2278
19.96000 -49.48000 1.50000 -43.3440
-195.55000 -35.66000 1.50000 -83.8082
-250.94000 -128.50000 1.50000 -123.1805
19.96000 -49.48000 1.50000 -43.3748
-195.55000 -35.66000 1.50000 -83.7812
-250.94000 -128.50000 1.50000 -83.1330
19.96000 -49.48000 1.50000 -43.4056
-195.55000 -35.66000 1.50000 -83.7543
-250.94000 -128.50000 1.50000 -83.0852
19.96000 -49.48000 1.50000 -43.4365
-195.55000 -35.66000 1.50000 -83.7275
-250.94000 -128.50000 1.50000 -83.0372
19.96000 -49.48000 1.50000 -43.4674
-195.55000 -35.66000 1.50000 -83.7008
-250.94000 -128.50000 1.50000 -82.9889
19.96000 -49.48000 1.50000 -43.4984
-195.55000 -35.66000 1.50000 -83.6742
-250.94000 -128.50000 1.50000 -82.9404
19.96000 -49.48000 1.50000 -83.5295
-195.55000 -35.66000 1.50000 -83.6477
-250.94000 -128.50000 1.50000 -82.8917
19.96000 -49.48000 1.50000 -83.5606
-195.55000 -35.66000 1.50000 -83.6213
-250.94000 -128.50000 1.50000 -82.8428
19.96000 -49.48000 1.50000 -83.5918
-195.55000 -35.66000 1.50000 -83.5950
-250.94000 -128.50000 1.50000 -82.7936
19.96000 -49.48000 1.50000 -83.6229
-195.55000 -35.66000 1.50000 -83.5688
-250.94000 -128.50000 1.50000 -82.7442
19.96000 -49.48000 1.50000 -83.6542
-195.55000 -35.66000 1.50000 -83.5427
-250.94000 -128.50000 1.50000 -82.6945
19.96000 -49.48000 1.50000 -83.6854
-195.55000 -35.66000 1.50000 -123.5168
-250.94000 -128.50000 1.50000 -82.6446
19.96000 -49.48000 1.50000 -83.7167
-195.55000 -35.66000 1.50000 -123.4909
-250.94000 -128.50000 1.50000 -82.5945
19.96000 -49.48000 1.50000 -83.7481
-195.55000 -35.66000 1.50000 -83.4652
-250.94000 -128.50000 1.50000 -82.5441
19.96000 -49.48000 1.50000 -83.7794
-195.55000 -35.66000 1.50000 -83.4396
-250.94000 -128.50000 1.50000 -82.4934
19.96000 -49.48000 1.50000 -83.8145
-195.55000 -35.66000 1.50000 -83.4813
-250.94000 -128.50000 1.50000 -82.5136
19.96000 -49.48000 1.50000 -83.7834
-195.55000 -35.66000 1.50000 -83.5067
-250.94000 -128.50000 1.50000 -82.5640
19.96000 -49.48000 1.50000 -83.7523
-195.55000 -35.66000 1.50000 -123.5322
-250.94000 -128.50000 1.50000 -82.6142
19.96000 -49.48000 1.50000 -83.7213
-195.55000 -35.66000 1.50000 -123.5578
-250.94000 -128.50000 1.50000 -82.6641
19.96000 -49.48000 1.50000 -83.6903
-195.55000 -35.66000 1.50000 -123.5835
-250.94000 -128.50000 1.50000 -82.7138
19.96000 -49.48000 1.50000 -83.6593
-195.55000 -35.66000 1.50000 -83.6093
-250.94000 -128.50000 1.50000 -82.7633
19.96000 -49.48000 1.50000 -83.6284
-195.55000 -35.66000 1.50000 -83.6353
-250.94000 -128.50000 1.50000 -82.8125
19.96000 -49.48000 1.50000 -83.5975
-195.55000 -35.66000 1.50000 -83.6613
-250.94000 -128.50000 1.50000 -82.8614
19.96000 -49.48000 1.50000 -43.5667
-195.55000 -35.66000 1.50000 -83.6875
-250.94000 -128.50000 1.50000 -82.9102
19.96000 -49.48000 1.50000 -43.5359
-195.55000 -35.66000 1.50000 -83.7137
-250.94000 -128.50000 1.50000 -82.9587
19.96000 -49.48000 1.50000 -43.5051
-195.55000 -35.66000 1.50000 -83.7401
-250.94000 -128.50000 1.50000 -83.0069
19.96000 -49.48000 1.50000 -43.4744
-195.55000 -35.66000 1.50000 -83.7666
-250.94000 -128.50000 1.50000 -83.0550
19.96000 -49.48000 1.50000 -43.4438
-195.55000 -35.66000 1.50000 -83.7931
-250.94000 -128.50000 1.50000 -83.1028
19.96000 -49.48000 1.50000 -43.4133
-195.55000 -35.66000 1.50000 -83.8198
-250.94000 -128.50000 1.50000 -83.1504
19.96000 -49.48000 1.50000 -43.3828
-195.55000 -35.66000 1.50000 -83.8465
-250.94000 -128.50000 1.50000 -83.1978
19.96000 -49.48000 1.50000 -43.3523
-195.55000 -35.66000 1.50000 -83.8733
-250.94000 -128.50000 1.50000 -83.2449
19.96000 -49.48000 1.50000 -43.3219
-195.55000 -35.66000 1.50000 -83.9002
-250.94000 -128.50000 1.50000 -123.2918
19.96000 -49.48000 1.50000 -43.2916
-195.55000 -35.66000 1.50000 -83.9272
-250.94000 -128.50000 1.50000 -123.3385
19.96000 -49.48000 1.50000 -43.2614
-195.55000 -35.66000 1.50000 -83.9543
-250.94000 -128.50000 1.50000 -123.3850
19.96000 -49.48000 1.50000 -43.2313
-195.55000 -35.66000 1.50000 -83.9814
-250.94000 -128.50000 1.50000 -123.4313
19.96000 -49.48000 1.50000 -43.2012
-195.55000 -35.66000 1.50000 -84.0086
-250.94000 -128.50000 1.50000 -123.4774
19.96000 -49.48000 1.50000 -43.2416
-195.55000 -35.66000 1.50000 -84.0455
-250.94000 -128.50000 1.50000 -123.4937
19.96000 -49.48000 1.50000 -43.2714
-195.55000 -35.66000 1.50000 -84.0185
-250.94000 -128.50000 1.50000 -123.4479
19.96000 -49.48000 1.50000 -43.3012
-195.55000 -35.66000 1.50000 -83.9916
-250.94000 -128.50000 1.50000 -83.4018
19.96000 -49.48000 1.50000 -43.3312
-195.55000 -35.66000 1.50000 -83.9648
-250.94000 -128.50000 1.50000 -83.3555
19.96000 -49.48000 1.50000 -43.3612
-195.55000 -35.66000 1.50000 -83.9380
-250.94000 -128.50000 1.50000 -83.3089
19.96000 -49.48000 1.50000 -43.3913
-195.55000 -35.66000 1.50000 -83.9113
-250.94000 -128.50000 1.50000 -83.2622
19.96000 -49.48000 1.50000 -43.4215
-195.55000 -35.66000 1.50000 -83.8847
-250.94000 -128.50000 1.50000 -83.2152
19.96000 -49.48000 1.50000 -43.4517
-195.55000 -35.66000 1.50000 -83.8582
-250.94000 -128.50000 1.50000 -83.1681
19.96000 -49.48000 1.50000 -43.4820
-195.55000 -35.66000 1.50000 -83.8318
-250.94000 -128.50000 1.50000 -83.1207
19.96000 -49.48000 1.50000 -43.5123
-195.55000 -35.66000 1.50000 -83.8055
-250.94000 -128.50000 1.50000 -83.0730
19.96000 -49.48000 1.50000 -43.5428
-195.55000 -35.66000 1.50000 -83.7793
-250.94000 -128.50000 1.50000 -83.0252
19.96000 -49.48000 1.50000 -43.5732
-195.55000 -35.66000 1.50000 -83.7532
-250.94000 -128.50000 1.50000 -82.9771
19.96000 -49.48000 1.50000 -43.6038
-195.55000 -35.66000 1.50000 -83.7271
-250.94000 -128.50000 1.50000 -82.9288
19.96000 -49.48000 1.50000 -83.6343
-195.55000 -35.66000 1.50000 -83.7012
-250.94000 -128.50000 1.50000 -82.8803
19.96000 -49.48000 1.50000 -83.6650
-195.55000 -35.66000 1.50000 -83.6754
-250.94000 -128.50000 1.50000 -82.8316
19.96000 -49.48000 1.50000 -83.6956
-195.55000 -35.66000 1.50000 -123.6497
-250.94000 -128.50000 1.50000 -82.7826
19.96000 -49.48000 1.50000 -83.7263
-195.55000 -35.66000 1.50000 -123.6241
-250.94000 -128.50000 1.50000 -82.7333
19.96000 -49.48000 1.50000 -83.7571
-195.55000 -35.66000 1.50000 -123.5986
-250.94000 -128.50000 1.50000 -82.6839
19.96000 -49.48000 1.50000 -83.7879
-195.55000 -35.66000 1.50000 -83.5732
-250.94000 -128.50000 1.50000 -82.6342
19.96000 -49.48000 1.50000 -83.8187
-195.55000 -35.66000 1.50000 -83.5480
-250.94000 -128.50000 1.50000 -82.5842
19.96000 -49.48000 1.50000 -83.8496
-195.55000 -35.66000 1.50000 -83.5229
-250.94000 -128.50000 1.50000 -82.5341
19.96000 -49.48000 1.50000 -83.8846
-195.55000 -35.66000 1.50000 -83.5643
-250.94000 -128.50000 1.50000 -82.5548
19.96000 -49.48000 1.50000 -83.8540
-195.55000 -35.66000 1.50000 -83.5892
-250.94000 -128.50000 1.50000 -82.6047
19.96000 -49.48000 1.50000 -83.8234
-195.55000 -35.66000 1.50000 -83.6142
-250.94000 -128.50000 1.50000 -82.6544
19.96000 -49.48000 1.50000 -83.7929
-195.55000 -35.66000 1.50000 -83.6394
-250.94000 -128.50000 1.50000 -82.7039
19.96000 -49.48000 1.50000 -83.7624
-195.55000 -35.66000 1.50000 -123.6646
-250.94000 -128.50000 1.50000 -82.7531
19.96000 -49.48000 1.50000 -83.7319
-195.55000 -35.66000 1.50000 -123.6900
-250.94000 -128.50000 1.50000 -82.8021
19.96000 -49.48000 1.50000 -83.7015
-195.55000 -35.66000 1.50000 -83.7154
-250.94000 -128.50000 1.50000 -82.8509
19.96000 -49.48000 1.50000 -43.6711
-195.55000 -35.66000 1.50000 -83.7410
-250.94000 -128.50000 1.50000 -82.8994
19.96000 -49.48000 1.50000 -43.6408
-195.55000 -35.66000 1.50000 -83.7667
-250.94000 -128.50000 1.50000 -82.9477
19.96000 -49.48000 1.50000 -43.6105
-195.55000 -35.66000 1.50000 -83.7925
-250.94000 -128.50000 1.50000 -82.9958
19.96000 -49.48000 1.50000 -43.5803
-195.55000 -35.66000 1.50000 -83.8184
-250.94000 -128.50000 1.50000 -83.0437
19.96000 -49.48000 1.50000 -43.5502
-195.55000 -35.66000 1.50000 -83.8444
-250.94000 -128.50000 1.50000 -83.0913
19.96000 -49.48000 1.50000 -43.5201
-195.55000 -35.66000 1.50000 -83.8705
-250.94000 -128.50000 1.50000 -83.1387
19.96000 -49.48000 1.50000 -43.4901
-195.55000 -35.66000 1.50000 -83.8966
-250.94000 -128.50000 1.50000 -83.1859
19.96000 -49.48000 1.50000 -43.4601
-195.55000 -35.66000 1.50000 -83.9229
-250.94000 -128.50000 1.50000 -83.2329
19.96000 -49.48000 1.50000 -43.4302
-195.55000 -35.66000 1.50000 -83.9492
-250.94000 -128.50000 1.50000 -83.2797
19.96000 -49.48000 1.50000 -43.4004
-195.55000 -35.66000 1.50000 -83.9757
-250.94000 -128.50000 1.50000 -83.3262
19.96000 -49.48000 1.50000 -43.3706
-195.55000 -35.66000 1.50000 -84.0022
-250.94000 -128.50000 1.50000 -83.3726
19.96000 -49.48000 1.50000 -43.3409
-195.55000 -35.66000 1.50000 -84.0288
-250.94000 -128.50000 1.50000 -83.4187
19.96000 -49.48000 1.50000 -43.3113
-195.55000 -35.66000 1.50000 -84.0555
-250.94000 -128.50000 1.50000 -83.4646
19.96000 -49.48000 1.50000 -43.2818
-195.55000 -35.66000 1.50000 -84.0822
-250.94000 -128.50000 1.50000 -83.5103
19.96000 -49.48000 1.50000 -43.3220
-195.55000 -35.66000 1.50000 -84.1189
-250.94000 -128.50000 1.50000 -83.5271
19.96000 -49.48000 1.50000 -43.3512
-195.55000 -35.66000 1.50000 -84.0924
-250.94000 -128.50000 1.50000 -83.4816
19.96000 -49.48000 1.50000 -43.3806
-195.55000 -35.66000 1.50000 -84.0660
-250.94000 -128.50000 1.50000 -83.4359
19.96000 -49.48000 1.50000 -43.4100
-195.55000 -35.66000 1.50000 -84.0396
-250.94000 -128.50000 1.50000 -83.3899
19.96000 -49.48000 1.50000 -43.4395
-195.55000 -35.66000 1.50000 -84.0133
-250.94000 -128.50000 1.50000 -83.3438
19.96000 -49.48000 1.50000 -43.4690
-195.55000 -35.66000 1.50000 -83.9871
-250.94000 -128.50000 1.50000 -83.2974
19.96000 -49.48000 1.50000 -43.4987
-195.55000 -35.66000 1.50000 -83.9610
-250.94000 -128.50000 1.50000 -83.2508
19.96000 -49.48000 1.50000 -43.5284
-195.55000 -35.66000 1.50000 -83.9349
-250.94000 -128.50000 1.50000 -83.2041
19.96000 -49.48000 1.50000 -43.5581
-195.55000 -35.66000 1.50000 -83.9090
-250.94000 -128.50000 1.50000 -83.1570
19.96000 -49.48000 1.50000 -43.5880
-195.55000 -35.66000 1.50000 -83.8831
-250.94000 -128.50000 1.50000 -83.1098
19.96000 -49.48000 1.50000 -43.6179
-195.55000 -35.66000 1.50000 -83.8574
-250.94000 -128.50000 1.50000 -83.0624
19.96000 -49.48000 1.50000 -43.6478
-195.55000 -35.66000 1.50000 -83.8317
-250.94000 -128.50000 1.50000 -83.0147
19.96000 -49.48000 1.50000 -43.6778
-195.55000 -35.66000 1.50000 -83.8062
-250.94000 -128.50000 1.50000 -82.9669
19.96000 -49.48000 1.50000 -43.7079
-195.55000 -35.66000 1.50000 -83.7807
-250.94000 -128.50000 1.50000 -82.9188
19.96000 -49.48000 1.50000 -43.7380
-195.55000 -35.66000 1.50000 -123.7554
-250.94000 -128.50000 1.50000 -82.8704
19.96000 -49.48000 1.50000 -83.7682
-195.55000 -35.66000 1.50000 -123.7301
-250.94000 -128.50000 1.50000 -82.8219
19.96000 -49.48000 1.50000 -83.7984
-195.55000 -35.66000 1.50000 -123.7050
-250.94000 -128.50000 1.50000 -82.7731
19.96000 -49.48000 1.50000 -83.8286
-195.55000 -35.66000 1.50000 -83.6800
-250.94000 -128.50000 1.50000 -82.7241
19.96000 -49.48000 1.50000 -83.8589
-195.55000 -35.66000 1.50000 -83.6551
-250.94000 -128.50000 1.50000 -82.6749
19.96000 -49.48000 1.50000 -83.8892
-195.55000 -35.66000 1.50000 -83.6303
-250.94000 -128.50000 1.50000 -82.6254
19.96000 -49.48000 1.50000 -83.9196
-195.55000 -35.66000 1.50000 -83.6057
-250.94000 -128.50000 1.50000 -82.5757
19.96000 -49.48000 1.50000 -83.9546
-195.55000 -35.66000 1.50000 -83.6469
-250.94000 -128.50000 1.50000 -82.5968
19.96000 -49.48000 1.50000 -83.9244
-195.55000 -35.66000 1.50000 -83.6713
-250.94000 -128.50000 1.50000 -82.6463
19.96000 -49.48000 1.50000 -83.8943
-195.55000 -35.66000 1.50000 -83.6958
-250.94000 -128.50000 1.50000 -82.6955
19.96000 -49.48000 1.50000 -83.8643
-195.55000 -35.66000 1.50000 -83.7205
-250.94000 -128.50000 1.50000 -82.7446
19.96000 -49.48000 1.50000 -83.8343
-195.55000 -35.66000 1.50000 -83.7453
-250.94000 -128.50000 1.50000 -82.7933
19.96000 -49.48000 1.50000 -43.8043
-195.55000 -35.66000 1.50000 -123.7702
-250.94000 -128.50000 1.50000 -82.8419
19.96000 -49.48000 1.50000 -43.7744
-195.55000 -35.66000 1.50000 -123.7952
-250.94000 -128.50000 1.50000 -82.8902
19.96000 -49.48000 1.50000 -43.7446
-195.55000 -35.66000 1.50000 -123.8203
-250.94000 -128.50000 1.50000 -82.9383
19.96000 -49.48000 1.50000 -43.7148
-195.55000 -35.66000 1.50000 -83.8455
-250.94000 -128.50000 1.50000 -82.9862
19.96000 -49.48000 1.50000 -43.6850
-195.55000 -35.66000 1.50000 -83.8708
-250.94000 -128.50000 1.50000 -83.0339
19.96000 -49.48000 1.50000 -43.6553
-195.55000 -35.66000 1.50000 -83.8963
-250.94000 -128.50000 1.50000 -83.0813
19.96000 -49.48000 1.50000 -43.6257
-195.55000 -35.66000 1.50000 -83.9218
-250.94000 -128.50000 1.50000 -83.1285
19.96000 -49.48000 1.50000 -43.5961
-195.55000 -35.66000 1.50000 -83.9474
-250.94000 -128.50000 1.50000 -83.1756
19.96000 -49.48000 1.50000 -43.5666
-195.55000 -35.66000 1.50000 -83.9731
-250.94000 -128.50000 1.50000 -83.2224
19.96000 -49.48000 1.50000 -43.5372
-195.55000 -35.66000 1.50000 -83.9989
-250.94000 -128.50000 1.50000 -83.2690
19.96000 -49.48000 1.50000 -43.5078
-195.55000 -35.66000 1.50000 -84.0248
-250.94000 -128.50000 1.50000 -83.3153
19.96000 -49.48000 1.50000 -43.4785
-195.55000 -35.66000 1.50000 -84.0508
-250.94000 -128.50000 1.50000 -83.3615
19.96000 -49.48000 1.50000 -43.4493
-195.55000 -35.66000 1.50000 -84.0769
-250.94000 -128.50000 1.50000 -83.4075
19.96000 -49.48000 1.50000 -43.4201
-195.55000 -35.66000 1.50000 -84.1030
-250.94000 -128.50000 1.50000 -83.4532
19.96000 -49.48000 1.50000 -43.3911
-195.55000 -35.66000 1.50000 -84.1293
-250.94000 -128.50000 1.50000 -83.4988
19.96000 -49.48000 1.50000 -43.3621
-195.55000 -35.66000 1.50000 -84.1556
-250.94000 -128.50000 1.50000 -83.5441
19.96000 -49.48000 1.50000 -43.4021
-195.55000 -35.66000 1.50000 -84.1921
-250.94000 -128.50000 1.50000 -83.5614
19.96000 -49.48000 1.50000 -43.4308
-195.55000 -35.66000 1.50000 -84.1660
-250.94000 -128.50000 1.50000 -83.5162
19.96000 -49.48000 1.50000 -43.4596
-195.55000 -35.66000 1.50000 -84.1400
-250.94000 -128.50000 1.50000 -83.4708
19.96000 -49.48000 1.50000 -43.4885
-195.55000 -35.66000 1.50000 -84.1141
-250.94000 -128.50000 1.50000 -83.4252
19.96000 -49.48000 1.50000 -43.5174
-195.55000 -35.66000 1.50000 -84.0883
-250.94000 -128.50000 1.50000 -83.3795
19.96000 -49.48000 1.50000 -43.5465
-195.55000 -35.66000 1.50000 -84.0625
-250.94000 -128.50000 1.50000 -83.3335
19.96000 -49.48000 1.50000 -43.5756
-195.55000 -35.66000 1.50000 -84.0368
-250.94000 -128.50000 1.50000 -83.2873
19.96000 -49.48000 1.50000 -43.6048
-195.55000 -35.66000 1.50000 -84.0112
-250.94000 -128.50000 1.50000 -83.2409
19.96000 -49.48000 1.50000 -43.6340
-195.55000 -35.66000 1.50000 -83.9858
-250.94000 -128.50000 1.50000 -83.1943
19.96000 -49.48000 1.50000 -43.6633
-195.55000 -35.66000 1.50000 -83.9604
-250.94000 -128.50000 1.50000 -83.1475
19.96000 -49.48000 1.50000 -43.6927
-195.55000 -35.66000 1.50000 -83.9351
-250.94000 -128.50000 1.50000 -83.1005
19.96000 -49.48000 1.50000 -43.7222
-195.55000 -35.66000 1.50000 -83.9099
-250.94000 -128.50000 1.50000 -83.0532
19.96000 -49.48000 1.50000 -43.7517
-195.55000 -35.66000 1.50000 -83.8848
-250.94000 -128.50000 1.50000 -83.0058
19.96000 -49.48000 1.50000 -43.7812
-195.55000 -35.66000 1.50000 -123.8598
-250.94000 -128.50000 1.50000 -82.9581
19.96000 -49.48000 1.50000 -43.8108
-195.55000 -35.66000 1.50000 -123.8349
-250.94000 -128.50000 1.50000 -82.9102
19.96000 -49.48000 1.50000 -43.8405
-195.55000 -35.66000 1.50000 -123.8101
-250.94000 -128.50000 1.50000 -82.8621
19.96000 -49.48000 1.50000 -43.8702
-195.55000 -35.66000 1.50000 -83.7854
-250.94000 -128.50000 1.50000 -82.8138
19.96000 -49.48000 1.50000 -83.8999
-195.55000 -35.66000 1.50000 -83.7609
-250.94000 -128.50000 1.50000 -82.7652
19.96000 -49.48000 1.50000 -83.9297
-195.55000 -35.66000 1.50000 -83.7365
-250.94000 -128.50000 1.50000 -82.7165
19.96000 -49.48000 1.50000 -83.9596
-195.55000 -35.66000 1.50000 -83.7121
-250.94000 -128.50000 1.50000 -82.6675
19.96000 -49.48000 1.50000 -83.9895
-195.55000 -35.66000 1.50000 -83.6879
-250.94000 -128.50000 1.50000 -82.6182
19.96000 -49.48000 1.50000 -84.0244
-195.55000 -35.66000 1.50000 -83.7289
-250.94000 -128.50000 1.50000 -82.6399
19.96000 -49.48000 1.50000 -83.9947
-195.55000 -35.66000 1.50000 -83.7529
-250.94000 -128.50000 1.50000 -82.6888
19.96000 -49.48000 1.50000 -83.9651
-195.55000 -35.66000 1.50000 -83.7769
-250.94000 -128.50000 1.50000 -82.7376
19.96000 -49.48000 1.50000 -43.9356
-195.55000 -35.66000 1.50000 -83.8011
-250.94000 -128.50000 1.50000 -82.7861
19.96000 -49.48000 1.50000 -43.9060
-195.55000 -35.66000 1.50000 -83.8255
-250.94000 -128.50000 1.50000 -82.8344
19.96000 -49.48000 1.50000 -43.8766
-195.55000 -35.66000 1.50000 -83.8499
-250.94000 -128.50000 1.50000 -82.8825
19.96000 -49.48000 1.50000 -43.8472
-195.55000 -35.66000 1.50000 -123.8745
-250.94000 -128.50000 1.50000 -82.9304
19.96000 -49.48000 1.50000 -43.8178
-195.55000 -35.66000 1.50000 -123.8991
-250.94000 -128.50000 1.50000 -82.9781
19.96000 -49.48000 1.50000 -43.7885
-195.55000 -35.66000 1.50000 -123.9239
-250.94000 -128.50000 1.50000 -83.0255
19.96000 -49.48000 1.50000 -43.7592
-195.55000 -35.66000 1.50000 -83.9488
-250.94000 -128.50000 1.50000 -83.0728
19.96000 -49.48000 1.50000 -43.7300
-195.55000 -35.66000 1.50000 -83.9738
-250.94000 -128.50000 1.50000 -83.1198
19.96000 -49.48000 1.50000 -43.7009
-195.55000 -35.66000 1.50000 -83.9988
-250.94000 -128.50000 1.50000 -83.1666
19.96000 -49.48000 1.50000 -43.6719
-195.55000 -35.66000 1.50000 -84.0240
-250.94000 -128.50000 1.50000 -83.2132
19.96000 -49.48000 1.50000 -43.6429
-195.55000 -35.66000 1.50000 -84.0493
-250.94000 -128.50000 1.50000 -83.2596
19.96000 -49.48000 1.50000 -43.6139
-195.55000 -35.66000 1.50000 -84.0746
-250.94000 -128.50000 1.50000 -83.3058
19.96000 -49.48000 1.50000 -43.5851
-195.55000 -35.66000 1.50000 -84.1001
-250.94000 -128.50000 1.50000 -83.3518
19.96000 -49.48000 1.50000 -43.5563
-195.55000 -35.66000 1.50000 -84.1256
-250.94000 -128.50000 1.50000 -83.3976
19.96000 -49.48000 1.50000 -43.5276
-195.55000 -35.66000 1.50000 -84.1513
-250.94000 -128.50000 1.50000 -83.4432
19.96000 -49.48000 1.50000 -43.4990
-195.55000 -35.66000 1.50000 -84.1770
-250.94000 -128.50000 1.50000 -83.4886
19.96000 -49.48000 1.50000 -43.4705
-195.55000 -35.66000 1.50000 -84.2027
-250.94000 -128.50000 1.50000 -83.5338
19.96000 -49.48000 1.50000 -43.4420
-195.55000 -35.66000 1.50000 -84.2286
-250.94000 -128.50000 1.50000 -83.5788
19.96000 -49.48000 1.50000 -43.4818
-195.55000 -35.66000 1.50000 -84.2650
-250.94000 -128.50000 1.50000 -83.5964
19.96000 -49.48000 1.50000 -43.5100
-195.55000 -35.66000 1.50000 -84.2394
-250.94000 -128.50000 1.50000 -83.5516
19.96000 -49.48000 1.50000 -43.5383
-195.55000 -35.66000 1.50000 -84.2138
-250.94000 -128.50000 1.50000 -83.5066
19.96000 -49.48000 1.50000 -43.5667
-195.55000 -35.66000 1.50000 -84.1883
-250.94000 -128.50000 1.50000 -83.4614
19.96000 -49.48000 1.50000 -43.5951
-195.55000 -35.66000 1.50000 -84.1629
-250.94000 -128.50000 1.50000 -83.4160
19.96000 -49.48000 1.50000 -43.6236
-195.55000 -35.66000 1.50000 -84.1376
-250.94000 -128.50000 1.50000 -83.3704
19.96000 -49.48000 1.50000 -43.6522
-195.55000 -35.66000 1.50000 -84.1124
-250.94000 -128.50000 1.50000 -83.3246
19.96000 -49.48000 1.50000 -43.6809
-195.55000 -35.66000 1.50000 -84.0872
-250.94000 -128.50000 1.50000 -83.2786
19.96000 -49.48000 1.50000 -43.7096
-195.55000 -35.66000 1.50000 -84.0622
-250.94000 -128.50000 1.50000 -83.2324
19.96000 -49.48000 1.50000 -43.7384
-195.55000 -35.66000 1.50000 -84.0372
-250.94000 -128.50000 1.50000 -83.1860
19.96000 -49.48000 1.50000 -43.7673
-195.55000 -35.66000 1.50000 -84.0123
-250.94000 -128.50000 1.50000 -83.1394
19.96000 -49.48000 1.50000 -43.7963
-195.55000 -35.66000 1.50000 -83.9876
-250.94000 -128.50000 1.50000 -83.0926
19.96000 -49.48000 1.50000 -43.8253
-195.55000 -35.66000 1.50000 -123.9629
-250.94000 -128.50000 1.50000 -83.0455
19.96000 -49.48000 1.50000 -43.8543
-195.55000 -35.66000 1.50000 -123.9384
-250.94000 -128.50000 1.50000 -82.9983
19.96000 -49.48000 1.50000 -43.8835
-195.55000 -35.66000 1.50000 -83.9139
-250.94000 -128.50000 1.50000 -82.9509
19.96000 -49.48000 1.50000 -43.9126
-195.55000 -35.66000 1.50000 -83.8896
-250.94000 -128.50000 1.50000 -82.9032
19.96000 -49.48000 1.50000 -43.9418
-195.55000 -35.66000 1.50000 -83.8654
-250.94000 -128.50000 1.50000 -82.8553
19.96000 -49.48000 1.50000 -43.9711
-195.55000 -35.66000 1.50000 -83.8413
-250.94000 -128.50000 1.50000 -82.8073
19.96000 -49.48000 1.50000 -84.0004
-195.55000 -35.66000 1.50000 -83.8173
-250.94000 -128.50000 1.50000 -82.7590
19.96000 -49.48000 1.50000 -84.0298
-195.55000 -35.66000 1.50000 -83.7935
-250.94000 -128.50000 1.50000 -82.7104
19.96000 -49.48000 1.50000 -84.0592
-195.55000 -35.66000 1.50000 -83.7697
-250.94000 -128.50000 1.50000 -82.6617
19.96000 -49.48000 1.50000 -84.0940
-195.55000 -35.66000 1.50000 -83.8104
-250.94000 -128.50000 1.50000 -82.6838
19.96000 -49.48000 1.50000 -84.0648
-195.55000 -35.66000 1.50000 -83.8339
-250.94000 -128.50000 1.50000 -82.7323
19.96000 -49.48000 1.50000 -44.0357
-195.55000 -35.66000 1.50000 -83.8576
-250.94000 -128.50000 1.50000 -82.7805
19.96000 -49.48000 1.50000 -44.0066
-195.55000 -35.66000 1.50000 -83.8813
-250.94000 -128.50000 1.50000 -82.8286
19.96000 -49.48000 1.50000 -43.9776
-195.55000 -35.66000 1.50000 -83.9052
-250.94000 -128.50000 1.50000 -82.8764
19.96000 -49.48000 1.50000 -43.9486
-195.55000 -35.66000 1.50000 -83.9292
-250.94000 -128.50000 1.50000 -82.9241
19.96000 -49.48000 1.50000 -43.9197
-195.55000 -35.66000 1.50000 -83.9533
-250.94000 -128.50000 1.50000 -82.9715
19.96000 -49.48000 1.50000 -43.8908
-195.55000 -35.66000 1.50000 -123.9775
-250.94000 -128.50000 1.50000 -83.0187
19.96000 -49.48000 1.50000 -43.8620
-195.55000 -35.66000 1.50000 -124.0019
-250.94000 -128.50000 1.50000 -83.0657
19.96000 -49.48000 1.50000 -43.8332
-195.55000 -35.66000 1.50000 -124.0263
-250.94000 -128.50000 1.50000 -83.1125
19.96000 -49.48000 1.50000 -43.8045
-195.55000 -35.66000 1.50000 -84.0508
-250.94000 -128.50000 1.50000 -83.1591
19.96000 -49.48000 1.50000 -43.7759
-195.55000 -35.66000 1.50000 -84.0755
-250.94000 -128.50000 1.50000 -83.2055
19.96000 -49.48000 1.50000 -43.7473
-195.55000 -35.66000 1.50000 -84.1002
-250.94000 -128.50000 1.50000 -83.2517
19.96000 -49.48000 1.50000 -43.7188
-195.55000 -35.66000 1.50000 -84.1250
-250.94000 -128.50000 1.50000 -83.2977
19.96000 -49.48000 1.50000 -43.6904
-195.55000 -35.66000 1.50000 -84.1500
-250.94000 -128.50000 1.50000 -83.3435
19.96000 -49.48000 1.50000 -43.6621
-195.55000 -35.66000 1.50000 -84.1750
-250.94000 -128.50000 1.50000 -83.3891
19.96000 -49.48000 1.50000 -43.6338
-195.55000 -35.66000 1.50000 -84.2001
-250.94000 -128.50000 1.50000 -83.4345
19.96000 -49.48000 1.50000 -43.6056
-195.55000 -35.66000 1.50000 -84.2253
-250.94000 -128.50000 1.50000 -83.4797
19.96000 -49.48000 1.50000 -43.5775
-195.55000 -35.66000 1.50000 -84.2505
-250.94000 -128.50000 1.50000 -83.5247
19.96000 -49.48000 1.50000 -43.5495
-195.55000 -35.66000 1.50000 -84.2759
-250.94000 -128.50000 1.50000 -83.5695
19.96000 -49.48000 1.50000 -43.5216
-195.55000 -35.66000 1.50000 -84.3013
-250.94000 -128.50000 1.50000 -83.6142
19.96000 -49.48000 1.50000 -43.4937
-195.55000 -35.66000 1.50000 -84.3269
-250.94000 -128.50000 1.50000 -83.6586
19.96000 -49.48000 1.50000 -43.4660
-195.55000 -35.66000 1.50000 -84.3524
-250.94000 -128.50000 1.50000 -83.7028
19.96000 -49.48000 1.50000 -43.5061
-195.55000 -35.66000 1.50000 -84.3883
-250.94000 -128.50000 1.50000 -83.7205
19.96000 -49.48000 1.50000 -43.5336
-195.55000 -35.66000 1.50000 -84.3629
-250.94000 -128.50000 1.50000 -83.6764
19.96000 -49.48000 1.50000 -43.5612
-195.55000 -35.66000 1.50000 -84.3376
-250.94000 -128.50000 1.50000 -83.6322
19.96000 -49.48000 1.50000 -43.5889
-195.55000 -35.66000 1.50000 -84.3124
-250.94000 -128.50000 1.50000 -83.5877
19.96000 -49.48000 1.50000 -43.6166
-195.55000 -35.66000 1.50000 -84.2872
-250.94000 -128.50000 1.50000 -83.5431
19.96000 -49.48000 1.50000 -43.6445
-195.55000 -35.66000 1.50000 -84.2622
-250.94000 -128.50000 1.50000 -83.4983
19.96000 -49.48000 1.50000 -43.6724
-195.55000 -35.66000 1.50000 -84.2372
-250.94000 -128.50000 1.50000 -83.4533
19.96000 -49.48000 1.50000 -43.7005
-195.55000 -35.66000 1.50000 -84.2123
-250.94000 -128.50000 1.50000 -83.4081
19.96000 -49.48000 1.50000 -43.7286
-195.55000 -35.66000 1.50000 -84.1875
-250.94000 -128.50000 1.50000 -83.3627
19.96000 -49.48000 1.50000 -43.7567
-195.55000 -35.66000 1.50000 -84.1628
-250.94000 -128.50000 1.50000 -83.3171
19.96000 -49.48000 1.50000 -43.7850
-195.55000 -35.66000 1.50000 -84.1382
-250.94000 -128.50000 1.50000 -83.2713
19.96000 -49.48000 1.50000 -43.8133
-195.55000 -35.66000 1.50000 -84.1137
-250.94000 -128.50000 1.50000 -83.2253
19.96000 -49.48000 1.50000 -43.8417
-195.55000 -35.66000 1.50000 -124.0892
-250.94000 -128.50000 1.50000 -83.1791
19.96000 -49.48000 1.50000 -43.8701
-195.55000 -35.66000 1.50000 -124.0649
-250.94000 -128.50000 1.50000 -83.1327
19.96000 -49.48000 1.50000 -43.8987
-195.55000 -35.66000 1.50000 -124.0407
-250.94000 -128.50000 1.50000 -83.0861
19.96000 -49.48000 1.50000 -43.9272
-195.55000 -35.66000 1.50000 -84.0166
-250.94000 -128.50000 1.50000 -83.0394
19.96000 -49.48000 1.50000 -43.9559
-195.55000 -35.66000 1.50000 -83.9926
-250.94000 -128.50000 1.50000 -82.9924
19.96000 -49.48000 1.50000 -43.9846
-195.55000 -35.66000 1.50000 -83.9687
-250.94000 -128.50000 1.50000 -82.9452
19.96000 -49.48000 1.50000 -44.0133
-195.55000 -35.66000 1.50000 -83.9449
-250.94000 -128.50000 1.50000 -82.8978
19.96000 -49.48000 1.50000 -44.0421
-195.55000 -35.66000 1.50000 -83.9212
-250.94000 -128.50000 1.50000 -82.8501
19.96000 -49.48000 1.50000 -44.0709
-195.55000 -35.66000 1.50000 -83.8977
-250.94000 -128.50000 1.50000 -82.8023
19.96000 -49.48000 1.50000 -44.1061
-195.55000 -35.66000 1.50000 -83.9377
-250.94000 -128.50000 1.50000 -82.8243
19.96000 -49.48000 1.50000 -44.0775
-195.55000 -35.66000 1.50000 -83.9610
-250.94000 -128.50000 1.50000 -82.8719
19.96000 -49.48000 1.50000 -44.0490
-195.55000 -35.66000 1.50000 -83.9845
-250.94000 -128.50000 1.50000 -82.9193
19.96000 -49.48000 1.50000 -44.0204
-195.55000 -35.66000 1.50000 -84.0081
-250.94000 -128.50000 1.50000 -82.9664
19.96000 -49.48000 1.50000 -43.9920
-195.55000 -35.66000 1.50000 -84.0317
-250.94000 -128.50000 1.50000 -83.0134
19.96000 -49.48000 1.50000 -43.9636
-195.55000 -35.66000 1.50000 -84.0555
-250.94000 -128.50000 1.50000 -83.0602
19.96000 -49.48000 1.50000 -43.9353
-195.55000 -35.66000 1.50000 -84.0794
-250.94000 -128.50000 1.50000 -83.1068
19.96000 -49.48000 1.50000 -43.9070
-195.55000 -35.66000 1.50000 -124.1034
-250.94000 -128.50000 1.50000 -83.1531
19.96000 -49.48000 1.50000 -43.8788
-195.55000 -35.66000 1.50000 -124.1275
-250.94000 -128.50000 1.50000 -83.1993
19.96000 -49.48000 1.50000 -43.8506
-195.55000 -35.66000 1.50000 -84.1517
-250.94000 -128.50000 1.50000 -83.2453
19.96000 -49.48000 1.50000 -43.8225
-195.55000 -35.66000 1.50000 -84.1760
-250.94000 -128.50000 1.50000 -83.2910
19.96000 -49.48000 1.50000 -43.7945
-195.55000 -35.66000 1.50000 -84.2004
-250.94000 -128.50000 1.50000 -83.3366
19.96000 -49.48000 1.50000 -43.7666
-195.55000 -35.66000 1.50000 -84.2249
-250.94000 -128.50000 1.50000 -83.3820
19.96000 -49.48000 1.50000 -43.7388
-195.55000 -35.66000 1.50000 -84.2495
-250.94000 -128.50000 1.50000 -83.4272
19.96000 -49.48000 1.50000 -43.7110
-195.55000 -35.66000 1.50000 -84.2742
-250.94000 -128.50000 1.50000 -83.4722
19.96000 -49.48000 1.50000 -43.6833
-195.55000 -35.66000 1.50000 -84.2990
-250.94000 -128.50000 1.50000 -83.5170
19.96000 -49.48000 1.50000 -43.6557
-195.55000 -35.66000 1.50000 -84.3238
-250.94000 -128.50000 1.50000 -83.5617
19.96000 -49.48000 1.50000 -43.6282
-195.55000 -35.66000 1.50000 -84.3488
-250.94000 -128.50000 1.50000 -83.6061
19.96000 -49.48000 1.50000 -43.6007
-195.55000 -35.66000 1.50000 -84.3738
-250.94000 -128.50000 1.50000 -83.6503
19.96000 -49.48000 1.50000 -43.5734
-195.55000 -35.66000 1.50000 -84.3989
-250.94000 -128.50000 1.50000 -83.6944
19.96000 -49.48000 1.50000 -43.5462
-195.55000 -35.66000 1.50000 -84.4240
-250.94000 -128.50000 1.50000 -83.7383
19.96000 -49.48000 1.50000 -43.5190
-195.55000 -35.66000 1.50000 -84.4493
-250.94000 -128.50000 1.50000 -83.7820
19.96000 -49.48000 1.50000 -43.5592
-195.55000 -35.66000 1.50000 -84.4847
-250.94000 -128.50000 1.50000 -83.7998
19.96000 -49.48000 1.50000 -43.5861
-195.55000 -35.66000 1.50000 -84.4597
-250.94000 -128.50000 1.50000 -83.7563
19.96000 -49.48000 1.50000 -43.6131
-195.55000 -35.66000 1.50000 -84.4347
-250.94000 -128.50000 1.50000 -83.7126
19.96000 -49.48000 1.50000 -43.6402
-195.55000 -35.66000 1.50000 -84.4099
-250.94000 -128.50000 1.50000 -83.6687
19.96000 -49.48000 1.50000 -43.6674
-195.55000 -35.66000 1.50000 -84.3851
-250.94000 -128.50000 1.50000 -83.6246
19.96000 -49.48000 1.50000 -43.6946
-195.55000 -35.66000 1.50000 -84.3603
-250.94000 -128.50000 1.50000 -83.5804
19.96000 -49.48000 1.50000 -43.7220
-195.55000 -35.66000 1.50000 -84.3357
-250.94000 -128.50000 1.50000 -83.5360
19.96000 -49.48000 1.50000 -43.7495
-195.55000 -35.66000 1.50000 -84.3111
-250.94000 -128.50000 1.50000 -83.4913
19.96000 -49.48000 1.50000 -43.7770
-195.55000 -35.66000 1.50000 -84.2867
-250.94000 -128.50000 1.50000 -83.4465
19.96000 -49.48000 1.50000 -43.8046
-195.55000 -35.66000 1.50000 -84.2623
-250.94000 -128.50000 1.50000 -83.4016
19.96000 -49.48000 1.50000 -43.8323
-195.55000 -35.66000 1.50000 -84.2380
-250.94000 -128.50000 1.50000 -83.3564
19.96000 -49.48000 1.50000 -43.8600
-195.55000 -35.66000 1.50000 -84.2138
-250.94000 -128.50000 1.50000 -83.3110
19.96000 -49.48000 1.50000 -43.8879
-195.55000 -35.66000 1.50000 -124.1897
-250.94000 -128.50000 1.50000 -83.2654
19.96000 -49.48000 1.50000 -43.9158
-195.55000 -35.66000 1.50000 -124.1657
-250.94000 -128.50000 1.50000 -83.2197
19.96000 -49.48000 1.50000 -43.9438
-195.55000 -35.66000 1.50000 -124.1418
-250.94000 -128.50000 1.50000 -83.1737
19.96000 -49.48000 1.50000 -43.9718
-195.55000 -35.66000 1.50000 -84.1180
-250.94000 -128.50000 1.50000 -83.1276
19.96000 -49.48000 1.50000 -43.9999
-195.55000 -35.66000 1.50000 -84.0943
-250.94000 -128.50000 1.50000 -83.0812
19.96000 -49.48000 1.50000 -44.0281
-195.55000 -35.66000 1.50000 -84.0708
-250.94000 -128.50000 1.50000 -83.0347
19.96000 -49.48000 1.50000 -44.0563
-195.55000 -35.66000 1.50000 -84.0473
-250.94000 -128.50000 1.50000 -82.9879
19.96000 -49.48000 1.50000 -44.0845
-195.55000 -35.66000 1.50000 -84.0240
-250.94000 -128.50000 1.50000 -82.9410
19.96000 -49.48000 1.50000 -44.1129
-195.55000 -35.66000 1.50000 -84.0007
-250.94000 -128.50000 1.50000 -82.8939
19.96000 -49.48000 1.50000 -44.1482
-195.55000 -35.66000 1.50000 -84.0403
-250.94000 -128.50000 1.50000 -82.9160
19.96000 -49.48000 1.50000 -44.1201
-195.55000 -35.66000 1.50000 -84.0633
-250.94000 -128.50000 1.50000 -82.9629
19.96000 -49.48000 1.50000 -44.0921
-195.55000 -35.66000 1.50000 -84.0864
-250.94000 -128.50000 1.50000 -83.0096
19.96000 -49.48000 1.50000 -44.0641
-195.55000 -35.66000 1.50000 -84.1097
-250.94000 -128.50000 1.50000 -83.0561
19.96000 -49.48000 1.50000 -44.0361
-195.55000 -35.66000 1.50000 -84.1331
-250.94000 -128.50000 1.50000 -83.1024
19.96000 -49.48000 1.50000 -44.0083
-195.55000 -35.66000 1.50000 -84.1565
-250.94000 -128.50000 1.50000 -83.1486
19.96000 -49.48000 1.50000 -43.9805
-195.55000 -35.66000 1.50000 -84.1801
-250.94000 -128.50000 1.50000 -83.1945
19.96000 -49.48000 1.50000 -43.9527
-195.55000 -35.66000 1.50000 -124.2038
-250.94000 -128.50000 1.50000 -83.2402
19.96000 -49.48000 1.50000 -43.9251
-195.55000 -35.66000 1.50000 -124.2276
-250.94000 -128.50000 1.50000 -83.2858
19.96000 -49.48000 1.50000 -43.8975
-195.55000 -35.66000 1.50000 -124.2515
-250.94000 -128.50000 1.50000 -83.3311
19.96000 -49.48000 1.50000 -43.8699
-195.55000 -35.66000 1.50000 -84.2755
-250.94000 -128.50000 1.50000 -83.3763
19.96000 -49.48000 1.50000 -43.8425
-195.55000 -35.66000 1.50000 -84.2995
-250.94000 -128.50000 1.50000 -83.4213
19.96000 -49.48000 1.50000 -43.8151
-195.55000 -35.66000 1.50000 -84.3237
-250.94000 -128.50000 1.50000 -83.4661
19.96000 -49.48000 1.50000 -43.7878
-195.55000 -35.66000 1.50000 -84.3480
-250.94000 -128.50000 1.50000 -83.5107
19.96000 -49.48000 1.50000 -43.7606
-195.55000 -35.66000 1.50000 -84.3723
-250.94000 -128.50000 1.50000 -83.5551
19.96000 -49.48000 1.50000 -43.7335
-195.55000 -35.66000 1.50000 -84.3968
-250.94000 -128.50000 1.50000 -83.5993
19.96000 -49.48000 1.50000 -43.7065
-195.55000 -35.66000 1.50000 -84.4213
-250.94000 -128.50000 1.50000 -83.6434
19.96000 -49.48000 1.50000 -43.6796
-195.55000 -35.66000 1.50000 -84.4459
-250.94000 -128.50000 1.50000 -83.6873
19.96000 -49.48000 1.50000 -43.6527
-195.55000 -35.66000 1.50000 -84.4706
-250.94000 -128.50000 1.50000 -83.7309
19.96000 -49.48000 1.50000 -43.6260
-195.55000 -35.66000 1.50000 -84.4953
-250.94000 -128.50000 1.50000 -83.7745
19.96000 -49.48000 1.50000 -43.5993
-195.55000 -35.66000 1.50000 -84.5201
-250.94000 -128.50000 1.50000 -83.8178
19.96000 -49.48000 1.50000 -43.5728
-195.55000 -35.66000 1.50000 -84.5450
-250.94000 -128.50000 1.50000 -83.8610
19.96000 -49.48000 1.50000 -43.5463
-195.55000 -35.66000 1.50000 -84.5700
-250.94000 -128.50000 1.50000 -83.9039
19.96000 -49.48000 1.50000 -43.5868
-195.55000 -35.66000 1.50000 -84.6049
-250.94000 -128.50000 1.50000 -83.9218
19.96000 -49.48000 1.50000 -43.6130
-195.55000 -35.66000 1.50000 -84.5802
-250.94000 -128.50000 1.50000 -83.8790
19.96000 -49.48000 1.50000 -43.6393
-195.55000 -35.66000 1.50000 -84.5555
-250.94000 -128.50000 1.50000 -83.8360
19.96000 -49.48000 1.50000 -43.6657
-195.55000 -35.66000 1.50000 -84.5308
-250.94000 -128.50000 1.50000 -83.7928
19.96000 -49.48000 1.50000 -43.6922
-195.55000 -35.66000 1.50000 -84.5063
-250.94000 -128.50000 1.50000 -83.7495
19.96000 -49.48000 1.50000 -43.7188
-195.55000 -35.66000 1.50000 -84.4818
-250.94000 -128.50000 1.50000 -83.7060
19.96000 -49.48000 1.50000 -43.7455
-195.55000 -35.66000 1.50000 -84.4574
-250.94000 -128.50000 1.50000 -83.6623
19.96000 -49.48000 1.50000 -43.7723
-195.55000 -35.66000 1.50000 -84.4331
-250.94000 -128.50000 1.50000 -83.6184
19.96000 -49.48000 1.50000 -43.7992
-195.55000 -35.66000 1.50000 -84.4089
-250.94000 -128.50000 1.50000 -83.5744
19.96000 -49.48000 1.50000 -43.8261
-195.55000 -35.66000 1.50000 -84.3847
-250.94000 -128.50000 1.50000 -83.5302
19.96000 -49.48000 1.50000 -43.8532
-195.55000 -35.66000 1.50000 -84.3607
-250.94000 -128.50000 1.50000 -83.4858
19.96000 -49.48000 1.50000 -43.8803
-195.55000 -35.66000 1.50000 -84.3367
-250.94000 -128.50000 1.50000 -83.4412
19.96000 -49.48000 1.50000 -43.9075
-195.55000 -35.66000 1.50000 -84.3128
-250.94000 -128.50000 1.50000 -83.3964
19.96000 -49.48000 1.50000 -43.9348
-195.55000 -35.66000 1.50000 -124.2891
-250.94000 -128.50000 1.50000 -83.3515
19.96000 -49.48000 1.50000 -43.9622
-195.55000 -35.66000 1.50000 -124.2654
-250.94000 -128.50000 1.50000 -83.3063
19.96000 -49.48000 1.50000 -43.9896
-195.55000 -35.66000 1.50000 -124.2418
-250.94000 -128.50000 1.50000 -83.2610
19.96000 -49.48000 1.50000 -44.0171
-195.55000 -35.66000 1.50000 -84.2183
-250.94000 -128.50000 1.50000 -83.2155
19.96000 -49.48000 1.50000 -44.0447
-195.55000 -35.66000 1.50000 -84.1949
-250.94000 -128.50000 1.50000 -83.1698
19.96000 -49.48000 1.50000 -44.0723
-195.55000 -35.66000 1.50000 -84.1717
-250.94000 -128.50000 1.50000 -83.1239
19.96000 -49.48000 1.50000 -44.1000
-195.55000 -35.66000 1.50000 -84.1485
-250.94000 -128.50000 1.50000 -83.0778
19.96000 -49.48000 1.50000 -44.1278
-195.55000 -35.66000 1.50000 -84.1255
-250.94000 -128.50000 1.50000 -83.0315
19.96000 -49.48000 1.50000 -44.1556
-195.55000 -35.66000 1.50000 -84.1025
-250.94000 -128.50000 1.50000 -82.9850
19.96000 -49.48000 1.50000 -44.1835
-195.55000 -35.66000 1.50000 -84.0797
-250.94000 -128.50000 1.50000 -82.9384
19.96000 -49.48000 1.50000 -44.2187
-195.55000 -35.66000 1.50000 -84.1190
-250.94000 -128.50000 1.50000 -82.9609
19.96000 -49.48000 1.50000 -44.1910
-195.55000 -35.66000 1.50000 -84.1416
-250.94000 -128.50000 1.50000 -83.0074
19.96000 -49.48000 1.50000 -44.1634
-195.55000 -35.66000 1.50000 -84.1644
-250.94000 -128.50000 1.50000 -83.0536
19.96000 -49.48000 1.50000 -44.1359
-195.55000 -35.66000 1.50000 -84.1872
-250.94000 -128.50000 1.50000 -83.0996
19.96000 -49.48000 1.50000 -44.1084
-195.55000 -35.66000 1.50000 -84.2102
-250.94000 -128.50000 1.50000 -83.1455
19.96000 -49.48000 1.50000 -44.0810
-195.55000 -35.66000 1.50000 -84.2332
-250.94000 -128.50000 1.50000 -83.1911
19.96000 -49.48000 1.50000 -44.0537
-195.55000 -35.66000 1.50000 -84.2564
-250.94000 -128.50000 1.50000 -83.2366
19.96000 -49.48000 1.50000 -44.0264
-195.55000 -35.66000 1.50000 -84.2797
-250.94000 -128.50000 1.50000 -83.2819
19.96000 -49.48000 1.50000 -43.9992
-195.55000 -35.66000 1.50000 -124.3031
-250.94000 -128.50000 1.50000 -83.3270
19.96000 -49.48000 1.50000 -43.9721
-195.55000 -35.66000 1.50000 -124.3265
-250.94000 -128.50000 1.50000 -83.3720
19.96000 -49.48000 1.50000 -43.9450
-195.55000 -35.66000 1.50000 -124.3501
-250.94000 -128.50000 1.50000 -83.4167
19.96000 -49.48000 1.50000 -43.9181
-195.55000 -35.66000 1.50000 -84.3738
-250.94000 -128.50000 1.50000 -83.4613
19.96000 -49.48000 1.50000 -43.8912
-195.55000 -35.66000 1.50000 -84.3975
-250.94000 -128.50000 1.50000 -83.5057
19.96000 -49.48000 1.50000 -43.8644
-195.55000 -35.66000 1.50000 -84.4214
-250.94000 -128.50000 1.50000 -83.5499
19.96000 -49.48000 1.50000 -43.8376
-195.55000 -35.66000 1.50000 -84.4453
-250.94000 -128.50000 1.50000 -83.5939
19.96000 -49.48000 1.50000 -43.8110
-195.55000 -35.66000 1.50000 -84.4694
-250.94000 -128.50000 1.50000 -83.6377
19.96000 -49.48000 1.50000 -43.7844
-195.55000 -35.66000 1.50000 -84.4935
-250.94000 -128.50000 1.50000 -83.6814
19.96000 -49.48000 1.50000 -43.7580
-195.55000 -35.66000 1.50000 -84.5177
-250.94000 -128.50000 1.50000 -83.7249
19.96000 -49.48000 1.50000 -43.7316
-195.55000 -35.66000 1.50000 -84.5419
-250.94000 -128.50000 1.50000 -83.7682
19.96000 -49.48000 1.50000 -43.7054
-195.55000 -35.66000 1.50000 -84.5663
-250.94000 -128.50000 1.50000 -83.8114
19.96000 -49.48000 1.50000 -43.6792
-195.55000 -35.66000 1.50000 -84.5907
-250.94000 -128.50000 1.50000 -83.8543
19.96000 -49.48000 1.50000 -43.6531
-195.55000 -35.66000 1.50000 -84.6152
-250.94000 -128.50000 1.50000 -83.8971
19.96000 -49.48000 1.50000 -43.6272
-195.55000 -35.66000 1.50000 -84.6398
-250.94000 -128.50000 1.50000 -83.9397
19.96000 -49.48000 1.50000 -43.6014
-195.55000 -35.66000 1.50000 -84.6645
-250.94000 -128.50000 1.50000 -83.9822
19.96000 -49.48000 1.50000 -43.6419
-195.55000 -35.66000 1.50000 -84.6991
-250.94000 -128.50000 1.50000 -84.0002
19.96000 -49.48000 1.50000 -43.6675
-195.55000 -35.66000 1.50000 -84.6746
-250.94000 -128.50000 1.50000 -83.9579
19.96000 -49.48000 1.50000 -43.6932
-195.55000 -35.66000 1.50000 -84.6502
-250.94000 -128.50000 1.50000 -83.9155
19.96000 -49.48000 1.50000 -43.7190
-195.55000 -35.66000 1.50000 -84.6259
-250.94000 -128.50000 1.50000 -83.8728
19.96000 -49.48000 1.50000 -43.7449
-195.55000 -35.66000 1.50000 -84.6017
-250.94000 -128.50000 1.50000 -83.8301
19.96000 -49.48000 1.50000 -43.7709
-195.55000 -35.66000 1.50000 -84.5775
-250.94000 -128.50000 1.50000 -83.7871
19.96000 -49.48000 1.50000 -43.7971
-195.55000 -35.66000 1.50000 -84.5535
-250.94000 -128.50000 1.50000 -83.7440
19.96000 -49.48000 1.50000 -43.8233
-195.55000 -35.66000 1.50000 -84.5295
-250.94000 -128.50000 1.50000 -83.7007
19.96000 -49.48000 1.50000 -43.8496
-195.55000 -35.66000 1.50000 -84.5055
-250.94000 -128.50000 1.50000 -83.6572
19.96000 -49.48000 1.50000 -43.8760
-195.55000 -35.66000 1.50000 -84.4817
-250.94000 -128.50000 1.50000 -83.6136
19.96000 -49.48000 1.50000 -43.9025
-195.55000 -35.66000 1.50000 -84.4580
-250.94000 -128.50000 1.50000 -83.5697
19.96000 -49.48000 1.50000 -43.9291
-195.55000 -35.66000 1.50000 -84.4343
-250.94000 -128.50000 1.50000 -83.5257
19.96000 -49.48000 1.50000 -43.9557
-195.55000 -35.66000 1.50000 -124.4108
-250.94000 -128.50000 1.50000 -83.4816
19.96000 -49.48000 1.50000 -43.9825
-195.55000 -35.66000 1.50000 -124.3873
-250.94000 -128.50000 1.50000 -83.4372
19.96000 -49.48000 1.50000 -44.0093
-195.55000 -35.66000 1.50000 -124.3639
-250.94000 -128.50000 1.50000 -83.3927
19.96000 -49.48000 1.50000 -44.0362
-195.55000 -35.66000 1.50000 -84.3406
-250.94000 -128.50000 1.50000 -83.3479
19.96000 -49.48000 1.50000 -44.0632
-195.55000 -35.66000 1.50000 -84.3175
-250.94000 -128.50000 1.50000 -83.3031
19.96000 -49.48000 1.50000 -44.0902
-195.55000 -35.66000 1.50000 -84.2944
-250.94000 -128.50000 1.50000 -83.2580
19.96000 -49.48000 1.50000 -44.1173
-195.55000 -35.66000 1.50000 -84.2714
-250.94000 -128.50000 1.50000 -83.2127
19.96000 -49.48000 1.50000 -44.1445
-195.55000 -35.66000 1.50000 -84.2486
-250.94000 -128.50000 1.50000 -83.1673
19.96000 -49.48000 1.50000 -44.1717
-195.55000 -35.66000 1.50000 -84.2258
-250.94000 -128.50000 1.50000 -83.1217
19.96000 -49.48000 1.50000 -44.1990
-195.55000 -35.66000 1.50000 -84.2032
-250.94000 -128.50000 1.50000 -83.0759
19.96000 -49.48000 1.50000 -44.2264
-195.55000 -35.66000 1.50000 -84.1806
-250.94000 -128.50000 1.50000 -83.0299
19.96000 -49.48000 1.50000 -44.2538
-195.55000 -35.66000 1.50000 -84.1582
-250.94000 -128.50000 1.50000 -82.9837
19.96000 -49.48000 1.50000 -44.2889
-195.55000 -35.66000 1.50000 -84.1973
-250.94000 -128.50000 1.50000 -83.0066
19.96000 -49.48000 1.50000 -44.2617
-195.55000 -35.66000 1.50000 -84.2195
-250.94000 -128.50000 1.50000 -83.0526
19.96000 -49.48000 1.50000 -44.2346
-195.55000 -35.66000 1.50000 -84.2419
-250.94000 -128.50000 1.50000 -83.0983
19.96000 -49.48000 1.50000 -44.2075
-195.55000 -35.66000 1.50000 -84.2643
-250.94000 -128.50000 1.50000 -83.1439
19.96000 -49.48000 1.50000 -44.1805
-195.55000 -35.66000 1.50000 -84.2868
-250.94000 -128.50000 1.50000 -83.1893
19.96000 -49.48000 1.50000 -44.1535
-195.55000 -35.66000 1.50000 -84.3095
-250.94000 -128.50000 1.50000 -83.2345
19.96000 -49.48000 1.50000 -44.1266
-195.55000 -35.66000 1.50000 -84.3323
-250.94000 -128.50000 1.50000 -83.2795
19.96000 -49.48000 1.50000 -44.0998
-195.55000 -35.66000 1.50000 -84.3551
-250.94000 -128.50000 1.50000 -83.3244
19.96000 -49.48000 1.50000 -44.0731
-195.55000 -35.66000 1.50000 -84.3781
-250.94000 -128.50000 1.50000 -83.3690
19.96000 -49.48000 1.50000 -44.0464
-195.55000 -35.66000 1.50000 -124.4012
-250.94000 -128.50000 1.50000 -83.4135
19.96000 -49.48000 1.50000 -44.0198
-195.55000 -35.66000 1.50000 -124.4244
-250.94000 -128.50000 1.50000 -83.4579
19.96000 -49.48000 1.50000 -43.9933
-195.55000 -35.66000 1.50000 -124.4476
-250.94000 -128.50000 1.50000 -83.5020
19.96000 -49.48000 1.50000 -43.9669
-195.55000 -35.66000 1.50000 -84.4710
-250.94000 -128.50000 1.50000 -83.5460
19.96000 -49.48000 1.50000 -43.9405
-195.55000 -35.66000 1.50000 -84.4945
-250.94000 -128.50000 1.50000 -83.5898
19.96000 -49.48000 1.50000 -43.9143
-195.55000 -35.66000 1.50000 -84.5180
-250.94000 -128.50000 1.50000 -83.6334
19.96000 -49.48000 1.50000 -43.8881
-195.55000 -35.66000 1.50000 -84.5416
-250.94000 -128.50000 1.50000 -83.6768
19.96000 -49.48000 1.50000 -43.8620
-195.55000 -35.66000 1.50000 -84.5654
-250.94000 -128.50000 1.50000 -83.7201
19.96000 -49.48000 1.50000 -43.8360
-195.55000 -35.66000 1.50000 -84.5892
-250.94000 -128.50000 1.50000 -83.7632
19.96000 -49.48000 1.50000 -43.8101
-195.55000 -35.66000 1.50000 -84.6130
-250.94000 -128.50000 1.50000 -83.8062
19.96000 -49.48000 1.50000 -43.7844
-195.55000 -35.66000 1.50000 -84.6370
-250.94000 -128.50000 1.50000 -83.8489
19.96000 -49.48000 1.50000 -43.7587
-195.55000 -35.66000 1.50000 -84.6610
-250.94000 -128.50000 1.50000 -83.8915
19.96000 -49.48000 1.50000 -43.7982
-195.55000 -35.66000 1.50000 -84.6961
-250.94000 -128.50000 1.50000 -83.9104
19.96000 -49.48000 1.50000 -43.8237
-195.55000 -35.66000 1.50000 -84.6722
-250.94000 -128.50000 1.50000 -83.8680
19.96000 -49.48000 1.50000 -43.8493
-195.55000 -35.66000 1.50000 -84.6485
-250.94000 -128.50000 1.50000 -83.8254
19.96000 -49.48000 1.50000 -43.8749
-195.55000 -35.66000 1.50000 -84.6248
-250.94000 -128.50000 1.50000 -83.7827
19.96000 -49.48000 1.50000 -43.9007
-195.55000 -35.66000 1.50000 -84.6012
-250.94000 -128.50000 1.50000 -83.7397
19.96000 -49.48000 1.50000 -43.9265
-195.55000 -35.66000 1.50000 -84.5776
-250.94000 -128.50000 1.50000 -83.6967
19.96000 -49.48000 1.50000 -43.9525
-195.55000 -35.66000 1.50000 -84.5542
-250.94000 -128.50000 1.50000 -83.6534
19.96000 -49.48000 1.50000 -43.9785
-195.55000 -35.66000 1.50000 -84.5309
-250.94000 -128.50000 1.50000 -83.6100
19.96000 -49.48000 1.50000 -44.0046
-195.55000 -35.66000 1.50000 -124.5076
-250.94000 -128.50000 1.50000 -83.5664
19.96000 -49.48000 1.50000 -44.0308
-195.55000 -35.66000 1.50000 -124.4844
-250.94000 -128.50000 1.50000 -83.5226
19.96000 -49.48000 1.50000 -44.0571
-195.55000 -35.66000 1.50000 -124.4614
-250.94000 -128.50000 1.50000 -83.4787
19.96000 -49.48000 1.50000 -44.0835
-195.55000 -35.66000 1.50000 -84.4384
-250.94000 -128.50000 1.50000 -83.4346
19.96000 -49.48000 1.50000 -44.1099
-195.55000 -35.66000 1.50000 -84.4155
-250.94000 -128.50000 1.50000 -83.3903
19.96000 -49.48000 1.50000 -44.1364
-195.55000 -35.66000 1.50000 -84.3927
-250.94000 -128.50000 1.50000 -83.3459
19.96000 -49.48000 1.50000 -44.1630
-195.55000 -35.66000 1.50000 -84.3701
-250.94000 -128.50000 1.50000 -83.3012
19.96000 -49.48000 1.50000 -44.1897
-195.55000 -35.66000 1.50000 -84.3475
-250.94000 -128.50000 1.50000 -83.2564
19.96000 -49.48000 1.50000 -44.2164
-195.55000 -35.66000 1.50000 -84.3250
-250.94000 -128.50000 1.50000 -83.2114
19.96000 -49.48000 1.50000 -44.2432
-195.55000 -35.66000 1.50000 -84.3027
-250.94000 -128.50000 1.50000 -83.1663
19.96000 -49.48000 1.50000 -44.2701
-195.55000 -35.66000 1.50000 -84.2804
-250.94000 -128.50000 1.50000 -83.1209
19.96000 -49.48000 1.50000 -44.2970
-195.55000 -35.66000 1.50000 -84.2583
-250.94000 -128.50000 1.50000 -83.0754
19.96000 -49.48000 1.50000 -44.3240
-195.55000 -35.66000 1.50000 -84.2363
-250.94000 -128.50000 1.50000 -83.0297
19.96000 -49.48000 1.50000 -44.3590
-195.55000 -35.66000 1.50000 -84.2751
-250.94000 -128.50000 1.50000 -83.0530
19.96000 -49.48000 1.50000 -44.3939
-195.55000 -35.66000 1.50000 -84.3139
-250.94000 -128.50000 1.50000 -83.0765
19.96000 -49.48000 1.50000 -44.4288
-195.55000 -35.66000 1.50000 -84.3525
-250.94000 -128.50000 1.50000 -83.1001