19.96000 -49.48000 1.50000 -149.0693
-195.55000 -35.66000 1.50000 -149.3496
-250.94000 -128.50000 1.50000 -147.6984
19.96000 -49.48000 1.50000 -149.0610
-195.55000 -35.66000 1.50000 -149.3570
-250.94000 -128.50000 1.50000 -147.7150
19.96000 -49.48000 1.50000 -149.0852
-195.55000 -35.66000 1.50000 -149.3806
-250.94000 -128.50000 1.50000 -147.7399
19.96000 -49.48000 1.50000 -149.0935
-195.55000 -35.66000 1.50000 -149.3732
-250.94000 -128.50000 1.50000 -147.7234
19.96000 -49.48000 1.50000 -149.1018
-195.55000 -35.66000 1.50000 -149.3659
-250.94000 -128.50000 1.50000 -147.7070
19.96000 -49.48000 1.50000 -149.1259
-195.55000 -35.66000 1.50000 -149.3895
-250.94000 -128.50000 1.50000 -147.7320
19.96000 -49.48000 1.50000 -149.1176
-195.55000 -35.66000 1.50000 -149.3968
-250.94000 -128.50000 1.50000 -147.7483
19.96000 -49.48000 1.50000 -149.1093
-195.55000 -35.66000 1.50000 -149.4041
-250.94000 -128.50000 1.50000 -147.7647
19.96000 -49.48000 1.50000 -149.1011
-195.55000 -35.66000 1.50000 -149.4115
-250.94000 -128.50000 1.50000 -147.7812
19.96000 -49.48000 1.50000 -149.1253
-195.55000 -35.66000 1.50000 -149.4350
-250.94000 -128.50000 1.50000 -147.8059
19.96000 -49.48000 1.50000 -149.1334
-195.55000 -35.66000 1.50000 -149.4276
-250.94000 -128.50000 1.50000 -147.7895
19.96000 -49.48000 1.50000 -149.1416
-195.55000 -35.66000 1.50000 -149.4203
-250.94000 -128.50000 1.50000 -147.7732
19.96000 -49.48000 1.50000 -149.1499
-195.55000 -35.66000 1.50000 -149.4130
-250.94000 -128.50000 1.50000 -147.7570
19.96000 -49.48000 1.50000 -149.1582
-195.55000 -35.66000 1.50000 -149.4059
-250.94000 -128.50000 1.50000 -147.7408
19.96000 -49.48000 1.50000 -149.1666
-195.55000 -35.66000 1.50000 -149.3987
-250.94000 -128.50000 1.50000 -147.7246
19.96000 -49.48000 1.50000 -149.1751
-195.55000 -35.66000 1.50000 -149.3916
-250.94000 -128.50000 1.50000 -147.7085
19.96000 -49.48000 1.50000 -149.1989
-195.55000 -35.66000 1.50000 -149.4153
-250.94000 -128.50000 1.50000 -147.7337
19.96000 -49.48000 1.50000 -149.1905
-195.55000 -35.66000 1.50000 -149.4223
-250.94000 -128.50000 1.50000 -147.7497
19.96000 -49.48000 1.50000 -149.1821
-195.55000 -35.66000 1.50000 -149.4294
-250.94000 -128.50000 1.50000 -147.7658
19.96000 -49.48000 1.50000 -149.1739
-195.55000 -35.66000 1.50000 -149.4365
-250.94000 -128.50000 1.50000 -147.7819
19.96000 -49.48000 1.50000 -149.1656
-195.55000 -35.66000 1.50000 -149.4438
-250.94000 -128.50000 1.50000 -147.7981
19.96000 -49.48000 1.50000 -149.1575
-195.55000 -35.66000 1.50000 -149.4510
-250.94000 -128.50000 1.50000 -147.8143
19.96000 -49.48000 1.50000 -149.1494
-195.55000 -35.66000 1.50000 -149.4584
-250.94000 -128.50000 1.50000 -147.8305
19.96000 -49.48000 1.50000 -149.1413
-195.55000 -35.66000 1.50000 -149.4657
-250.94000 -128.50000 1.50000 -147.8468
19.96000 -49.48000 1.50000 -149.1333
-195.55000 -35.66000 1.50000 -149.4732
-250.94000 -128.50000 1.50000 -147.8631
19.96000 -49.48000 1.50000 -149.1574
-195.55000 -35.66000 1.50000 -149.4964
-250.94000 -128.50000 1.50000 -147.8876
19.96000 -49.48000 1.50000 -149.1654
-195.55000 -35.66000 1.50000 -149.4890
-250.94000 -128.50000 1.50000 -147.8714
19.96000 -49.48000 1.50000 -149.1734
-195.55000 -35.66000 1.50000 -149.4817
-250.94000 -128.50000 1.50000 -147.8552
19.96000 -49.48000 1.50000 -149.1814
-195.55000 -35.66000 1.50000 -149.4744
-250.94000 -128.50000 1.50000 -147.8390
19.96000 -49.48000 1.50000 -149.1896
-195.55000 -35.66000 1.50000 -149.4672
-250.94000 -128.50000 1.50000 -147.8229
19.96000 -49.48000 1.50000 -149.1977
-195.55000 -35.66000 1.50000 -149.4600
-250.94000 -128.50000 1.50000 -147.8068
19.96000 -49.48000 1.50000 -149.2060
-195.55000 -35.66000 1.50000 -149.4529
-250.94000 -128.50000 1.50000 -147.7908
19.96000 -49.48000 1.50000 -149.2143
-195.55000 -35.66000 1.50000 -149.4458
-250.94000 -128.50000 1.50000 -147.7748
19.96000 -49.48000 1.50000 -149.2226
-195.55000 -35.66000 1.50000 -149.4388
-250.94000 -128.50000 1.50000 -147.7589
19.96000 -49.48000 1.50000 -149.2310
-195.55000 -35.66000 1.50000 -149.4319
-250.94000 -128.50000 1.50000 -147.7430
19.96000 -49.48000 1.50000 -149.2395
-195.55000 -35.66000 1.50000 -149.4250
-250.94000 -128.50000 1.50000 -147.7271
19.96000 -49.48000 1.50000 -149.2480
-195.55000 -35.66000 1.50000 -149.4182
-250.94000 -128.50000 1.50000 -147.7113
19.96000 -49.48000 1.50000 -149.2716
-195.55000 -35.66000 1.50000 -149.4418
-250.94000 -128.50000 1.50000 -147.7368
19.96000 -49.48000 1.50000 -149.2631
-195.55000 -35.66000 1.50000 -149.4486
-250.94000 -128.50000 1.50000 -147.7525
19.96000 -49.48000 1.50000 -149.2547
-195.55000 -35.66000 1.50000 -149.4554
-250.94000 -128.50000 1.50000 -147.7682
19.96000 -49.48000 1.50000 -149.2463
-195.55000 -35.66000 1.50000 -149.4623
-250.94000 -128.50000 1.50000 -147.7840
19.96000 -49.48000 1.50000 -149.2380
-195.55000 -35.66000 1.50000 -149.4693
-250.94000 -128.50000 1.50000 -147.7999
19.96000 -49.48000 1.50000 -149.2298
-195.55000 -35.66000 1.50000 -149.4763
-250.94000 -128.50000 1.50000 -147.8158
19.96000 -49.48000 1.50000 -149.2216
-195.55000 -35.66000 1.50000 -149.4834
-250.94000 -128.50000 1.50000 -147.8317
19.96000 -49.48000 1.50000 -149.2134
-195.55000 -35.66000 1.50000 -149.4905
-250.94000 -128.50000 1.50000 -147.8477
19.96000 -49.48000 1.50000 -149.2054
-195.55000 -35.66000 1.50000 -149.4977
-250.94000 -128.50000 1.50000 -147.8637
19.96000 -49.48000 1.50000 -149.1974
-195.55000 -35.66000 1.50000 -149.5050
-250.94000 -128.50000 1.50000 -147.8798
19.96000 -49.48000 1.50000 -149.1894
-195.55000 -35.66000 1.50000 -149.5123
-250.94000 -128.50000 1.50000 -147.8959
19.96000 -49.48000 1.50000 -149.1815
-195.55000 -35.66000 1.50000 -149.5196
-250.94000 -128.50000 1.50000 -147.9120
19.96000 -49.48000 1.50000 -149.1737
-195.55000 -35.66000 1.50000 -149.5270
-250.94000 -128.50000 1.50000 -147.9282
19.96000 -49.48000 1.50000 -149.1977
-195.55000 -35.66000 1.50000 -149.5501
-250.94000 -128.50000 1.50000 -147.9525
19.96000 -49.48000 1.50000 -149.2055
-195.55000 -35.66000 1.50000 -149.5428
-250.94000 -128.50000 1.50000 -147.9364
19.96000 -49.48000 1.50000 -149.2133
-195.55000 -35.66000 1.50000 -149.5354
-250.94000 -128.50000 1.50000 -147.9203
19.96000 -49.48000 1.50000 -149.2213
-195.55000 -35.66000 1.50000 -149.5282
-250.94000 -128.50000 1.50000 -147.9043
19.96000 -49.48000 1.50000 -149.2292
-195.55000 -35.66000 1.50000 -149.5210
-250.94000 -128.50000 1.50000 -147.8884
19.96000 -49.48000 1.50000 -149.2373
-195.55000 -35.66000 1.50000 -149.5138
-250.94000 -128.50000 1.50000 -147.8724
19.96000 -49.48000 1.50000 -149.2453
-195.55000 -35.66000 1.50000 -149.5067
-250.94000 -128.50000 1.50000 -147.8565
19.96000 -49.48000 1.50000 -149.2535
-195.55000 -35.66000 1.50000 -149.4997
-250.94000 -128.50000 1.50000 -147.8407
19.96000 -49.48000 1.50000 -149.2617
-195.55000 -35.66000 1.50000 -149.4927
-250.94000 -128.50000 1.50000 -147.8249
19.96000 -49.48000 1.50000 -149.2700
-195.55000 -35.66000 1.50000 -149.4858
-250.94000 -128.50000 1.50000 -147.8091
19.96000 -49.48000 1.50000 -149.2783
-195.55000 -35.66000 1.50000 -149.4789
-250.94000 -128.50000 1.50000 -147.7934
19.96000 -49.48000 1.50000 -149.2867
-195.55000 -35.66000 1.50000 -149.4721
-250.94000 -128.50000 1.50000 -147.7777
19.96000 -49.48000 1.50000 -149.2951
-195.55000 -35.66000 1.50000 -149.4653
-250.94000 -128.50000 1.50000 -147.7621
19.96000 -49.48000 1.50000 -149.3036
-195.55000 -35.66000 1.50000 -149.4586
-250.94000 -128.50000 1.50000 -147.7465
19.96000 -49.48000 1.50000 -149.3121
-195.55000 -35.66000 1.50000 -149.4520
-250.94000 -128.50000 1.50000 -147.7310
19.96000 -49.48000 1.50000 -149.3207
-195.55000 -35.66000 1.50000 -149.4454
-250.94000 -128.50000 1.50000 -147.7155
19.96000 -49.48000 1.50000 -149.3440
-195.55000 -35.66000 1.50000 -149.4690
-250.94000 -128.50000 1.50000 -147.7411
19.96000 -49.48000 1.50000 -149.3354
-195.55000 -35.66000 1.50000 -149.4756
-250.94000 -128.50000 1.50000 -147.7565
19.96000 -49.48000 1.50000 -149.3270
-195.55000 -35.66000 1.50000 -149.4822
-250.94000 -128.50000 1.50000 -147.7720
19.96000 -49.48000 1.50000 -149.3185
-195.55000 -35.66000 1.50000 -149.4888
-250.94000 -128.50000 1.50000 -147.7874
19.96000 -49.48000 1.50000 -149.3101
-195.55000 -35.66000 1.50000 -149.4955
-250.94000 -128.50000 1.50000 -147.8030
19.96000 -49.48000 1.50000 -149.3018
-195.55000 -35.66000 1.50000 -149.5023
-250.94000 -128.50000 1.50000 -147.8186
19.96000 -49.48000 1.50000 -149.2935
-195.55000 -35.66000 1.50000 -149.5091
-250.94000 -128.50000 1.50000 -147.8342
19.96000 -49.48000 1.50000 -149.2853
-195.55000 -35.66000 1.50000 -149.5160
-250.94000 -128.50000 1.50000 -147.8499
19.96000 -49.48000 1.50000 -149.2772
-195.55000 -35.66000 1.50000 -149.5230
-250.94000 -128.50000 1.50000 -147.8656
19.96000 -49.48000 1.50000 -149.2691
-195.55000 -35.66000 1.50000 -149.5300
-250.94000 -128.50000 1.50000 -147.8813
19.96000 -49.48000 1.50000 -149.2610
-195.55000 -35.66000 1.50000 -149.5370
-250.94000 -128.50000 1.50000 -147.8971
19.96000 -49.48000 1.50000 -149.2530
-195.55000 -35.66000 1.50000 -149.5442
-250.94000 -128.50000 1.50000 -147.9129
19.96000 -49.48000 1.50000 -149.2451
-195.55000 -35.66000 1.50000 -149.5513
-250.94000 -128.50000 1.50000 -147.9288
19.96000 -49.48000 1.50000 -149.2372
-195.55000 -35.66000 1.50000 -149.5585
-250.94000 -128.50000 1.50000 -147.9447
19.96000 -49.48000 1.50000 -149.2294
-195.55000 -35.66000 1.50000 -149.5658
-250.94000 -128.50000 1.50000 -147.9607
19.96000 -49.48000 1.50000 -149.2533
-195.55000 -35.66000 1.50000 -149.5889
-250.94000 -128.50000 1.50000 -147.9850
19.96000 -49.48000 1.50000 -149.2611
-195.55000 -35.66000 1.50000 -149.5816
-250.94000 -128.50000 1.50000 -147.9691
19.96000 -49.48000 1.50000 -149.2689
-195.55000 -35.66000 1.50000 -149.5744
-250.94000 -128.50000 1.50000 -147.9533
19.96000 -49.48000 1.50000 -149.2768
-195.55000 -35.66000 1.50000 -149.5673
-250.94000 -128.50000 1.50000 -147.9375
19.96000 -49.48000 1.50000 -149.2847
-195.55000 -35.66000 1.50000 -149.5602
-250.94000 -128.50000 1.50000 -147.9218
19.96000 -49.48000 1.50000 -149.2927
-195.55000 -35.66000 1.50000 -149.5532
-250.94000 -128.50000 1.50000 -147.9061
19.96000 -49.48000 1.50000 -149.3008
-195.55000 -35.66000 1.50000 -149.5462
-250.94000 -128.50000 1.50000 -147.8904
19.96000 -49.48000 1.50000 -149.3089
-195.55000 -35.66000 1.50000 -149.5393
-250.94000 -128.50000 1.50000 -147.8748
19.96000 -49.48000 1.50000 -149.3171
-195.55000 -35.66000 1.50000 -149.5325
-250.94000 -128.50000 1.50000 -147.8592
19.96000 -49.48000 1.50000 -149.3253
-195.55000 -35.66000 1.50000 -149.5257
-250.94000 -128.50000 1.50000 -147.8437
19.96000 -49.48000 1.50000 -149.3336
-195.55000 -35.66000 1.50000 -149.5189
-250.94000 -128.50000 1.50000 -147.8282
19.96000 -49.48000 1.50000 -149.3419
-195.55000 -35.66000 1.50000 -149.5123
-250.94000 -128.50000 1.50000 -147.8127
19.96000 -49.48000 1.50000 -149.3503
-195.55000 -35.66000 1.50000 -149.5056
-250.94000 -128.50000 1.50000 -147.7973
19.96000 -49.48000 1.50000 -149.3587
-195.55000 -35.66000 1.50000 -149.4991
-250.94000 -128.50000 1.50000 -147.7820
19.96000 -49.48000 1.50000 -149.3672
-195.55000 -35.66000 1.50000 -149.4926
-250.94000 -128.50000 1.50000 -147.7667
19.96000 -49.48000 1.50000 -149.3758
-195.55000 -35.66000 1.50000 -149.4861
-250.94000 -128.50000 1.50000 -147.7514
19.96000 -49.48000 1.50000 -149.3844
-195.55000 -35.66000 1.50000 -149.4797
-250.94000 -128.50000 1.50000 -147.7362
19.96000 -49.48000 1.50000 -149.3931
-195.55000 -35.66000 1.50000 -149.4734
-250.94000 -128.50000 1.50000 -147.7211
19.96000 -49.48000 1.50000 -149.4018
-195.55000 -35.66000 1.50000 -149.4671
-250.94000 -128.50000 1.50000 -107.7059
19.96000 -49.48000 1.50000 -149.4248
-195.55000 -35.66000 1.50000 -149.4908
-250.94000 -128.50000 1.50000 -107.7318
19.96000 -49.48000 1.50000 -149.4161
-195.55000 -35.66000 1.50000 -149.4970
-250.94000 -128.50000 1.50000 -147.7468
19.96000 -49.48000 1.50000 -149.4075
-195.55000 -35.66000 1.50000 -149.5033
-250.94000 -128.50000 1.50000 -147.7619
19.96000 -49.48000 1.50000 -149.3990
-195.55000 -35.66000 1.50000 -149.5096
-250.94000 -128.50000 1.50000 -147.7770
19.96000 -49.48000 1.50000 -149.3905
-195.55000 -35.66000 1.50000 -149.5161
-250.94000 -128.50000 1.50000 -147.7922
19.96000 -49.48000 1.50000 -149.3820
-195.55000 -35.66000 1.50000 -149.5225
-250.94000 -128.50000 1.50000 -147.8074
19.96000 -49.48000 1.50000 -149.3736
-195.55000 -35.66000 1.50000 -149.5291
-250.94000 -128.50000 1.50000 -147.8227
19.96000 -49.48000 1.50000 -149.3652
-195.55000 -35.66000 1.50000 -149.5356
-250.94000 -128.50000 1.50000 -147.8380
19.96000 -49.48000 1.50000 -149.3570
-195.55000 -35.66000 1.50000 -149.5423
-250.94000 -128.50000 1.50000 -147.8533
19.96000 -49.48000 1.50000 -149.3487
-195.55000 -35.66000 1.50000 -149.5490
-250.94000 -128.50000 1.50000 -147.8687
19.96000 -49.48000 1.50000 -149.3405
-195.55000 -35.66000 1.50000 -149.5557
-250.94000 -128.50000 1.50000 -147.8842
19.96000 -49.48000 1.50000 -149.3324
-195.55000 -35.66000 1.50000 -149.5626
-250.94000 -128.50000 1.50000 -147.8997
19.96000 -49.48000 1.50000 -149.3243
-195.55000 -35.66000 1.50000 -149.5694
-250.94000 -128.50000 1.50000 -147.9152
19.96000 -49.48000 1.50000 -149.3163
-195.55000 -35.66000 1.50000 -149.5764
-250.94000 -128.50000 1.50000 -147.9308
19.96000 -49.48000 1.50000 -149.3084
-195.55000 -35.66000 1.50000 -149.5833
-250.94000 -128.50000 1.50000 -147.9464
19.96000 -49.48000 1.50000 -149.3005
-195.55000 -35.66000 1.50000 -149.5904
-250.94000 -128.50000 1.50000 -147.9620
19.96000 -49.48000 1.50000 -149.3241
-195.55000 -35.66000 1.50000 -149.6134
-250.94000 -128.50000 1.50000 -147.9865
19.96000 -49.48000 1.50000 -149.3320
-195.55000 -35.66000 1.50000 -149.6064
-250.94000 -128.50000 1.50000 -147.9709
19.96000 -49.48000 1.50000 -149.3399
-195.55000 -35.66000 1.50000 -149.5995
-250.94000 -128.50000 1.50000 -147.9554
19.96000 -49.48000 1.50000 -149.3478
-195.55000 -35.66000 1.50000 -149.5926
-250.94000 -128.50000 1.50000 -147.9399
19.96000 -49.48000 1.50000 -149.3559
-195.55000 -35.66000 1.50000 -149.5857
-250.94000 -128.50000 1.50000 -147.9245
19.96000 -49.48000 1.50000 -149.3640
-195.55000 -35.66000 1.50000 -149.5789
-250.94000 -128.50000 1.50000 -147.9091
19.96000 -49.48000 1.50000 -149.3721
-195.55000 -35.66000 1.50000 -149.5722
-250.94000 -128.50000 1.50000 -147.8937
19.96000 -49.48000 1.50000 -149.3803
-195.55000 -35.66000 1.50000 -149.5656
-250.94000 -128.50000 1.50000 -147.8784
19.96000 -49.48000 1.50000 -149.3885
-195.55000 -35.66000 1.50000 -149.5590
-250.94000 -128.50000 1.50000 -147.8632
19.96000 -49.48000 1.50000 -149.3968
-195.55000 -35.66000 1.50000 -149.5524
-250.94000 -128.50000 1.50000 -147.8479
19.96000 -49.48000 1.50000 -149.4052
-195.55000 -35.66000 1.50000 -149.5459
-250.94000 -128.50000 1.50000 -147.8328
19.96000 -49.48000 1.50000 -149.4136
-195.55000 -35.66000 1.50000 -149.5395
-250.94000 -128.50000 1.50000 -147.8176
19.96000 -49.48000 1.50000 -149.4221
-195.55000 -35.66000 1.50000 -149.5331
-250.94000 -128.50000 1.50000 -147.8026
19.96000 -49.48000 1.50000 -149.4306
-195.55000 -35.66000 1.50000 -149.5268
-250.94000 -128.50000 1.50000 -147.7875
19.96000 -49.48000 1.50000 -149.4391
-195.55000 -35.66000 1.50000 -149.5205
-250.94000 -128.50000 1.50000 -107.7726
19.96000 -49.48000 1.50000 -149.4478
-195.55000 -35.66000 1.50000 -149.5143
-250.94000 -128.50000 1.50000 -107.7576
19.96000 -49.48000 1.50000 -149.4564
-195.55000 -35.66000 1.50000 -149.5082
-250.94000 -128.50000 1.50000 -107.7427
19.96000 -49.48000 1.50000 -149.4652
-195.55000 -35.66000 1.50000 -149.5021
-250.94000 -128.50000 1.50000 -107.7279
19.96000 -49.48000 1.50000 -149.4739
-195.55000 -35.66000 1.50000 -149.4961
-250.94000 -128.50000 1.50000 -107.7132
19.96000 -49.48000 1.50000 -149.4967
-195.55000 -35.66000 1.50000 -149.5197
-250.94000 -128.50000 1.50000 -107.7392
19.96000 -49.48000 1.50000 -149.4880
-195.55000 -35.66000 1.50000 -149.5257
-250.94000 -128.50000 1.50000 -107.7539
19.96000 -49.48000 1.50000 -149.4793
-195.55000 -35.66000 1.50000 -149.5317
-250.94000 -128.50000 1.50000 -107.7686
19.96000 -49.48000 1.50000 -149.4707
-195.55000 -35.66000 1.50000 -149.5378
-250.94000 -128.50000 1.50000 -107.7834
19.96000 -49.48000 1.50000 -149.4621
-195.55000 -35.66000 1.50000 -149.5440
-250.94000 -128.50000 1.50000 -107.7982
19.96000 -49.48000 1.50000 -149.4536
-195.55000 -35.66000 1.50000 -149.5502
-250.94000 -128.50000 1.50000 -147.8131
19.96000 -49.48000 1.50000 -149.4451
-195.55000 -35.66000 1.50000 -149.5565
-250.94000 -128.50000 1.50000 -147.8280
19.96000 -49.48000 1.50000 -149.4367
-195.55000 -35.66000 1.50000 -149.5629
-250.94000 -128.50000 1.50000 -147.8430
19.96000 -49.48000 1.50000 -149.4283
-195.55000 -35.66000 1.50000 -149.5692
-250.94000 -128.50000 1.50000 -147.8581
19.96000 -49.48000 1.50000 -149.4200
-195.55000 -35.66000 1.50000 -149.5757
-250.94000 -128.50000 1.50000 -147.8732
19.96000 -49.48000 1.50000 -149.4118
-195.55000 -35.66000 1.50000 -149.5822
-250.94000 -128.50000 1.50000 -147.8883
19.96000 -49.48000 1.50000 -149.4036
-195.55000 -35.66000 1.50000 -149.5888
-250.94000 -128.50000 1.50000 -147.9035
19.96000 -49.48000 1.50000 -149.3954
-195.55000 -35.66000 1.50000 -149.5954
-250.94000 -128.50000 1.50000 -147.9187
19.96000 -49.48000 1.50000 -149.3873
-195.55000 -35.66000 1.50000 -149.6021
-250.94000 -128.50000 1.50000 -147.9340
19.96000 -49.48000 1.50000 -149.3793
-195.55000 -35.66000 1.50000 -149.6089
-250.94000 -128.50000 1.50000 -147.9493
19.96000 -49.48000 1.50000 -149.4026
-195.55000 -35.66000 1.50000 -149.6319
-250.94000 -128.50000 1.50000 -147.9740
19.96000 -49.48000 1.50000 -149.4106
-195.55000 -35.66000 1.50000 -149.6252
-250.94000 -128.50000 1.50000 -147.9588
19.96000 -49.48000 1.50000 -149.4187
-195.55000 -35.66000 1.50000 -149.6186
-250.94000 -128.50000 1.50000 -147.9436
19.96000 -49.48000 1.50000 -149.4268
-195.55000 -35.66000 1.50000 -149.6120
-250.94000 -128.50000 1.50000 -147.9285
19.96000 -49.48000 1.50000 -149.4349
-195.55000 -35.66000 1.50000 -149.6054
-250.94000 -128.50000 1.50000 -147.9134
19.96000 -49.48000 1.50000 -149.4431
-195.55000 -35.66000 1.50000 -149.5990
-250.94000 -128.50000 1.50000 -147.8983
19.96000 -49.48000 1.50000 -149.4514
-195.55000 -35.66000 1.50000 -149.5925
-250.94000 -128.50000 1.50000 -147.8833
19.96000 -49.48000 1.50000 -149.4597
-195.55000 -35.66000 1.50000 -149.5862
-250.94000 -128.50000 1.50000 -147.8684
19.96000 -49.48000 1.50000 -149.4681
-195.55000 -35.66000 1.50000 -149.5798
-250.94000 -128.50000 1.50000 -147.8535
19.96000 -49.48000 1.50000 -149.4765
-195.55000 -35.66000 1.50000 -149.5736
-250.94000 -128.50000 1.50000 -107.8386
19.96000 -49.48000 1.50000 -149.4850
-195.55000 -35.66000 1.50000 -149.5674
-250.94000 -128.50000 1.50000 -107.8238
19.96000 -49.48000 1.50000 -149.4935
-195.55000 -35.66000 1.50000 -149.5613
-250.94000 -128.50000 1.50000 -107.8091
19.96000 -49.48000 1.50000 -149.5021
-195.55000 -35.66000 1.50000 -149.5552
-250.94000 -128.50000 1.50000 -107.7944
19.96000 -49.48000 1.50000 -149.5108
-195.55000 -35.66000 1.50000 -149.5492
-250.94000 -128.50000 1.50000 -107.7797
19.96000 -49.48000 1.50000 -149.5194
-195.55000 -35.66000 1.50000 -149.5432
-250.94000 -128.50000 1.50000 -107.7651
19.96000 -49.48000 1.50000 -149.5282
-195.55000 -35.66000 1.50000 -149.5373
-250.94000 -128.50000 1.50000 -107.7506
19.96000 -49.48000 1.50000 -149.5370
-195.55000 -35.66000 1.50000 -149.5315
-250.94000 -128.50000 1.50000 -107.7361
19.96000 -49.48000 1.50000 -149.5458
-195.55000 -35.66000 1.50000 -149.5257
-250.94000 -128.50000 1.50000 -107.7217
19.96000 -49.48000 1.50000 -109.5547
-195.55000 -35.66000 1.50000 -149.5200
-250.94000 -128.50000 1.50000 -107.7073
19.96000 -49.48000 1.50000 -109.5772
-195.55000 -35.66000 1.50000 -149.5436
-250.94000 -128.50000 1.50000 -107.7336
19.96000 -49.48000 1.50000 -149.5683
-195.55000 -35.66000 1.50000 -149.5493
-250.94000 -128.50000 1.50000 -107.7478
19.96000 -49.48000 1.50000 -149.5596
-195.55000 -35.66000 1.50000 -149.5550
-250.94000 -128.50000 1.50000 -107.7622
19.96000 -49.48000 1.50000 -149.5508
-195.55000 -35.66000 1.50000 -149.5609
-250.94000 -128.50000 1.50000 -107.7766
19.96000 -49.48000 1.50000 -149.5421
-195.55000 -35.66000 1.50000 -149.5667
-250.94000 -128.50000 1.50000 -107.7911
19.96000 -49.48000 1.50000 -149.5335
-195.55000 -35.66000 1.50000 -149.5726
-250.94000 -128.50000 1.50000 -107.8056
19.96000 -49.48000 1.50000 -149.5249
-195.55000 -35.66000 1.50000 -149.5786
-250.94000 -128.50000 1.50000 -107.8201
19.96000 -49.48000 1.50000 -149.5164
-195.55000 -35.66000 1.50000 -149.5847
-250.94000 -128.50000 1.50000 -107.8347
19.96000 -49.48000 1.50000 -149.5079
-195.55000 -35.66000 1.50000 -149.5908
-250.94000 -128.50000 1.50000 -107.8494
19.96000 -49.48000 1.50000 -149.4994
-195.55000 -35.66000 1.50000 -149.5969
-250.94000 -128.50000 1.50000 -107.8641
19.96000 -49.48000 1.50000 -149.4911
-195.55000 -35.66000 1.50000 -149.6031
-250.94000 -128.50000 1.50000 -147.8789
19.96000 -49.48000 1.50000 -149.4827
-195.55000 -35.66000 1.50000 -149.6094
-250.94000 -128.50000 1.50000 -147.8937
19.96000 -49.48000 1.50000 -149.4744
-195.55000 -35.66000 1.50000 -149.6157
-250.94000 -128.50000 1.50000 -147.9086
19.96000 -49.48000 1.50000 -149.4662
-195.55000 -35.66000 1.50000 -149.6221
-250.94000 -128.50000 1.50000 -147.9235
19.96000 -49.48000 1.50000 -149.4581
-195.55000 -35.66000 1.50000 -149.6286
-250.94000 -128.50000 1.50000 -147.9384
19.96000 -49.48000 1.50000 -149.4499
-195.55000 -35.66000 1.50000 -149.6351
-250.94000 -128.50000 1.50000 -147.9534
19.96000 -49.48000 1.50000 -149.4731
-195.55000 -35.66000 1.50000 -149.6581
-250.94000 -128.50000 1.50000 -147.9784
19.96000 -49.48000 1.50000 -149.4811
-195.55000 -35.66000 1.50000 -149.6517
-250.94000 -128.50000 1.50000 -147.9635
19.96000 -49.48000 1.50000 -149.4892
-195.55000 -35.66000 1.50000 -149.6453
-250.94000 -128.50000 1.50000 -147.9486
19.96000 -49.48000 1.50000 -149.4974
-195.55000 -35.66000 1.50000 -149.6389
-250.94000 -128.50000 1.50000 -147.9337
19.96000 -49.48000 1.50000 -149.5057
-195.55000 -35.66000 1.50000 -149.6326
-250.94000 -128.50000 1.50000 -147.9190
19.96000 -49.48000 1.50000 -149.5139
-195.55000 -35.66000 1.50000 -149.6264
-250.94000 -128.50000 1.50000 -107.9043
19.96000 -49.48000 1.50000 -149.5223
-195.55000 -35.66000 1.50000 -149.6202
-250.94000 -128.50000 1.50000 -107.8896
19.96000 -49.48000 1.50000 -149.5307
-195.55000 -35.66000 1.50000 -149.6141
-250.94000 -128.50000 1.50000 -107.8749
19.96000 -49.48000 1.50000 -149.5391
-195.55000 -35.66000 1.50000 -149.6080
-250.94000 -128.50000 1.50000 -107.8604
19.96000 -49.48000 1.50000 -149.5476
-195.55000 -35.66000 1.50000 -149.6020
-250.94000 -128.50000 1.50000 -107.8458
19.96000 -49.48000 1.50000 -149.5562
-195.55000 -35.66000 1.50000 -149.5960
-250.94000 -128.50000 1.50000 -107.8313
19.96000 -49.48000 1.50000 -149.5647
-195.55000 -35.66000 1.50000 -149.5901
-250.94000 -128.50000 1.50000 -107.8169
19.96000 -49.48000 1.50000 -149.5734
-195.55000 -35.66000 1.50000 -149.5843
-250.94000 -128.50000 1.50000 -107.8026
19.96000 -49.48000 1.50000 -149.5821
-195.55000 -35.66000 1.50000 -149.5785
-250.94000 -128.50000 1.50000 -107.7882
19.96000 -49.48000 1.50000 -149.5908
-195.55000 -35.66000 1.50000 -149.5728
-250.94000 -128.50000 1.50000 -107.7740
19.96000 -49.48000 1.50000 -149.5996
-195.55000 -35.66000 1.50000 -149.5672
-250.94000 -128.50000 1.50000 -107.7598
19.96000 -49.48000 1.50000 -109.6085
-195.55000 -35.66000 1.50000 -149.5616
-250.94000 -128.50000 1.50000 -107.7456
19.96000 -49.48000 1.50000 -109.6174
-195.55000 -35.66000 1.50000 -149.5560
-250.94000 -128.50000 1.50000 -107.7315
19.96000 -49.48000 1.50000 -109.6263
-195.55000 -35.66000 1.50000 -149.5506
-250.94000 -128.50000 1.50000 -107.7175
19.96000 -49.48000 1.50000 -109.6353
-195.55000 -35.66000 1.50000 -149.5451
-250.94000 -128.50000 1.50000 -107.7035
19.96000 -49.48000 1.50000 -109.6575
-195.55000 -35.66000 1.50000 -149.5688
-250.94000 -128.50000 1.50000 -107.7300
19.96000 -49.48000 1.50000 -109.6486
-195.55000 -35.66000 1.50000 -149.5741
-250.94000 -128.50000 1.50000 -107.7439
19.96000 -49.48000 1.50000 -109.6397
-195.55000 -35.66000 1.50000 -149.5796
-250.94000 -128.50000 1.50000 -107.7578
19.96000 -49.48000 1.50000 -109.6308
-195.55000 -35.66000 1.50000 -149.5851
-250.94000 -128.50000 1.50000 -107.7718
19.96000 -49.48000 1.50000 -149.6220
-195.55000 -35.66000 1.50000 -149.5907
-250.94000 -128.50000 1.50000 -107.7859
19.96000 -49.48000 1.50000 -149.6133
-195.55000 -35.66000 1.50000 -149.5963
-250.94000 -128.50000 1.50000 -107.8000
19.96000 -49.48000 1.50000 -149.6046
-195.55000 -35.66000 1.50000 -149.6020
-250.94000 -128.50000 1.50000 -107.8142
19.96000 -49.48000 1.50000 -149.5959
-195.55000 -35.66000 1.50000 -149.6077
-250.94000 -128.50000 1.50000 -107.8284
19.96000 -49.48000 1.50000 -149.5873
-195.55000 -35.66000 1.50000 -149.6135
-250.94000 -128.50000 1.50000 -107.8427
19.96000 -49.48000 1.50000 -149.5788
-195.55000 -35.66000 1.50000 -149.6194
-250.94000 -128.50000 1.50000 -107.8571
19.96000 -49.48000 1.50000 -149.5703
-195.55000 -35.66000 1.50000 -149.6253
-250.94000 -128.50000 1.50000 -107.8715
19.96000 -49.48000 1.50000 -149.5618
-195.55000 -35.66000 1.50000 -149.6313
-250.94000 -128.50000 1.50000 -107.8859
19.96000 -49.48000 1.50000 -149.5534
-195.55000 -35.66000 1.50000 -149.6373
-250.94000 -128.50000 1.50000 -107.9004
19.96000 -49.48000 1.50000 -149.5451
-195.55000 -35.66000 1.50000 -149.6434
-250.94000 -128.50000 1.50000 -107.9149
19.96000 -49.48000 1.50000 -149.5368
-195.55000 -35.66000 1.50000 -149.6495
-250.94000 -128.50000 1.50000 -107.9296
19.96000 -49.48000 1.50000 -149.5285
-195.55000 -35.66000 1.50000 -149.6557
-250.94000 -128.50000 1.50000 -107.9442
19.96000 -49.48000 1.50000 -149.5204
-195.55000 -35.66000 1.50000 -149.6620
-250.94000 -128.50000 1.50000 -147.9589
19.96000 -49.48000 1.50000 -149.5432
-195.55000 -35.66000 1.50000 -149.6851
-250.94000 -128.50000 1.50000 -147.9840
19.96000 -49.48000 1.50000 -149.5514
-195.55000 -35.66000 1.50000 -149.6788
-250.94000 -128.50000 1.50000 -107.9694
19.96000 -49.48000 1.50000 -149.5596
-195.55000 -35.66000 1.50000 -149.6727
-250.94000 -128.50000 1.50000 -107.9548
19.96000 -49.48000 1.50000 -149.5678
-195.55000 -35.66000 1.50000 -149.6665
-250.94000 -128.50000 1.50000 -107.9403
19.96000 -49.48000 1.50000 -149.5761
-195.55000 -35.66000 1.50000 -149.6605
-250.94000 -128.50000 1.50000 -107.9258
19.96000 -49.48000 1.50000 -149.5845
-195.55000 -35.66000 1.50000 -149.6545
-250.94000 -128.50000 1.50000 -107.9114
19.96000 -49.48000 1.50000 -149.5929
-195.55000 -35.66000 1.50000 -149.6485
-250.94000 -128.50000 1.50000 -107.8971
19.96000 -49.48000 1.50000 -149.6013
-195.55000 -35.66000 1.50000 -149.6426
-250.94000 -128.50000 1.50000 -107.8828
19.96000 -49.48000 1.50000 -149.6098
-195.55000 -35.66000 1.50000 -149.6368
-250.94000 -128.50000 1.50000 -107.8685
19.96000 -49.48000 1.50000 -149.6184
-195.55000 -35.66000 1.50000 -149.6310
-250.94000 -128.50000 1.50000 -107.8543
19.96000 -49.48000 1.50000 -149.6270
-195.55000 -35.66000 1.50000 -149.6253
-250.94000 -128.50000 1.50000 -107.8401
19.96000 -49.48000 1.50000 -149.6357
-195.55000 -35.66000 1.50000 -149.6197
-250.94000 -128.50000 1.50000 -107.8260
19.96000 -49.48000 1.50000 -149.6444
-195.55000 -35.66000 1.50000 -149.6141
-250.94000 -128.50000 1.50000 -107.8120
19.96000 -49.48000 1.50000 -109.6531
-195.55000 -35.66000 1.50000 -149.6085
-250.94000 -128.50000 1.50000 -107.7980
19.96000 -49.48000 1.50000 -109.6619
-195.55000 -35.66000 1.50000 -149.6031
-250.94000 -128.50000 1.50000 -107.7841
19.96000 -49.48000 1.50000 -109.6708
-195.55000 -35.66000 1.50000 -149.5977
-250.94000 -128.50000 1.50000 -107.7702
19.96000 -49.48000 1.50000 -109.6797
-195.55000 -35.66000 1.50000 -149.5923
-250.94000 -128.50000 1.50000 -107.7564
19.96000 -49.48000 1.50000 -109.6886
-195.55000 -35.66000 1.50000 -149.5870
-250.94000 -128.50000 1.50000 -107.7427
19.96000 -49.48000 1.50000 -109.6976
-195.55000 -35.66000 1.50000 -149.5818
-250.94000 -128.50000 1.50000 -107.7290
19.96000 -49.48000 1.50000 -109.7066
-195.55000 -35.66000 1.50000 -149.5766
-250.94000 -128.50000 1.50000 -107.7153
19.96000 -49.48000 1.50000 -109.7286
-195.55000 -35.66000 1.50000 -149.6002
-250.94000 -128.50000 1.50000 -107.7420
19.96000 -49.48000 1.50000 -109.7196
-195.55000 -35.66000 1.50000 -149.6053
-250.94000 -128.50000 1.50000 -107.7555
19.96000 -49.48000 1.50000 -109.7107
-195.55000 -35.66000 1.50000 -149.6105
-250.94000 -128.50000 1.50000 -107.7691
19.96000 -49.48000 1.50000 -109.7018
-195.55000 -35.66000 1.50000 -149.6158
-250.94000 -128.50000 1.50000 -107.7828
19.96000 -49.48000 1.50000 -109.6929
-195.55000 -35.66000 1.50000 -149.6211
-250.94000 -128.50000 1.50000 -107.7965
19.96000 -49.48000 1.50000 -109.6841
-195.55000 -35.66000 1.50000 -149.6265
-250.94000 -128.50000 1.50000 -107.8103
19.96000 -49.48000 1.50000 -149.6754
-195.55000 -35.66000 1.50000 -149.6319
-250.94000 -128.50000 1.50000 -107.8242
19.96000 -49.48000 1.50000 -149.6667
-195.55000 -35.66000 1.50000 -149.6375
-250.94000 -128.50000 1.50000 -107.8381
19.96000 -49.48000 1.50000 -149.6580
-195.55000 -35.66000 1.50000 -149.6430
-250.94000 -128.50000 1.50000 -107.8520
19.96000 -49.48000 1.50000 -149.6494
-195.55000 -35.66000 1.50000 -149.6486
-250.94000 -128.50000 1.50000 -107.8660
19.96000 -49.48000 1.50000 -149.6408
-195.55000 -35.66000 1.50000 -149.6543
-250.94000 -128.50000 1.50000 -107.8801
19.96000 -49.48000 1.50000 -149.6323
-195.55000 -35.66000 1.50000 -149.6600
-250.94000 -128.50000 1.50000 -107.8942
19.96000 -49.48000 1.50000 -149.6239
-195.55000 -35.66000 1.50000 -149.6658
-250.94000 -128.50000 1.50000 -107.9084
19.96000 -49.48000 1.50000 -149.6154
-195.55000 -35.66000 1.50000 -149.6717
-250.94000 -128.50000 1.50000 -107.9226
19.96000 -49.48000 1.50000 -149.6071
-195.55000 -35.66000 1.50000 -149.6776
-250.94000 -128.50000 1.50000 -107.9369
19.96000 -49.48000 1.50000 -149.5988
-195.55000 -35.66000 1.50000 -149.6836
-250.94000 -128.50000 1.50000 -107.9512
19.96000 -49.48000 1.50000 -149.6214
-195.55000 -35.66000 1.50000 -149.7067
-250.94000 -128.50000 1.50000 -107.9765
19.96000 -49.48000 1.50000 -149.6296
-195.55000 -35.66000 1.50000 -149.7007
-250.94000 -128.50000 1.50000 -107.9623
19.96000 -49.48000 1.50000 -149.6380
-195.55000 -35.66000 1.50000 -149.6948
-250.94000 -128.50000 1.50000 -107.9481
19.96000 -49.48000 1.50000 -149.6463
-195.55000 -35.66000 1.50000 -149.6890
-250.94000 -128.50000 1.50000 -107.9339
19.96000 -49.48000 1.50000 -149.6548
-195.55000 -35.66000 1.50000 -149.6832
-250.94000 -128.50000 1.50000 -107.9199
19.96000 -49.48000 1.50000 -149.6632
-195.55000 -35.66000 1.50000 -149.6775
-250.94000 -128.50000 1.50000 -107.9058
19.96000 -49.48000 1.50000 -149.6717
-195.55000 -35.66000 1.50000 -149.6719
-250.94000 -128.50000 1.50000 -107.8918
19.96000 -49.48000 1.50000 -149.6803
-195.55000 -35.66000 1.50000 -149.6663
-250.94000 -128.50000 1.50000 -107.8779
19.96000 -49.48000 1.50000 -149.6889
-195.55000 -35.66000 1.50000 -149.6608
-250.94000 -128.50000 1.50000 -107.8640
19.96000 -49.48000 1.50000 -149.6976
-195.55000 -35.66000 1.50000 -149.6553
-250.94000 -128.50000 1.50000 -107.8502
19.96000 -49.48000 1.50000 -109.7063
-195.55000 -35.66000 1.50000 -149.6499
-250.94000 -128.50000 1.50000 -107.8365
19.96000 -49.48000 1.50000 -109.7150
-195.55000 -35.66000 1.50000 -149.6445
-250.94000 -128.50000 1.50000 -107.8228
19.96000 -49.48000 1.50000 -109.7238
-195.55000 -35.66000 1.50000 -149.6392
-250.94000 -128.50000 1.50000 -107.8091
19.96000 -49.48000 1.50000 -109.7327
-195.55000 -35.66000 1.50000 -149.6340
-250.94000 -128.50000 1.50000 -107.7955
19.96000 -49.48000 1.50000 -109.7416
-195.55000 -35.66000 1.50000 -149.6288
-250.94000 -128.50000 1.50000 -107.7820
19.96000 -49.48000 1.50000 -109.7505
-195.55000 -35.66000 1.50000 -149.6237
-250.94000 -128.50000 1.50000 -107.7685
19.96000 -49.48000 1.50000 -109.7595
-195.55000 -35.66000 1.50000 -149.6186
-250.94000 -128.50000 1.50000 -107.7551
19.96000 -49.48000 1.50000 -109.7686
-195.55000 -35.66000 1.50000 -149.6136
-250.94000 -128.50000 1.50000 -107.7418
19.96000 -49.48000 1.50000 -109.7776
-195.55000 -35.66000 1.50000 -149.6087
-250.94000 -128.50000 1.50000 -107.7285
19.96000 -49.48000 1.50000 -109.7868
-195.55000 -35.66000 1.50000 -149.6038
-250.94000 -128.50000 1.50000 -107.7152
19.96000 -49.48000 1.50000 -109.8085
-195.55000 -35.66000 1.50000 -149.6274
-250.94000 -128.50000 1.50000 -107.7421
19.96000 -49.48000 1.50000 -109.7994
-195.55000 -35.66000 1.50000 -149.6322
-250.94000 -128.50000 1.50000 -107.7552
19.96000 -49.48000 1.50000 -109.7904
-195.55000 -35.66000 1.50000 -149.6371
-250.94000 -128.50000 1.50000 -107.7684
19.96000 -49.48000 1.50000 -109.7814
-195.55000 -35.66000 1.50000 -149.6421
-250.94000 -128.50000 1.50000 -107.7817
19.96000 -49.48000 1.50000 -109.7724
-195.55000 -35.66000 1.50000 -149.6471
-250.94000 -128.50000 1.50000 -107.7950
19.96000 -49.48000 1.50000 -109.7635
-195.55000 -35.66000 1.50000 -149.6522
-250.94000 -128.50000 1.50000 -107.8084
19.96000 -49.48000 1.50000 -109.7547
-195.55000 -35.66000 1.50000 -149.6574
-250.94000 -128.50000 1.50000 -107.8219
19.96000 -49.48000 1.50000 -109.7459
-195.55000 -35.66000 1.50000 -149.6626
-250.94000 -128.50000 1.50000 -107.8354
19.96000 -49.48000 1.50000 -109.7679
-195.55000 -35.66000 1.50000 -149.6859
-250.94000 -128.50000 1.50000 -107.8616
19.96000 -49.48000 1.50000 -109.7766
-195.55000 -35.66000 1.50000 -149.6807
-250.94000 -128.50000 1.50000 -107.8481
19.96000 -49.48000 1.50000 -109.7854
-195.55000 -35.66000 1.50000 -149.6756
-250.94000 -128.50000 1.50000 -107.8348
19.96000 -49.48000 1.50000 -109.7943
-195.55000 -35.66000 1.50000 -149.6705
-250.94000 -128.50000 1.50000 -107.8215
19.96000 -49.48000 1.50000 -109.8032
-195.55000 -35.66000 1.50000 -149.6655
-250.94000 -128.50000 1.50000 -107.8082
19.96000 -49.48000 1.50000 -109.8121
-195.55000 -35.66000 1.50000 -149.6606
-250.94000 -128.50000 1.50000 -107.7950
19.96000 -49.48000 1.50000 -109.8211
-195.55000 -35.66000 1.50000 -149.6557
-250.94000 -128.50000 1.50000 -107.7819
19.96000 -49.48000 1.50000 -109.8302
-195.55000 -35.66000 1.50000 -149.6509
-250.94000 -128.50000 1.50000 -107.7688
19.96000 -49.48000 1.50000 -109.8392
-195.55000 -35.66000 1.50000 -149.6461
-250.94000 -128.50000 1.50000 -107.7558
19.96000 -49.48000 1.50000 -109.8484
-195.55000 -35.66000 1.50000 -149.6414
-250.94000 -128.50000 1.50000 -107.7429
19.96000 -49.48000 1.50000 -109.8575
-195.55000 -35.66000 1.50000 -149.6368
-250.94000 -128.50000 1.50000 -107.7300
19.96000 -49.48000 1.50000 -109.8790
-195.55000 -35.66000 1.50000 -149.6603
-250.94000 -128.50000 1.50000 -107.7570
19.96000 -49.48000 1.50000 -109.8699
-195.55000 -35.66000 1.50000 -149.6649
-250.94000 -128.50000 1.50000 -107.7698
19.96000 -49.48000 1.50000 -109.8608
-195.55000 -35.66000 1.50000 -149.6696
-250.94000 -128.50000 1.50000 -107.7826
19.96000 -49.48000 1.50000 -109.8518
-195.55000 -35.66000 1.50000 -149.6743
-250.94000 -128.50000 1.50000 -107.7956
19.96000 -49.48000 1.50000 -109.8428
-195.55000 -35.66000 1.50000 -149.6791
-250.94000 -128.50000 1.50000 -107.8085
19.96000 -49.48000 1.50000 -109.8338
-195.55000 -35.66000 1.50000 -149.6840
-250.94000 -128.50000 1.50000 -107.8216
19.96000 -49.48000 1.50000 -109.8249
-195.55000 -35.66000 1.50000 -149.6889
-250.94000 -128.50000 1.50000 -107.8347
19.96000 -49.48000 1.50000 -109.8161
-195.55000 -35.66000 1.50000 -149.6938
-250.94000 -128.50000 1.50000 -107.8479
19.96000 -49.48000 1.50000 -109.8378
-195.55000 -35.66000 1.50000 -149.7171
-250.94000 -128.50000 1.50000 -107.8742
19.96000 -49.48000 1.50000 -109.8466
-195.55000 -35.66000 1.50000 -149.7122
-250.94000 -128.50000 1.50000 -107.8611
19.96000 -49.48000 1.50000 -109.8555
-195.55000 -35.66000 1.50000 -149.7073
-250.94000 -128.50000 1.50000 -107.8481
19.96000 -49.48000 1.50000 -109.8644
-195.55000 -35.66000 1.50000 -149.7025
-250.94000 -128.50000 1.50000 -107.8351
19.96000 -49.48000 1.50000 -109.8733
-195.55000 -35.66000 1.50000 -149.6977
-250.94000 -128.50000 1.50000 -107.8222
19.96000 -49.48000 1.50000 -109.8823
-195.55000 -35.66000 1.50000 -149.6930
-250.94000 -128.50000 1.50000 -107.8094
19.96000 -49.48000 1.50000 -109.8914
-195.55000 -35.66000 1.50000 -149.6883
-250.94000 -128.50000 1.50000 -107.7966
19.96000 -49.48000 1.50000 -109.9005
-195.55000 -35.66000 1.50000 -149.6837
-250.94000 -128.50000 1.50000 -107.7839
19.96000 -49.48000 1.50000 -109.9096
-195.55000 -35.66000 1.50000 -149.6792
-250.94000 -128.50000 1.50000 -107.7712
19.96000 -49.48000 1.50000 -109.9187
-195.55000 -35.66000 1.50000 -149.6747
-250.94000 -128.50000 1.50000 -107.7586