19.96000 -49.48000 1.50000 -172.6219
-195.55000 -35.66000 1.50000 -255.5713
-250.94000 -128.50000 1.50000 -138.2648
19.96000 -49.48000 1.50000 -172.6320
-195.55000 -35.66000 1.50000 -255.5767
-250.94000 -128.50000 1.50000 -138.3187
19.96000 -49.48000 1.50000 -172.6469
-195.55000 -35.66000 1.50000 -255.5883
-250.94000 -128.50000 1.50000 -138.3161
19.96000 -49.48000 1.50000 -172.6570
-195.55000 -35.66000 1.50000 -255.5937
-250.94000 -128.50000 1.50000 -138.3697
19.96000 -49.48000 1.50000 -172.6422
-195.55000 -35.66000 1.50000 -255.5821
-250.94000 -128.50000 1.50000 -138.3723
19.96000 -49.48000 1.50000 -172.6524
-195.55000 -35.66000 1.50000 -255.5876
-250.94000 -128.50000 1.50000 -138.4255
19.96000 -49.48000 1.50000 -172.6672
-195.55000 -35.66000 1.50000 -255.5992
-250.94000 -128.50000 1.50000 -138.4229
19.96000 -49.48000 1.50000 -172.6820
-195.55000 -35.66000 1.50000 -255.6107
-250.94000 -128.50000 1.50000 -138.4204
19.96000 -49.48000 1.50000 -172.6967
-195.55000 -35.66000 1.50000 -255.6223
-250.94000 -128.50000 1.50000 -138.4179
19.96000 -49.48000 1.50000 -172.7068
-195.55000 -35.66000 1.50000 -255.6277
-250.94000 -128.50000 1.50000 -138.4708
19.96000 -49.48000 1.50000 -172.6921
-195.55000 -35.66000 1.50000 -255.6162
-250.94000 -128.50000 1.50000 -138.4733
19.96000 -49.48000 1.50000 -132.6774
-195.55000 -35.66000 1.50000 -255.6046
-250.94000 -128.50000 1.50000 -138.4758
19.96000 -49.48000 1.50000 -132.6627
-195.55000 -35.66000 1.50000 -255.5930
-250.94000 -128.50000 1.50000 -138.4783
19.96000 -49.48000 1.50000 -132.6479
-195.55000 -35.66000 1.50000 -295.5815
-250.94000 -128.50000 1.50000 -138.4808
19.96000 -49.48000 1.50000 -132.6582
-195.55000 -35.66000 1.50000 -295.5870
-250.94000 -128.50000 1.50000 -138.5410
19.96000 -49.48000 1.50000 -132.6729
-195.55000 -35.66000 1.50000 -295.5985
-250.94000 -128.50000 1.50000 -138.5326
19.96000 -49.48000 1.50000 -132.6876
-195.55000 -35.66000 1.50000 -295.6101
-250.94000 -128.50000 1.50000 -138.5283
19.96000 -49.48000 1.50000 -132.7023
-195.55000 -35.66000 1.50000 -255.6216
-250.94000 -128.50000 1.50000 -138.5258
19.96000 -49.48000 1.50000 -172.7170
-195.55000 -35.66000 1.50000 -255.6332
-250.94000 -128.50000 1.50000 -138.5233
19.96000 -49.48000 1.50000 -172.7316
-195.55000 -35.66000 1.50000 -255.6447
-250.94000 -128.50000 1.50000 -138.5208
19.96000 -49.48000 1.50000 -132.7417
-195.55000 -35.66000 1.50000 -255.6501
-250.94000 -128.50000 1.50000 -138.5730
19.96000 -49.48000 1.50000 -132.7271
-195.55000 -35.66000 1.50000 -295.6386
-250.94000 -128.50000 1.50000 -138.5796
19.96000 -49.48000 1.50000 -132.7125
-195.55000 -35.66000 1.50000 -295.6271
-250.94000 -128.50000 1.50000 -138.5879
19.96000 -49.48000 1.50000 -132.6978
-195.55000 -35.66000 1.50000 -295.6156
-250.94000 -128.50000 1.50000 -138.5962
19.96000 -49.48000 1.50000 -132.6832
-195.55000 -35.66000 1.50000 -295.6040
-250.94000 -128.50000 1.50000 -138.6045
19.96000 -49.48000 1.50000 -132.6685
-195.55000 -35.66000 1.50000 -295.5925
-250.94000 -128.50000 1.50000 -138.6128
19.96000 -49.48000 1.50000 -132.6538
-195.55000 -35.66000 1.50000 -295.5809
-250.94000 -128.50000 1.50000 -138.6211
19.96000 -49.48000 1.50000 -172.6391
-195.55000 -35.66000 1.50000 -295.5693
-250.94000 -128.50000 1.50000 -138.6294
19.96000 -49.48000 1.50000 -172.6641
-195.55000 -35.66000 1.50000 -295.5864
-250.94000 -128.50000 1.50000 -138.6922
19.96000 -49.48000 1.50000 -132.6788
-195.55000 -35.66000 1.50000 -295.5980
-250.94000 -128.50000 1.50000 -138.6841
19.96000 -49.48000 1.50000 -132.6934
-195.55000 -35.66000 1.50000 -295.6095
-250.94000 -128.50000 1.50000 -138.6758
19.96000 -49.48000 1.50000 -132.7081
-195.55000 -35.66000 1.50000 -295.6210
-250.94000 -128.50000 1.50000 -138.6676
19.96000 -49.48000 1.50000 -132.7227
-195.55000 -35.66000 1.50000 -295.6326
-250.94000 -128.50000 1.50000 -138.6594
19.96000 -49.48000 1.50000 -132.7373
-195.55000 -35.66000 1.50000 -295.6441
-250.94000 -128.50000 1.50000 -138.6512
19.96000 -49.48000 1.50000 -132.7519
-195.55000 -35.66000 1.50000 -295.6556
-250.94000 -128.50000 1.50000 -138.6429
19.96000 -49.48000 1.50000 -132.7664
-195.55000 -35.66000 1.50000 -295.6671
-250.94000 -128.50000 1.50000 -138.6346
19.96000 -49.48000 1.50000 -172.7810
-195.55000 -35.66000 1.50000 -295.6785
-250.94000 -128.50000 1.50000 -138.6264
19.96000 -49.48000 1.50000 -132.8056
-195.55000 -35.66000 1.50000 -295.6954
-250.94000 -128.50000 1.50000 -138.6893
19.96000 -49.48000 1.50000 -132.7911
-195.55000 -35.66000 1.50000 -295.6840
-250.94000 -128.50000 1.50000 -138.6975
19.96000 -49.48000 1.50000 -132.7766
-195.55000 -35.66000 1.50000 -295.6725
-250.94000 -128.50000 1.50000 -138.7057
19.96000 -49.48000 1.50000 -132.7620
-195.55000 -35.66000 1.50000 -295.6610
-250.94000 -128.50000 1.50000 -138.7139
19.96000 -49.48000 1.50000 -132.7475
-195.55000 -35.66000 1.50000 -295.6495
-250.94000 -128.50000 1.50000 -138.7221
19.96000 -49.48000 1.50000 -132.7329
-195.55000 -35.66000 1.50000 -295.6381
-250.94000 -128.50000 1.50000 -138.7302
19.96000 -49.48000 1.50000 -132.7183
-195.55000 -35.66000 1.50000 -295.6266
-250.94000 -128.50000 1.50000 -138.7384
19.96000 -49.48000 1.50000 -172.7037
-195.55000 -35.66000 1.50000 -295.6151
-250.94000 -128.50000 1.50000 -138.7465
19.96000 -49.48000 1.50000 -132.7431
-195.55000 -35.66000 1.50000 -295.6436
-250.94000 -128.50000 1.50000 -138.8004
19.96000 -49.48000 1.50000 -132.7576
-195.55000 -35.66000 1.50000 -295.6550
-250.94000 -128.50000 1.50000 -138.7924
19.96000 -49.48000 1.50000 -132.7722
-195.55000 -35.66000 1.50000 -295.6665
-250.94000 -128.50000 1.50000 -138.7843
19.96000 -49.48000 1.50000 -132.7867
-195.55000 -35.66000 1.50000 -295.6780
-250.94000 -128.50000 1.50000 -138.7762
19.96000 -49.48000 1.50000 -132.8012
-195.55000 -35.66000 1.50000 -295.6894
-250.94000 -128.50000 1.50000 -138.7681
19.96000 -49.48000 1.50000 -132.8157
-195.55000 -35.66000 1.50000 -295.7009
-250.94000 -128.50000 1.50000 -138.7599
19.96000 -49.48000 1.50000 -132.8302
-195.55000 -35.66000 1.50000 -295.7123
-250.94000 -128.50000 1.50000 -138.7518
19.96000 -49.48000 1.50000 -172.8446
-195.55000 -35.66000 1.50000 -295.7237
-250.94000 -128.50000 1.50000 -138.7437
19.96000 -49.48000 1.50000 -132.8546
-195.55000 -35.66000 1.50000 -295.7291
-250.94000 -128.50000 1.50000 -138.8138
19.96000 -49.48000 1.50000 -132.8402
-195.55000 -35.66000 1.50000 -295.7177
-250.94000 -128.50000 1.50000 -138.8219
19.96000 -49.48000 1.50000 -132.8257
-195.55000 -35.66000 1.50000 -295.7063
-250.94000 -128.50000 1.50000 -138.8299
19.96000 -49.48000 1.50000 -132.8113
-195.55000 -35.66000 1.50000 -295.6949
-250.94000 -128.50000 1.50000 -138.8380
19.96000 -49.48000 1.50000 -132.7968
-195.55000 -35.66000 1.50000 -295.6834
-250.94000 -128.50000 1.50000 -138.8460
19.96000 -49.48000 1.50000 -132.7823
-195.55000 -35.66000 1.50000 -295.6720
-250.94000 -128.50000 1.50000 -138.8540
19.96000 -49.48000 1.50000 -132.8990
-195.55000 -35.66000 1.50000 -295.7567
-250.94000 -128.50000 1.50000 -139.0128
19.96000 -49.48000 1.50000 -132.9133
-195.55000 -35.66000 1.50000 -295.7681
-250.94000 -128.50000 1.50000 -139.0049
19.96000 -49.48000 1.50000 -132.9276
-195.55000 -35.66000 1.50000 -295.7794
-250.94000 -128.50000 1.50000 -138.9970
19.96000 -49.48000 1.50000 -132.9375
-195.55000 -35.66000 1.50000 -295.7848
-250.94000 -128.50000 1.50000 -139.0650
19.96000 -49.48000 1.50000 -172.7002
-195.55000 -35.66000 1.50000 -295.6096
-250.94000 -128.50000 1.50000 -176.0888
19.96000 -49.48000 1.50000 -172.6858
-195.55000 -35.66000 1.50000 -295.6168
-250.94000 -128.50000 1.50000 -176.0763
19.96000 -49.48000 1.50000 -172.6713
-195.55000 -35.66000 1.50000 -295.6240
-250.94000 -128.50000 1.50000 -176.0639
19.96000 -49.48000 1.50000 -172.6569
-195.55000 -35.66000 1.50000 -295.6312
-250.94000 -128.50000 1.50000 -176.0514
19.96000 -49.48000 1.50000 -172.6676
-195.55000 -35.66000 1.50000 -295.6743
-250.94000 -128.50000 1.50000 -176.0535
19.96000 -49.48000 1.50000 -172.6820
-195.55000 -35.66000 1.50000 -295.6671
-250.94000 -128.50000 1.50000 -176.0660
19.96000 -49.48000 1.50000 -172.6964
-195.55000 -35.66000 1.50000 -295.6599
-250.94000 -128.50000 1.50000 -176.0785
19.96000 -49.48000 1.50000 -172.7108
-195.55000 -35.66000 1.50000 -295.6528
-250.94000 -128.50000 1.50000 -176.0909
19.96000 -49.48000 1.50000 -172.7251
-195.55000 -35.66000 1.50000 -295.6456
-250.94000 -128.50000 1.50000 -176.1033
19.96000 -49.48000 1.50000 -172.7394
-195.55000 -35.66000 1.50000 -295.6385
-250.94000 -128.50000 1.50000 -176.1158
19.96000 -49.48000 1.50000 -172.7786
-195.55000 -35.66000 1.50000 -295.6672
-250.94000 -128.50000 1.50000 -176.1426
19.96000 -49.48000 1.50000 -172.7643
-195.55000 -35.66000 1.50000 -295.6743
-250.94000 -128.50000 1.50000 -176.1303
19.96000 -49.48000 1.50000 -172.7500
-195.55000 -35.66000 1.50000 -295.6815
-250.94000 -128.50000 1.50000 -176.1179
19.96000 -49.48000 1.50000 -172.7357
-195.55000 -35.66000 1.50000 -295.6886
-250.94000 -128.50000 1.50000 -176.1055
19.96000 -49.48000 1.50000 -172.7213
-195.55000 -35.66000 1.50000 -295.6958
-250.94000 -128.50000 1.50000 -176.0930
19.96000 -49.48000 1.50000 -172.7070
-195.55000 -35.66000 1.50000 -295.7029
-250.94000 -128.50000 1.50000 -176.0806
19.96000 -49.48000 1.50000 -172.7177
-195.55000 -35.66000 1.50000 -295.7457
-250.94000 -128.50000 1.50000 -176.0828
19.96000 -49.48000 1.50000 -172.7320
-195.55000 -35.66000 1.50000 -295.7386
-250.94000 -128.50000 1.50000 -176.0952
19.96000 -49.48000 1.50000 -172.7462
-195.55000 -35.66000 1.50000 -295.7314
-250.94000 -128.50000 1.50000 -176.1076
19.96000 -49.48000 1.50000 -172.7605
-195.55000 -35.66000 1.50000 -295.7243
-250.94000 -128.50000 1.50000 -176.1200
19.96000 -49.48000 1.50000 -172.7748
-195.55000 -35.66000 1.50000 -295.7172
-250.94000 -128.50000 1.50000 -176.1324
19.96000 -49.48000 1.50000 -172.7890
-195.55000 -35.66000 1.50000 -295.7101
-250.94000 -128.50000 1.50000 -176.1447
19.96000 -49.48000 1.50000 -172.8033
-195.55000 -35.66000 1.50000 -295.7030
-250.94000 -128.50000 1.50000 -176.1571
19.96000 -49.48000 1.50000 -172.8175
-195.55000 -35.66000 1.50000 -295.6959
-250.94000 -128.50000 1.50000 -176.1694
19.96000 -49.48000 1.50000 -172.8563
-195.55000 -35.66000 1.50000 -295.7244
-250.94000 -128.50000 1.50000 -176.1962
19.96000 -49.48000 1.50000 -172.8421
-195.55000 -35.66000 1.50000 -295.7315
-250.94000 -128.50000 1.50000 -176.1839
19.96000 -49.48000 1.50000 -172.8279
-195.55000 -35.66000 1.50000 -295.7386
-250.94000 -128.50000 1.50000 -176.1715
19.96000 -49.48000 1.50000 -172.8137
-195.55000 -35.66000 1.50000 -295.7457
-250.94000 -128.50000 1.50000 -176.1592
19.96000 -49.48000 1.50000 -172.7995
-195.55000 -35.66000 1.50000 -295.7528
-250.94000 -128.50000 1.50000 -176.1469
19.96000 -49.48000 1.50000 -172.7853
-195.55000 -35.66000 1.50000 -295.7599
-250.94000 -128.50000 1.50000 -176.1345
19.96000 -49.48000 1.50000 -172.7711
-195.55000 -35.66000 1.50000 -295.7670
-250.94000 -128.50000 1.50000 -176.1222
19.96000 -49.48000 1.50000 -172.7816
-195.55000 -35.66000 1.50000 -295.8094
-250.94000 -128.50000 1.50000 -176.1244
19.96000 -49.48000 1.50000 -172.7958
-195.55000 -35.66000 1.50000 -295.8024
-250.94000 -128.50000 1.50000 -176.1367
19.96000 -49.48000 1.50000 -172.8100
-195.55000 -35.66000 1.50000 -295.7953
-250.94000 -128.50000 1.50000 -176.1490
19.96000 -49.48000 1.50000 -172.8242
-195.55000 -35.66000 1.50000 -295.7883
-250.94000 -128.50000 1.50000 -176.1614
19.96000 -49.48000 1.50000 -172.8383
-195.55000 -35.66000 1.50000 -295.7812
-250.94000 -128.50000 1.50000 -176.1737
19.96000 -49.48000 1.50000 -172.8525
-195.55000 -35.66000 1.50000 -295.7741
-250.94000 -128.50000 1.50000 -176.1860
19.96000 -49.48000 1.50000 -172.8667
-195.55000 -35.66000 1.50000 -295.7670
-250.94000 -128.50000 1.50000 -176.1983
19.96000 -49.48000 1.50000 -172.8808
-195.55000 -35.66000 1.50000 -295.7599
-250.94000 -128.50000 1.50000 -176.2105
19.96000 -49.48000 1.50000 -172.8949
-195.55000 -35.66000 1.50000 -295.7529
-250.94000 -128.50000 1.50000 -176.2228
19.96000 -49.48000 1.50000 -172.9333
-195.55000 -35.66000 1.50000 -295.7813
-250.94000 -128.50000 1.50000 -176.2494
19.96000 -49.48000 1.50000 -172.9193
-195.55000 -35.66000 1.50000 -295.7883
-250.94000 -128.50000 1.50000 -176.2371
19.96000 -49.48000 1.50000 -172.9052
-195.55000 -35.66000 1.50000 -295.7953
-250.94000 -128.50000 1.50000 -176.2249
19.96000 -49.48000 1.50000 -172.8911
-195.55000 -35.66000 1.50000 -295.8024
-250.94000 -128.50000 1.50000 -176.2127
19.96000 -49.48000 1.50000 -172.8770
-195.55000 -35.66000 1.50000 -295.8094
-250.94000 -128.50000 1.50000 -176.2004
19.96000 -49.48000 1.50000 -172.8629
-195.55000 -35.66000 1.50000 -295.8165
-250.94000 -128.50000 1.50000 -176.1882
19.96000 -49.48000 1.50000 -172.8488
-195.55000 -35.66000 1.50000 -295.8235
-250.94000 -128.50000 1.50000 -176.1759
19.96000 -49.48000 1.50000 -172.8347
-195.55000 -35.66000 1.50000 -295.8306
-250.94000 -128.50000 1.50000 -176.1636
19.96000 -49.48000 1.50000 -172.8451
-195.55000 -35.66000 1.50000 -295.8728
-250.94000 -128.50000 1.50000 -216.1658
19.96000 -49.48000 1.50000 -172.8592
-195.55000 -35.66000 1.50000 -295.8658
-250.94000 -128.50000 1.50000 -176.1781
19.96000 -49.48000 1.50000 -172.8733
-195.55000 -35.66000 1.50000 -295.8587
-250.94000 -128.50000 1.50000 -176.1903
19.96000 -49.48000 1.50000 -172.8874
-195.55000 -35.66000 1.50000 -295.8517
-250.94000 -128.50000 1.50000 -176.2026
19.96000 -49.48000 1.50000 -172.9015
-195.55000 -35.66000 1.50000 -295.8447
-250.94000 -128.50000 1.50000 -176.2148
19.96000 -49.48000 1.50000 -172.9155
-195.55000 -35.66000 1.50000 -295.8376
-250.94000 -128.50000 1.50000 -176.2271
19.96000 -49.48000 1.50000 -172.9296
-195.55000 -35.66000 1.50000 -295.8306
-250.94000 -128.50000 1.50000 -176.2393
19.96000 -49.48000 1.50000 -172.9436
-195.55000 -35.66000 1.50000 -295.8236
-250.94000 -128.50000 1.50000 -176.2515
19.96000 -49.48000 1.50000 -172.9576
-195.55000 -35.66000 1.50000 -295.8166
-250.94000 -128.50000 1.50000 -176.2637
19.96000 -49.48000 1.50000 -172.9716
-195.55000 -35.66000 1.50000 -295.8095
-250.94000 -128.50000 1.50000 -176.2758
19.96000 -49.48000 1.50000 -173.0098
-195.55000 -35.66000 1.50000 -295.8377
-250.94000 -128.50000 1.50000 -176.3022
19.96000 -49.48000 1.50000 -172.9958
-195.55000 -35.66000 1.50000 -295.8447
-250.94000 -128.50000 1.50000 -176.2901
19.96000 -49.48000 1.50000 -172.9818
-195.55000 -35.66000 1.50000 -295.8517
-250.94000 -128.50000 1.50000 -176.2780
19.96000 -49.48000 1.50000 -172.9678
-195.55000 -35.66000 1.50000 -295.8588
-250.94000 -128.50000 1.50000 -176.2658
19.96000 -49.48000 1.50000 -172.9539
-195.55000 -35.66000 1.50000 -295.8658
-250.94000 -128.50000 1.50000 -176.2536
19.96000 -49.48000 1.50000 -172.9398
-195.55000 -35.66000 1.50000 -295.8727
-250.94000 -128.50000 1.50000 -176.2415
19.96000 -49.48000 1.50000 -172.9258
-195.55000 -35.66000 1.50000 -295.8798
-250.94000 -128.50000 1.50000 -176.2293
19.96000 -49.48000 1.50000 -172.9118
-195.55000 -35.66000 1.50000 -295.8868
-250.94000 -128.50000 1.50000 -176.2170
19.96000 -49.48000 1.50000 -172.8978
-195.55000 -35.66000 1.50000 -295.8938
-250.94000 -128.50000 1.50000 -216.2048
19.96000 -49.48000 1.50000 -172.8837
-195.55000 -35.66000 1.50000 -295.9008
-250.94000 -128.50000 1.50000 -216.1926
19.96000 -49.48000 1.50000 -172.8942
-195.55000 -35.66000 1.50000 -215.9426
-250.94000 -128.50000 1.50000 -216.1948
19.96000 -49.48000 1.50000 -172.9082
-195.55000 -35.66000 1.50000 -255.9356
-250.94000 -128.50000 1.50000 -216.2071
19.96000 -49.48000 1.50000 -172.9222
-195.55000 -35.66000 1.50000 -295.9286
-250.94000 -128.50000 1.50000 -216.2193
19.96000 -49.48000 1.50000 -172.9362
-195.55000 -35.66000 1.50000 -295.9217
-250.94000 -128.50000 1.50000 -216.2315
19.96000 -49.48000 1.50000 -172.9501
-195.55000 -35.66000 1.50000 -295.9147
-250.94000 -128.50000 1.50000 -216.2437
19.96000 -49.48000 1.50000 -172.9641
-195.55000 -35.66000 1.50000 -295.9077
-250.94000 -128.50000 1.50000 -176.2558
19.96000 -49.48000 1.50000 -172.9781
-195.55000 -35.66000 1.50000 -295.9008
-250.94000 -128.50000 1.50000 -176.2680
19.96000 -49.48000 1.50000 -172.9920
-195.55000 -35.66000 1.50000 -295.8938
-250.94000 -128.50000 1.50000 -176.2801
19.96000 -49.48000 1.50000 -173.0060
-195.55000 -35.66000 1.50000 -295.8868
-250.94000 -128.50000 1.50000 -176.2923
19.96000 -49.48000 1.50000 -173.0199
-195.55000 -35.66000 1.50000 -295.8798
-250.94000 -128.50000 1.50000 -176.3044
19.96000 -49.48000 1.50000 -173.0338
-195.55000 -35.66000 1.50000 -295.8728
-250.94000 -128.50000 1.50000 -176.3165
19.96000 -49.48000 1.50000 -173.0477
-195.55000 -35.66000 1.50000 -295.8658
-250.94000 -128.50000 1.50000 -176.3286
19.96000 -49.48000 1.50000 -173.0855
-195.55000 -35.66000 1.50000 -295.8939
-250.94000 -128.50000 1.50000 -176.3548
19.96000 -49.48000 1.50000 -173.0717
-195.55000 -35.66000 1.50000 -295.9008
-250.94000 -128.50000 1.50000 -176.3428
19.96000 -49.48000 1.50000 -173.0578
-195.55000 -35.66000 1.50000 -295.9078
-250.94000 -128.50000 1.50000 -176.3307
19.96000 -49.48000 1.50000 -173.0439
-195.55000 -35.66000 1.50000 -295.9147
-250.94000 -128.50000 1.50000 -176.3186
19.96000 -49.48000 1.50000 -173.0300
-195.55000 -35.66000 1.50000 -295.9217
-250.94000 -128.50000 1.50000 -176.3066
19.96000 -49.48000 1.50000 -173.0161
-195.55000 -35.66000 1.50000 -295.9286
-250.94000 -128.50000 1.50000 -176.2945
19.96000 -49.48000 1.50000 -173.0022
-195.55000 -35.66000 1.50000 -295.9356
-250.94000 -128.50000 1.50000 -216.2823
19.96000 -49.48000 1.50000 -172.9883
-195.55000 -35.66000 1.50000 -295.9426
-250.94000 -128.50000 1.50000 -216.2702
19.96000 -49.48000 1.50000 -172.9744
-195.55000 -35.66000 1.50000 -295.9495
-250.94000 -128.50000 1.50000 -216.2581
19.96000 -49.48000 1.50000 -172.9605
-195.55000 -35.66000 1.50000 -295.9565
-250.94000 -128.50000 1.50000 -216.2459
19.96000 -49.48000 1.50000 -172.9465
-195.55000 -35.66000 1.50000 -255.9634
-250.94000 -128.50000 1.50000 -216.2337
19.96000 -49.48000 1.50000 -172.9569
-195.55000 -35.66000 1.50000 -216.0050
-250.94000 -128.50000 1.50000 -216.2360
19.96000 -49.48000 1.50000 -172.9708
-195.55000 -35.66000 1.50000 -215.9980
-250.94000 -128.50000 1.50000 -216.2482
19.96000 -49.48000 1.50000 -172.9847
-195.55000 -35.66000 1.50000 -255.9911
-250.94000 -128.50000 1.50000 -216.2603
19.96000 -49.48000 1.50000 -172.9986
-195.55000 -35.66000 1.50000 -295.9842
-250.94000 -128.50000 1.50000 -216.2724
19.96000 -49.48000 1.50000 -173.0125
-195.55000 -35.66000 1.50000 -295.9772
-250.94000 -128.50000 1.50000 -216.2846
19.96000 -49.48000 1.50000 -173.0263
-195.55000 -35.66000 1.50000 -295.9703
-250.94000 -128.50000 1.50000 -216.2967
19.96000 -49.48000 1.50000 -173.0402
-195.55000 -35.66000 1.50000 -295.9634
-250.94000 -128.50000 1.50000 -216.3088
19.96000 -49.48000 1.50000 -173.0540
-195.55000 -35.66000 1.50000 -295.9565
-250.94000 -128.50000 1.50000 -216.3208
19.96000 -49.48000 1.50000 -173.0679
-195.55000 -35.66000 1.50000 -295.9495
-250.94000 -128.50000 1.50000 -176.3329
19.96000 -49.48000 1.50000 -173.0817
-195.55000 -35.66000 1.50000 -295.9426
-250.94000 -128.50000 1.50000 -176.3450
19.96000 -49.48000 1.50000 -173.0955
-195.55000 -35.66000 1.50000 -295.9356
-250.94000 -128.50000 1.50000 -176.3570
19.96000 -49.48000 1.50000 -173.1093
-195.55000 -35.66000 1.50000 -295.9287
-250.94000 -128.50000 1.50000 -176.3690
19.96000 -49.48000 1.50000 -173.1231
-195.55000 -35.66000 1.50000 -295.9218
-250.94000 -128.50000 1.50000 -176.3810
19.96000 -49.48000 1.50000 -173.1331
-195.55000 -35.66000 1.50000 -295.9634
-250.94000 -128.50000 1.50000 -176.3832
19.96000 -49.48000 1.50000 -173.1194
-195.55000 -35.66000 1.50000 -295.9703
-250.94000 -128.50000 1.50000 -176.3712
19.96000 -49.48000 1.50000 -173.1056
-195.55000 -35.66000 1.50000 -295.9773
-250.94000 -128.50000 1.50000 -216.3592
19.96000 -49.48000 1.50000 -173.0918
-195.55000 -35.66000 1.50000 -295.9842
-250.94000 -128.50000 1.50000 -216.3471
19.96000 -49.48000 1.50000 -173.0780
-195.55000 -35.66000 1.50000 -295.9911
-250.94000 -128.50000 1.50000 -216.3351
19.96000 -49.48000 1.50000 -173.0642
-195.55000 -35.66000 1.50000 -295.9980
-250.94000 -128.50000 1.50000 -216.3231
19.96000 -49.48000 1.50000 -173.0504
-195.55000 -35.66000 1.50000 -296.0049
-250.94000 -128.50000 1.50000 -216.3110
19.96000 -49.48000 1.50000 -173.0365
-195.55000 -35.66000 1.50000 -296.0118
-250.94000 -128.50000 1.50000 -216.2989
19.96000 -49.48000 1.50000 -173.0227
-195.55000 -35.66000 1.50000 -256.0187
-250.94000 -128.50000 1.50000 -216.2868
19.96000 -49.48000 1.50000 -173.0089
-195.55000 -35.66000 1.50000 -216.0256
-250.94000 -128.50000 1.50000 -216.2747
19.96000 -49.48000 1.50000 -172.9950
-195.55000 -35.66000 1.50000 -216.0326
-250.94000 -128.50000 1.50000 -216.2626