19.96000 -49.48000 1.50000 -229.4492
-195.55000 -35.66000 1.50000 -155.1781
-250.94000 -128.50000 1.50000 -276.1925
19.96000 -49.48000 1.50000 -189.4396
-195.55000 -35.66000 1.50000 -155.1531
-250.94000 -128.50000 1.50000 -276.1340
19.96000 -49.48000 1.50000 -189.4300
-195.55000 -35.66000 1.50000 -155.1279
-250.94000 -128.50000 1.50000 -276.0753
19.96000 -49.48000 1.50000 -189.4204
-195.55000 -35.66000 1.50000 -155.1027
-250.94000 -128.50000 1.50000 -276.0165
19.96000 -49.48000 1.50000 -189.4109
-195.55000 -35.66000 1.50000 -155.0773
-250.94000 -128.50000 1.50000 -275.9575
19.96000 -49.48000 1.50000 -189.4015
-195.55000 -35.66000 1.50000 -155.0517
-250.94000 -128.50000 1.50000 -275.6371
19.96000 -49.48000 1.50000 -189.4245
-195.55000 -35.66000 1.50000 -155.0513
-250.94000 -128.50000 1.50000 -275.8370
19.96000 -49.48000 1.50000 -189.4339
-195.55000 -35.66000 1.50000 -155.0769
-250.94000 -128.50000 1.50000 -272.1389
19.96000 -49.48000 1.50000 -189.4434
-195.55000 -35.66000 1.50000 -155.1024
-250.94000 -128.50000 1.50000 -272.1975
19.96000 -49.48000 1.50000 -189.4529
-195.55000 -35.66000 1.50000 -155.1277
-250.94000 -128.50000 1.50000 -276.0141
19.96000 -49.48000 1.50000 -189.4624
-195.55000 -35.66000 1.50000 -155.1529
-250.94000 -128.50000 1.50000 -276.0728
19.96000 -49.48000 1.50000 -229.4720
-195.55000 -35.66000 1.50000 -155.1779
-250.94000 -128.50000 1.50000 -276.1313
19.96000 -49.48000 1.50000 -229.4817
-195.55000 -35.66000 1.50000 -153.7037
-250.94000 -128.50000 1.50000 -276.1897
19.96000 -49.48000 1.50000 -229.4914
-195.55000 -35.66000 1.50000 -153.6697
-250.94000 -128.50000 1.50000 -276.2480
19.96000 -49.48000 1.50000 -229.5140
-195.55000 -35.66000 1.50000 -155.2276
-250.94000 -128.50000 1.50000 -276.1871
19.96000 -49.48000 1.50000 -229.5044
-195.55000 -35.66000 1.50000 -155.2028
-250.94000 -128.50000 1.50000 -276.1288
19.96000 -49.48000 1.50000 -189.4948
-195.55000 -35.66000 1.50000 -155.1778
-250.94000 -128.50000 1.50000 -276.0704
19.96000 -49.48000 1.50000 -189.4852
-195.55000 -35.66000 1.50000 -155.1526
-250.94000 -128.50000 1.50000 -272.2539
19.96000 -49.48000 1.50000 -189.4757
-195.55000 -35.66000 1.50000 -155.1274
-250.94000 -128.50000 1.50000 -272.1956
19.96000 -49.48000 1.50000 -189.4663
-195.55000 -35.66000 1.50000 -155.1020
-250.94000 -128.50000 1.50000 -275.8942
19.96000 -49.48000 1.50000 -189.4569
-195.55000 -35.66000 1.50000 -155.0765
-250.94000 -128.50000 1.50000 -275.8351
19.96000 -49.48000 1.50000 -189.4476
-195.55000 -35.66000 1.50000 -155.0508
-250.94000 -128.50000 1.50000 -275.7759
19.96000 -49.48000 1.50000 -189.4383
-195.55000 -35.66000 1.50000 -155.0250
-250.94000 -128.50000 1.50000 -275.7165
19.96000 -49.48000 1.50000 -189.4798
-195.55000 -35.66000 1.50000 -155.0760
-250.94000 -128.50000 1.50000 -275.7743
19.96000 -49.48000 1.50000 -189.4892
-195.55000 -35.66000 1.50000 -155.1016
-250.94000 -128.50000 1.50000 -275.8333
19.96000 -49.48000 1.50000 -189.4986
-195.55000 -35.66000 1.50000 -155.1270
-250.94000 -128.50000 1.50000 -275.8923
19.96000 -49.48000 1.50000 -189.5080
-195.55000 -35.66000 1.50000 -155.1523
-250.94000 -128.50000 1.50000 -275.9510
19.96000 -49.48000 1.50000 -189.5175
-195.55000 -35.66000 1.50000 -155.1775
-250.94000 -128.50000 1.50000 -272.2520
19.96000 -49.48000 1.50000 -229.5271
-195.55000 -35.66000 1.50000 -155.2026
-250.94000 -128.50000 1.50000 -276.0681
19.96000 -49.48000 1.50000 -229.5367
-195.55000 -35.66000 1.50000 -155.2275
-250.94000 -128.50000 1.50000 -276.1263
19.96000 -49.48000 1.50000 -229.5592
-195.55000 -35.66000 1.50000 -153.8519
-250.94000 -128.50000 1.50000 -276.0659
19.96000 -49.48000 1.50000 -229.5497
-195.55000 -35.66000 1.50000 -155.2023
-250.94000 -128.50000 1.50000 -275.7693
19.96000 -49.48000 1.50000 -189.5402
-195.55000 -35.66000 1.50000 -155.1772
-250.94000 -128.50000 1.50000 -275.9491
19.96000 -49.48000 1.50000 -189.5307
-195.55000 -35.66000 1.50000 -155.1520
-250.94000 -128.50000 1.50000 -275.8904
19.96000 -49.48000 1.50000 -189.5213
-195.55000 -35.66000 1.50000 -155.1266
-250.94000 -128.50000 1.50000 -275.8317
19.96000 -49.48000 1.50000 -189.4126
-195.55000 -35.66000 1.50000 -158.1687
-250.94000 -128.50000 1.50000 -271.7766
19.96000 -49.48000 1.50000 -189.4359
-195.55000 -35.66000 1.50000 -198.1289
-250.94000 -128.50000 1.50000 -271.7867
19.96000 -49.48000 1.50000 -189.4446
-195.55000 -35.66000 1.50000 -152.4807
-250.94000 -128.50000 1.50000 -275.5517
19.96000 -49.48000 1.50000 -189.5534
-195.55000 -35.66000 1.50000 -155.1515
-250.94000 -128.50000 1.50000 -275.8301
19.96000 -49.48000 1.50000 -189.5628
-195.55000 -35.66000 1.50000 -155.1768
-250.94000 -128.50000 1.50000 -275.8887
19.96000 -49.48000 1.50000 -189.5722
-195.55000 -35.66000 1.50000 -155.2020
-250.94000 -128.50000 1.50000 -275.9472
19.96000 -49.48000 1.50000 -229.5817
-195.55000 -35.66000 1.50000 -155.2271
-250.94000 -128.50000 1.50000 -272.2486
19.96000 -49.48000 1.50000 -229.5913
-195.55000 -35.66000 1.50000 -155.2520
-250.94000 -128.50000 1.50000 -272.3063
19.96000 -49.48000 1.50000 -229.6137
-195.55000 -35.66000 1.50000 -155.2517
-250.94000 -128.50000 1.50000 -276.0037
19.96000 -49.48000 1.50000 -229.6042
-195.55000 -35.66000 1.50000 -155.2267
-250.94000 -128.50000 1.50000 -275.9455
19.96000 -49.48000 1.50000 -189.5948
-195.55000 -35.66000 1.50000 -155.2016
-250.94000 -128.50000 1.50000 -275.8871
19.96000 -49.48000 1.50000 -189.4853
-195.55000 -35.66000 1.50000 -118.2876
-250.94000 -128.50000 1.50000 -275.5934
19.96000 -49.48000 1.50000 -189.4765
-195.55000 -35.66000 1.50000 -152.5073
-250.94000 -128.50000 1.50000 -275.5771
19.96000 -49.48000 1.50000 -189.4678
-195.55000 -35.66000 1.50000 -197.8241
-250.94000 -128.50000 1.50000 -275.5609
19.96000 -49.48000 1.50000 -189.4591
-195.55000 -35.66000 1.50000 -198.0892
-250.94000 -128.50000 1.50000 -271.7968
19.96000 -49.48000 1.50000 -189.4823
-195.55000 -35.66000 1.50000 -198.0495
-250.94000 -128.50000 1.50000 -235.5538
19.96000 -49.48000 1.50000 -189.4910
-195.55000 -35.66000 1.50000 -192.3812
-250.94000 -128.50000 1.50000 -271.8226
19.96000 -49.48000 1.50000 -189.4996
-195.55000 -35.66000 1.50000 -198.1821
-250.94000 -128.50000 1.50000 -275.5863
19.96000 -49.48000 1.50000 -189.5084
-195.55000 -35.66000 1.50000 -158.2481
-250.94000 -128.50000 1.50000 -275.6025
19.96000 -49.48000 1.50000 -189.5172
-195.55000 -35.66000 1.50000 -117.8543
-250.94000 -128.50000 1.50000 -275.6187
19.96000 -49.48000 1.50000 -189.6266
-195.55000 -35.66000 1.50000 -155.2264
-250.94000 -128.50000 1.50000 -275.8856
19.96000 -49.48000 1.50000 -229.6361
-195.55000 -35.66000 1.50000 -155.2514
-250.94000 -128.50000 1.50000 -275.9438
19.96000 -49.48000 1.50000 -189.5577
-195.55000 -35.66000 1.50000 -112.7112
-250.94000 -128.50000 1.50000 -275.6601
19.96000 -49.48000 1.50000 -189.5489
-195.55000 -35.66000 1.50000 -118.3399
-250.94000 -128.50000 1.50000 -271.8952
19.96000 -49.48000 1.50000 -189.5401
-195.55000 -35.66000 1.50000 -158.2744
-250.94000 -128.50000 1.50000 -271.8796
19.96000 -49.48000 1.50000 -189.5314
-195.55000 -35.66000 1.50000 -198.2086
-250.94000 -128.50000 1.50000 -275.6116
19.96000 -49.48000 1.50000 -189.5227
-195.55000 -35.66000 1.50000 -198.1426
-250.94000 -128.50000 1.50000 -231.8483
19.96000 -49.48000 1.50000 -189.5140
-195.55000 -35.66000 1.50000 -198.0763
-250.94000 -128.50000 1.50000 -235.5792
19.96000 -49.48000 1.50000 -189.5371
-195.55000 -35.66000 1.50000 -197.8931
-250.94000 -128.50000 1.50000 -235.5885
19.96000 -49.48000 1.50000 -189.5457
-195.55000 -35.66000 1.50000 -198.1031
-250.94000 -128.50000 1.50000 -235.6046
19.96000 -49.48000 1.50000 -189.5543
-195.55000 -35.66000 1.50000 -198.1692
-250.94000 -128.50000 1.50000 -235.6208
19.96000 -49.48000 1.50000 -189.5630
-195.55000 -35.66000 1.50000 -198.2350
-250.94000 -128.50000 1.50000 -275.6370
19.96000 -49.48000 1.50000 -189.5717
-195.55000 -35.66000 1.50000 -158.3006
-250.94000 -128.50000 1.50000 -275.6531
19.96000 -49.48000 1.50000 -189.5805
-195.55000 -35.66000 1.50000 -112.6621
-250.94000 -128.50000 1.50000 -275.6692
19.96000 -49.48000 1.50000 -189.5894
-195.55000 -35.66000 1.50000 -118.4310
-250.94000 -128.50000 1.50000 -275.6852
19.96000 -49.48000 1.50000 -189.5983
-195.55000 -35.66000 1.50000 -118.4958
-250.94000 -128.50000 1.50000 -275.7013
19.96000 -49.48000 1.50000 -189.6299
-195.55000 -35.66000 1.50000 -118.5213
-250.94000 -128.50000 1.50000 -275.7263
19.96000 -49.48000 1.50000 -189.6209
-195.55000 -35.66000 1.50000 -112.7630
-250.94000 -128.50000 1.50000 -275.7103
19.96000 -49.48000 1.50000 -189.6121
-195.55000 -35.66000 1.50000 -118.3918
-250.94000 -128.50000 1.50000 -275.6943
19.96000 -49.48000 1.50000 -189.6033
-195.55000 -35.66000 1.50000 -158.3267
-250.94000 -128.50000 1.50000 -271.9306
19.96000 -49.48000 1.50000 -189.5945
-195.55000 -35.66000 1.50000 -198.2614
-250.94000 -128.50000 1.50000 -235.6622
19.96000 -49.48000 1.50000 -189.5858
-195.55000 -35.66000 1.50000 -198.1957
-250.94000 -128.50000 1.50000 -235.6461
19.96000 -49.48000 1.50000 -189.5772
-195.55000 -35.66000 1.50000 -198.1299
-250.94000 -128.50000 1.50000 -235.6300
19.96000 -49.48000 1.50000 -189.5686
-195.55000 -35.66000 1.50000 -198.0637
-250.94000 -128.50000 1.50000 -235.6138
19.96000 -49.48000 1.50000 -189.5600
-195.55000 -35.66000 1.50000 -197.9973
-250.94000 -128.50000 1.50000 -235.5977
19.96000 -49.48000 1.50000 -189.5830
-195.55000 -35.66000 1.50000 -197.9579
-250.94000 -128.50000 1.50000 -235.6069
19.96000 -49.48000 1.50000 -189.5915
-195.55000 -35.66000 1.50000 -192.2597
-250.94000 -128.50000 1.50000 -235.6230
19.96000 -49.48000 1.50000 -189.6000
-195.55000 -35.66000 1.50000 -198.0906
-250.94000 -128.50000 1.50000 -235.6391
19.96000 -49.48000 1.50000 -189.6086
-195.55000 -35.66000 1.50000 -198.1565
-250.94000 -128.50000 1.50000 -235.6552
19.96000 -49.48000 1.50000 -189.6173
-195.55000 -35.66000 1.50000 -198.2222
-250.94000 -128.50000 1.50000 -235.6713
19.96000 -49.48000 1.50000 -189.6260
-195.55000 -35.66000 1.50000 -198.2876
-250.94000 -128.50000 1.50000 -235.6873
19.96000 -49.48000 1.50000 -189.6347
-195.55000 -35.66000 1.50000 -157.9523
-250.94000 -128.50000 1.50000 -235.7034
19.96000 -49.48000 1.50000 -189.6436
-195.55000 -35.66000 1.50000 -112.7142
-250.94000 -128.50000 1.50000 -275.7194
19.96000 -49.48000 1.50000 -189.6524
-195.55000 -35.66000 1.50000 -118.4824
-250.94000 -128.50000 1.50000 -275.7354
19.96000 -49.48000 1.50000 -189.6613
-195.55000 -35.66000 1.50000 -118.5468
-250.94000 -128.50000 1.50000 -275.7513
19.96000 -49.48000 1.50000 -189.6703
-195.55000 -35.66000 1.50000 -118.6110
-250.94000 -128.50000 1.50000 -272.0177
19.96000 -49.48000 1.50000 -189.7017
-195.55000 -35.66000 1.50000 -112.9623
-250.94000 -128.50000 1.50000 -275.7921
19.96000 -49.48000 1.50000 -189.6927
-195.55000 -35.66000 1.50000 -118.5722
-250.94000 -128.50000 1.50000 -272.0275
19.96000 -49.48000 1.50000 -189.6838
-195.55000 -35.66000 1.50000 -112.8145
-250.94000 -128.50000 1.50000 -275.7603
19.96000 -49.48000 1.50000 -189.6749
-195.55000 -35.66000 1.50000 -112.7401
-250.94000 -128.50000 1.50000 -275.7443
19.96000 -49.48000 1.50000 -189.6661
-195.55000 -35.66000 1.50000 -158.3788
-250.94000 -128.50000 1.50000 -235.7284
19.96000 -49.48000 1.50000 -189.6573
-195.55000 -35.66000 1.50000 -192.5903
-250.94000 -128.50000 1.50000 -235.7124
19.96000 -49.48000 1.50000 -189.6486
-195.55000 -35.66000 1.50000 -198.2485
-250.94000 -128.50000 1.50000 -235.6964
19.96000 -49.48000 1.50000 -189.6400
-195.55000 -35.66000 1.50000 -197.9704
-250.94000 -128.50000 1.50000 -235.6804
19.96000 -49.48000 1.50000 -189.6314
-195.55000 -35.66000 1.50000 -192.2142
-250.94000 -128.50000 1.50000 -235.6644
19.96000 -49.48000 1.50000 -189.6228
-195.55000 -35.66000 1.50000 -192.2869
-250.94000 -128.50000 1.50000 -235.6483
19.96000 -49.48000 1.50000 -189.6143
-195.55000 -35.66000 1.50000 -192.2102
-250.94000 -128.50000 1.50000 -235.6323
19.96000 -49.48000 1.50000 -189.6371
-195.55000 -35.66000 1.50000 -197.9872
-250.94000 -128.50000 1.50000 -235.6415
19.96000 -49.48000 1.50000 -189.6455
-195.55000 -35.66000 1.50000 -197.9890
-250.94000 -128.50000 1.50000 -235.6575
19.96000 -49.48000 1.50000 -189.6541
-195.55000 -35.66000 1.50000 -197.9910
-250.94000 -128.50000 1.50000 -231.9297
19.96000 -49.48000 1.50000 -189.6626
-195.55000 -35.66000 1.50000 -198.1440
-250.94000 -128.50000 1.50000 -235.6895
19.96000 -49.48000 1.50000 -189.6712
-195.55000 -35.66000 1.50000 -198.2095
-250.94000 -128.50000 1.50000 -235.7055
19.96000 -49.48000 1.50000 -189.6799
-195.55000 -35.66000 1.50000 -198.2748
-250.94000 -128.50000 1.50000 -235.7215
19.96000 -49.48000 1.50000 -189.6886
-195.55000 -35.66000 1.50000 -192.6166
-250.94000 -128.50000 1.50000 -235.7374
19.96000 -49.48000 1.50000 -189.6974
-195.55000 -35.66000 1.50000 -152.6914
-250.94000 -128.50000 1.50000 -235.7534
19.96000 -49.48000 1.50000 -189.7062
-195.55000 -35.66000 1.50000 -118.0046
-250.94000 -128.50000 1.50000 -235.7693
19.96000 -49.48000 1.50000 -189.7151
-195.55000 -35.66000 1.50000 -118.5335
-250.94000 -128.50000 1.50000 -275.7851
19.96000 -49.48000 1.50000 -189.7240
-195.55000 -35.66000 1.50000 -118.5976
-250.94000 -128.50000 1.50000 -275.8010
19.96000 -49.48000 1.50000 -189.7330
-195.55000 -35.66000 1.50000 -118.6614
-250.94000 -128.50000 1.50000 -275.8168
19.96000 -49.48000 1.50000 -189.7420
-195.55000 -35.66000 1.50000 -118.7250
-250.94000 -128.50000 1.50000 -275.8326
19.96000 -49.48000 1.50000 -189.7823
-195.55000 -35.66000 1.50000 -155.2220
-250.94000 -128.50000 1.50000 -275.8730
19.96000 -49.48000 1.50000 -189.7732
-195.55000 -35.66000 1.50000 -118.7499
-250.94000 -128.50000 1.50000 -272.1082
19.96000 -49.48000 1.50000 -189.7642
-195.55000 -35.66000 1.50000 -118.6865
-250.94000 -128.50000 1.50000 -275.8415
19.96000 -49.48000 1.50000 -189.7552
-195.55000 -35.66000 1.50000 -118.6228
-250.94000 -128.50000 1.50000 -272.0777
19.96000 -49.48000 1.50000 -189.7463
-195.55000 -35.66000 1.50000 -118.5590
-250.94000 -128.50000 1.50000 -275.8099
19.96000 -49.48000 1.50000 -189.7374
-195.55000 -35.66000 1.50000 -118.4948
-250.94000 -128.50000 1.50000 -235.7941
19.96000 -49.48000 1.50000 -189.7286
-195.55000 -35.66000 1.50000 -158.4305
-250.94000 -128.50000 1.50000 -235.7783
19.96000 -49.48000 1.50000 -189.7198
-195.55000 -35.66000 1.50000 -198.3659
-250.94000 -128.50000 1.50000 -232.0165
19.96000 -49.48000 1.50000 -189.7111
-195.55000 -35.66000 1.50000 -192.5679
-250.94000 -128.50000 1.50000 -235.7465
19.96000 -49.48000 1.50000 -189.7024
-195.55000 -35.66000 1.50000 -198.2359
-250.94000 -128.50000 1.50000 -235.7306
19.96000 -49.48000 1.50000 -189.6938
-195.55000 -35.66000 1.50000 -198.1706
-250.94000 -128.50000 1.50000 -231.9705
19.96000 -49.48000 1.50000 -189.6852
-195.55000 -35.66000 1.50000 -198.1050
-250.94000 -128.50000 1.50000 -235.6987
19.96000 -49.48000 1.50000 -189.6767
-195.55000 -35.66000 1.50000 -198.0391
-250.94000 -128.50000 1.50000 -235.6827
19.96000 -49.48000 1.50000 -189.6682
-195.55000 -35.66000 1.50000 -198.0120
-250.94000 -128.50000 1.50000 -235.6667
19.96000 -49.48000 1.50000 -189.6598
-195.55000 -35.66000 1.50000 -198.0101
-250.94000 -128.50000 1.50000 -235.6507
19.96000 -49.48000 1.50000 -189.6825
-195.55000 -35.66000 1.50000 -198.0332
-250.94000 -128.50000 1.50000 -235.6600
19.96000 -49.48000 1.50000 -189.6909
-195.55000 -35.66000 1.50000 -192.2402
-250.94000 -128.50000 1.50000 -235.6759
19.96000 -49.48000 1.50000 -189.6993
-195.55000 -35.66000 1.50000 -192.2525
-250.94000 -128.50000 1.50000 -235.6919
19.96000 -49.48000 1.50000 -189.7077
-195.55000 -35.66000 1.50000 -198.0660
-250.94000 -128.50000 1.50000 -235.7079
19.96000 -49.48000 1.50000 -189.7163
-195.55000 -35.66000 1.50000 -192.3682
-250.94000 -128.50000 1.50000 -235.7238
19.96000 -49.48000 1.50000 -189.7249
-195.55000 -35.66000 1.50000 -198.1971
-250.94000 -128.50000 1.50000 -235.7397
19.96000 -49.48000 1.50000 -189.7335
-195.55000 -35.66000 1.50000 -192.5192
-250.94000 -128.50000 1.50000 -235.7556
19.96000 -49.48000 1.50000 -189.7422
-195.55000 -35.66000 1.50000 -192.5943
-250.94000 -128.50000 1.50000 -235.7714
19.96000 -49.48000 1.50000 -189.7509
-195.55000 -35.66000 1.50000 -192.6689
-250.94000 -128.50000 1.50000 -235.7873
19.96000 -49.48000 1.50000 -189.7597
-195.55000 -35.66000 1.50000 -158.0517
-250.94000 -128.50000 1.50000 -235.8031
19.96000 -49.48000 1.50000 -189.7685
-195.55000 -35.66000 1.50000 -118.5204
-250.94000 -128.50000 1.50000 -235.8189
19.96000 -49.48000 1.50000 -189.7774
-195.55000 -35.66000 1.50000 -118.5843
-250.94000 -128.50000 1.50000 -235.8347
19.96000 -49.48000 1.50000 -189.7995
-195.55000 -35.66000 1.50000 -118.0788
-250.94000 -128.50000 1.50000 -232.0972
19.96000 -49.48000 1.50000 -189.7907
-195.55000 -35.66000 1.50000 -158.4819
-250.94000 -128.50000 1.50000 -235.8279
19.96000 -49.48000 1.50000 -189.7819
-195.55000 -35.66000 1.50000 -198.4177
-250.94000 -128.50000 1.50000 -235.8121
19.96000 -49.48000 1.50000 -189.7732
-195.55000 -35.66000 1.50000 -192.6205
-250.94000 -128.50000 1.50000 -235.7963
19.96000 -49.48000 1.50000 -189.7645
-195.55000 -35.66000 1.50000 -198.2885
-250.94000 -128.50000 1.50000 -232.0364
19.96000 -49.48000 1.50000 -189.7558
-195.55000 -35.66000 1.50000 -198.2235
-250.94000 -128.50000 1.50000 -235.7646
19.96000 -49.48000 1.50000 -189.7473
-195.55000 -35.66000 1.50000 -198.1583
-250.94000 -128.50000 1.50000 -235.7488
19.96000 -49.48000 1.50000 -189.7387
-195.55000 -35.66000 1.50000 -198.0928
-250.94000 -128.50000 1.50000 -235.7329
19.96000 -49.48000 1.50000 -189.7302
-195.55000 -35.66000 1.50000 -198.0614
-250.94000 -128.50000 1.50000 -235.7170
19.96000 -49.48000 1.50000 -189.7218
-195.55000 -35.66000 1.50000 -198.0596
-250.94000 -128.50000 1.50000 -235.7011
19.96000 -49.48000 1.50000 -189.7134
-195.55000 -35.66000 1.50000 -198.0579
-250.94000 -128.50000 1.50000 -235.6852
19.96000 -49.48000 1.50000 -189.7051
-195.55000 -35.66000 1.50000 -198.0562
-250.94000 -128.50000 1.50000 -195.6311
19.96000 -49.48000 1.50000 -189.7277
-195.55000 -35.66000 1.50000 -198.0793
-250.94000 -128.50000 1.50000 -195.6456
19.96000 -49.48000 1.50000 -189.7360
-195.55000 -35.66000 1.50000 -198.0808
-250.94000 -128.50000 1.50000 -191.9548
19.96000 -49.48000 1.50000 -189.7443
-195.55000 -35.66000 1.50000 -198.0825
-250.94000 -128.50000 1.50000 -195.6935
19.96000 -49.48000 1.50000 -189.7527
-195.55000 -35.66000 1.50000 -198.0842
-250.94000 -128.50000 1.50000 -235.7262
19.96000 -49.48000 1.50000 -189.7611
-195.55000 -35.66000 1.50000 -198.0860
-250.94000 -128.50000 1.50000 -235.7421
19.96000 -49.48000 1.50000 -189.7696
-195.55000 -35.66000 1.50000 -198.1195
-250.94000 -128.50000 1.50000 -235.7579
19.96000 -49.48000 1.50000 -189.7782
-195.55000 -35.66000 1.50000 -192.4220
-250.94000 -128.50000 1.50000 -235.7737
19.96000 -49.48000 1.50000 -189.7867
-195.55000 -35.66000 1.50000 -192.4972
-250.94000 -128.50000 1.50000 -235.7895
19.96000 -49.48000 1.50000 -189.7954
-195.55000 -35.66000 1.50000 -198.3146
-250.94000 -128.50000 1.50000 -235.8053