19.96000 -49.48000 1.50000 -123.5668
-195.55000 -35.66000 1.50000 -129.2542
-250.94000 -128.50000 1.50000 -169.7062
19.96000 -49.48000 1.50000 -123.5896
-195.55000 -35.66000 1.50000 -129.2759
-250.94000 -128.50000 1.50000 -169.7293
19.96000 -49.48000 1.50000 -123.6126
-195.55000 -35.66000 1.50000 -129.2976
-250.94000 -128.50000 1.50000 -169.7525
19.96000 -49.48000 1.50000 -123.6358
-195.55000 -35.66000 1.50000 -129.3192
-250.94000 -128.50000 1.50000 -169.7755
19.96000 -49.48000 1.50000 -123.6591
-195.55000 -35.66000 1.50000 -129.3409
-250.94000 -128.50000 1.50000 -169.7985
19.96000 -49.48000 1.50000 -123.6825
-195.55000 -35.66000 1.50000 -129.3624
-250.94000 -128.50000 1.50000 -169.8215
19.96000 -49.48000 1.50000 -123.7061
-195.55000 -35.66000 1.50000 -129.3840
-250.94000 -128.50000 1.50000 -169.8444
19.96000 -49.48000 1.50000 -123.7298
-195.55000 -35.66000 1.50000 -129.4055
-250.94000 -128.50000 1.50000 -169.8672
19.96000 -49.48000 1.50000 -83.7536
-195.55000 -35.66000 1.50000 -129.4270
-250.94000 -128.50000 1.50000 -169.8900
19.96000 -49.48000 1.50000 -83.7776
-195.55000 -35.66000 1.50000 -129.4484
-250.94000 -128.50000 1.50000 -169.9127
19.96000 -49.48000 1.50000 -83.8016
-195.55000 -35.66000 1.50000 -129.4698
-250.94000 -128.50000 1.50000 -169.9353
19.96000 -49.48000 1.50000 -83.8258
-195.55000 -35.66000 1.50000 -129.4911
-250.94000 -128.50000 1.50000 -169.9580
19.96000 -49.48000 1.50000 -83.8501
-195.55000 -35.66000 1.50000 -169.5125
-250.94000 -128.50000 1.50000 -169.9805
19.96000 -49.48000 1.50000 -83.8746
-195.55000 -35.66000 1.50000 -169.5338
-250.94000 -128.50000 1.50000 -170.0030
19.96000 -49.48000 1.50000 -83.8991
-195.55000 -35.66000 1.50000 -169.5550
-250.94000 -128.50000 1.50000 -170.0254
19.96000 -49.48000 1.50000 -83.9237
-195.55000 -35.66000 1.50000 -169.5762
-250.94000 -128.50000 1.50000 -170.0478
19.96000 -49.48000 1.50000 -83.9485
-195.55000 -35.66000 1.50000 -169.5974
-250.94000 -128.50000 1.50000 -170.0701
19.96000 -49.48000 1.50000 -83.9733
-195.55000 -35.66000 1.50000 -169.6186
-250.94000 -128.50000 1.50000 -170.0924
19.96000 -49.48000 1.50000 -83.9983
-195.55000 -35.66000 1.50000 -169.6397
-250.94000 -128.50000 1.50000 -170.1146
19.96000 -49.48000 1.50000 -84.0234
-195.55000 -35.66000 1.50000 -169.6608
-250.94000 -128.50000 1.50000 -170.1368
19.96000 -49.48000 1.50000 -124.0485
-195.55000 -35.66000 1.50000 -169.6818
-250.94000 -128.50000 1.50000 -170.1589
19.96000 -49.48000 1.50000 -124.0738
-195.55000 -35.66000 1.50000 -169.7028
-250.94000 -128.50000 1.50000 -170.1810
19.96000 -49.48000 1.50000 -124.0991
-195.55000 -35.66000 1.50000 -169.7238
-250.94000 -128.50000 1.50000 -170.2030
19.96000 -49.48000 1.50000 -124.1245
-195.55000 -35.66000 1.50000 -169.7447
-250.94000 -128.50000 1.50000 -170.2249
19.96000 -49.48000 1.50000 -124.1500
-195.55000 -35.66000 1.50000 -169.7656
-250.94000 -128.50000 1.50000 -170.2468
19.96000 -49.48000 1.50000 -124.1756
-195.55000 -35.66000 1.50000 -209.7864
-250.94000 -128.50000 1.50000 -210.2687
19.96000 -49.48000 1.50000 -124.2013
-195.55000 -35.66000 1.50000 -209.8073
-250.94000 -128.50000 1.50000 -210.2905
19.96000 -49.48000 1.50000 -124.2271
-195.55000 -35.66000 1.50000 -209.8280
-250.94000 -128.50000 1.50000 -210.3122
19.96000 -49.48000 1.50000 -124.2529
-195.55000 -35.66000 1.50000 -209.8488
-250.94000 -128.50000 1.50000 -210.3339
19.96000 -49.48000 1.50000 -124.2788
-195.55000 -35.66000 1.50000 -209.8695
-250.94000 -128.50000 1.50000 -210.3555
19.96000 -49.48000 1.50000 -124.3048
-195.55000 -35.66000 1.50000 -209.8902
-250.94000 -128.50000 1.50000 -210.3771
19.96000 -49.48000 1.50000 -124.3308
-195.55000 -35.66000 1.50000 -209.9108
-250.94000 -128.50000 1.50000 -210.3987
19.96000 -49.48000 1.50000 -124.3569
-195.55000 -35.66000 1.50000 -209.9314
-250.94000 -128.50000 1.50000 -210.4202
19.96000 -49.48000 1.50000 -124.3831
-195.55000 -35.66000 1.50000 -169.9520
-250.94000 -128.50000 1.50000 -210.4416
19.96000 -49.48000 1.50000 -124.4094
-195.55000 -35.66000 1.50000 -169.9725
-250.94000 -128.50000 1.50000 -210.4630
19.96000 -49.48000 1.50000 -124.4357
-195.55000 -35.66000 1.50000 -169.9930
-250.94000 -128.50000 1.50000 -210.4843
19.96000 -49.48000 1.50000 -124.4621
-195.55000 -35.66000 1.50000 -170.0135
-250.94000 -128.50000 1.50000 -210.5056
19.96000 -49.48000 1.50000 -124.4885
-195.55000 -35.66000 1.50000 -170.0339
-250.94000 -128.50000 1.50000 -210.5268
19.96000 -49.48000 1.50000 -124.5150
-195.55000 -35.66000 1.50000 -170.0543
-250.94000 -128.50000 1.50000 -250.5480
19.96000 -49.48000 1.50000 -124.5415
-195.55000 -35.66000 1.50000 -210.0746
-250.94000 -128.50000 1.50000 -250.5692
19.96000 -49.48000 1.50000 -124.5681
-195.55000 -35.66000 1.50000 -210.0950
-250.94000 -128.50000 1.50000 -250.5902
19.96000 -49.48000 1.50000 -124.5947
-195.55000 -35.66000 1.50000 -210.1152
-250.94000 -128.50000 1.50000 -250.6113
19.96000 -49.48000 1.50000 -124.6214
-195.55000 -35.66000 1.50000 -210.1355
-250.94000 -128.50000 1.50000 -250.6323
19.96000 -49.48000 1.50000 -124.6482
-195.55000 -35.66000 1.50000 -210.1557
-250.94000 -128.50000 1.50000 -250.6532
19.96000 -49.48000 1.50000 -124.6749
-195.55000 -35.66000 1.50000 -210.1759
-250.94000 -128.50000 1.50000 -250.6741
19.96000 -49.48000 1.50000 -124.7018
-195.55000 -35.66000 1.50000 -210.1960
-250.94000 -128.50000 1.50000 -250.6949
19.96000 -49.48000 1.50000 -124.7286
-195.55000 -35.66000 1.50000 -210.2162
-250.94000 -128.50000 1.50000 -250.7157
19.96000 -49.48000 1.50000 -124.7555
-195.55000 -35.66000 1.50000 -210.2362
-250.94000 -128.50000 1.50000 -250.7365
19.96000 -49.48000 1.50000 -124.7824
-195.55000 -35.66000 1.50000 -210.2563
-250.94000 -128.50000 1.50000 -250.7572
19.96000 -49.48000 1.50000 -144.8094
-195.55000 -35.66000 1.50000 -210.2763
-250.94000 -128.50000 1.50000 -250.7778
19.96000 -49.48000 1.50000 -124.8411
-195.55000 -35.66000 1.50000 -210.2861
-250.94000 -128.50000 1.50000 -250.7818
19.96000 -49.48000 1.50000 -124.8143
-195.55000 -35.66000 1.50000 -210.2661
-250.94000 -128.50000 1.50000 -250.7612
19.96000 -49.48000 1.50000 -124.7876
-195.55000 -35.66000 1.50000 -210.2461
-250.94000 -128.50000 1.50000 -250.7405
19.96000 -49.48000 1.50000 -124.7609
-195.55000 -35.66000 1.50000 -210.2261
-250.94000 -128.50000 1.50000 -250.7198
19.96000 -49.48000 1.50000 -124.7342
-195.55000 -35.66000 1.50000 -210.2060
-250.94000 -128.50000 1.50000 -250.6990
19.96000 -49.48000 1.50000 -124.7076
-195.55000 -35.66000 1.50000 -210.1859
-250.94000 -128.50000 1.50000 -250.6782
19.96000 -49.48000 1.50000 -124.6811
-195.55000 -35.66000 1.50000 -210.1658
-250.94000 -128.50000 1.50000 -250.6573
19.96000 -49.48000 1.50000 -124.6545
-195.55000 -35.66000 1.50000 -210.1456
-250.94000 -128.50000 1.50000 -210.6364
19.96000 -49.48000 1.50000 -124.6280
-195.55000 -35.66000 1.50000 -210.1254
-250.94000 -128.50000 1.50000 -210.6154
19.96000 -49.48000 1.50000 -124.6016
-195.55000 -35.66000 1.50000 -170.1052
-250.94000 -128.50000 1.50000 -210.5944
19.96000 -49.48000 1.50000 -124.5752
-195.55000 -35.66000 1.50000 -170.0849
-250.94000 -128.50000 1.50000 -210.5734
19.96000 -49.48000 1.50000 -124.5489
-195.55000 -35.66000 1.50000 -170.0646
-250.94000 -128.50000 1.50000 -210.5522
19.96000 -49.48000 1.50000 -124.5226
-195.55000 -35.66000 1.50000 -170.0443
-250.94000 -128.50000 1.50000 -210.5311
19.96000 -49.48000 1.50000 -124.4964
-195.55000 -35.66000 1.50000 -170.0239
-250.94000 -128.50000 1.50000 -210.5099
19.96000 -49.48000 1.50000 -124.4702
-195.55000 -35.66000 1.50000 -170.0035
-250.94000 -128.50000 1.50000 -210.4886
19.96000 -49.48000 1.50000 -124.4441
-195.55000 -35.66000 1.50000 -209.9830
-250.94000 -128.50000 1.50000 -210.4673
19.96000 -49.48000 1.50000 -124.4181
-195.55000 -35.66000 1.50000 -209.9626
-250.94000 -128.50000 1.50000 -210.4459
19.96000 -49.48000 1.50000 -124.3921
-195.55000 -35.66000 1.50000 -209.9420
-250.94000 -128.50000 1.50000 -210.4245
19.96000 -49.48000 1.50000 -124.3662
-195.55000 -35.66000 1.50000 -209.9215
-250.94000 -128.50000 1.50000 -210.4031
19.96000 -49.48000 1.50000 -124.3404
-195.55000 -35.66000 1.50000 -209.9009
-250.94000 -128.50000 1.50000 -210.3815
19.96000 -49.48000 1.50000 -124.3146
-195.55000 -35.66000 1.50000 -209.8803
-250.94000 -128.50000 1.50000 -210.3600
19.96000 -49.48000 1.50000 -124.2889
-195.55000 -35.66000 1.50000 -209.8596
-250.94000 -128.50000 1.50000 -210.3384
19.96000 -49.48000 1.50000 -124.2633
-195.55000 -35.66000 1.50000 -209.8389
-250.94000 -128.50000 1.50000 -210.3167
19.96000 -49.48000 1.50000 -124.2377
-195.55000 -35.66000 1.50000 -169.8182
-250.94000 -128.50000 1.50000 -170.2950
19.96000 -49.48000 1.50000 -124.2123
-195.55000 -35.66000 1.50000 -169.7974
-250.94000 -128.50000 1.50000 -170.2732
19.96000 -49.48000 1.50000 -124.1869
-195.55000 -35.66000 1.50000 -169.7766
-250.94000 -128.50000 1.50000 -170.2514
19.96000 -49.48000 1.50000 -124.1616
-195.55000 -35.66000 1.50000 -169.7558
-250.94000 -128.50000 1.50000 -170.2295
19.96000 -49.48000 1.50000 -124.1364
-195.55000 -35.66000 1.50000 -169.7349
-250.94000 -128.50000 1.50000 -170.2076
19.96000 -49.48000 1.50000 -124.1113
-195.55000 -35.66000 1.50000 -169.7140
-250.94000 -128.50000 1.50000 -170.1856
19.96000 -49.48000 1.50000 -124.0863
-195.55000 -35.66000 1.50000 -169.6930
-250.94000 -128.50000 1.50000 -170.1636
19.96000 -49.48000 1.50000 -84.0613
-195.55000 -35.66000 1.50000 -169.6721
-250.94000 -128.50000 1.50000 -170.1415
19.96000 -49.48000 1.50000 -84.0365
-195.55000 -35.66000 1.50000 -169.6510
-250.94000 -128.50000 1.50000 -170.1193
19.96000 -49.48000 1.50000 -84.0117
-195.55000 -35.66000 1.50000 -169.6300
-250.94000 -128.50000 1.50000 -170.0971
19.96000 -49.48000 1.50000 -83.9871
-195.55000 -35.66000 1.50000 -169.6089
-250.94000 -128.50000 1.50000 -170.0749
19.96000 -49.48000 1.50000 -83.9626
-195.55000 -35.66000 1.50000 -169.5878
-250.94000 -128.50000 1.50000 -170.0526
19.96000 -49.48000 1.50000 -83.9382
-195.55000 -35.66000 1.50000 -169.5666
-250.94000 -128.50000 1.50000 -170.0302
19.96000 -49.48000 1.50000 -83.9138
-195.55000 -35.66000 1.50000 -169.5454
-250.94000 -128.50000 1.50000 -170.0078
19.96000 -49.48000 1.50000 -83.8896
-195.55000 -35.66000 1.50000 -169.5242
-250.94000 -128.50000 1.50000 -169.9853
19.96000 -49.48000 1.50000 -83.8655
-195.55000 -35.66000 1.50000 -129.5029
-250.94000 -128.50000 1.50000 -169.9628
19.96000 -49.48000 1.50000 -83.8416
-195.55000 -35.66000 1.50000 -129.4816
-250.94000 -128.50000 1.50000 -169.9402
19.96000 -49.48000 1.50000 -83.8177
-195.55000 -35.66000 1.50000 -129.4603
-250.94000 -128.50000 1.50000 -169.9176
19.96000 -49.48000 1.50000 -83.7940
-195.55000 -35.66000 1.50000 -129.4389
-250.94000 -128.50000 1.50000 -169.8949
19.96000 -49.48000 1.50000 -123.7704
-195.55000 -35.66000 1.50000 -129.4175
-250.94000 -128.50000 1.50000 -169.8722
19.96000 -49.48000 1.50000 -123.7469
-195.55000 -35.66000 1.50000 -129.3960
-250.94000 -128.50000 1.50000 -169.8493
19.96000 -49.48000 1.50000 -123.7236
-195.55000 -35.66000 1.50000 -129.3745
-250.94000 -128.50000 1.50000 -169.8265
19.96000 -49.48000 1.50000 -123.7004
-195.55000 -35.66000 1.50000 -129.3530
-250.94000 -128.50000 1.50000 -169.8036
19.96000 -49.48000 1.50000 -123.6773
-195.55000 -35.66000 1.50000 -129.3315
-250.94000 -128.50000 1.50000 -169.7806
19.96000 -49.48000 1.50000 -123.6543
-195.55000 -35.66000 1.50000 -129.3099
-250.94000 -128.50000 1.50000 -169.7576
19.96000 -49.48000 1.50000 -123.6316
-195.55000 -35.66000 1.50000 -129.2882
-250.94000 -128.50000 1.50000 -169.7345
19.96000 -49.48000 1.50000 -123.6733
-195.55000 -35.66000 1.50000 -129.3006
-250.94000 -128.50000 1.50000 -169.7396
19.96000 -49.48000 1.50000 -123.6959
-195.55000 -35.66000 1.50000 -129.3222
-250.94000 -128.50000 1.50000 -169.7627
19.96000 -49.48000 1.50000 -123.7186
-195.55000 -35.66000 1.50000 -129.3437
-250.94000 -128.50000 1.50000 -169.7857
19.96000 -49.48000 1.50000 -123.7415
-195.55000 -35.66000 1.50000 -129.3652
-250.94000 -128.50000 1.50000 -169.8087
19.96000 -49.48000 1.50000 -123.7645
-195.55000 -35.66000 1.50000 -129.3867
-250.94000 -128.50000 1.50000 -169.8316
19.96000 -49.48000 1.50000 -123.7876
-195.55000 -35.66000 1.50000 -129.4081
-250.94000 -128.50000 1.50000 -169.8544
19.96000 -49.48000 1.50000 -123.8109
-195.55000 -35.66000 1.50000 -129.4295
-250.94000 -128.50000 1.50000 -169.8772
19.96000 -49.48000 1.50000 -123.8343
-195.55000 -35.66000 1.50000 -129.4509
-250.94000 -128.50000 1.50000 -169.8999
19.96000 -49.48000 1.50000 -83.8578
-195.55000 -35.66000 1.50000 -129.4722
-250.94000 -128.50000 1.50000 -169.9226
19.96000 -49.48000 1.50000 -83.8814
-195.55000 -35.66000 1.50000 -129.4935
-250.94000 -128.50000 1.50000 -169.9452
19.96000 -49.48000 1.50000 -83.9052
-195.55000 -35.66000 1.50000 -129.5147
-250.94000 -128.50000 1.50000 -169.9677
19.96000 -49.48000 1.50000 -83.9290
-195.55000 -35.66000 1.50000 -169.5359
-250.94000 -128.50000 1.50000 -169.9902
19.96000 -49.48000 1.50000 -83.9530
-195.55000 -35.66000 1.50000 -169.5571
-250.94000 -128.50000 1.50000 -170.0127
19.96000 -49.48000 1.50000 -83.9771
-195.55000 -35.66000 1.50000 -169.5782
-250.94000 -128.50000 1.50000 -170.0351
19.96000 -49.48000 1.50000 -84.0013
-195.55000 -35.66000 1.50000 -169.5993
-250.94000 -128.50000 1.50000 -170.0574
19.96000 -49.48000 1.50000 -84.0256
-195.55000 -35.66000 1.50000 -169.6204
-250.94000 -128.50000 1.50000 -170.0797
19.96000 -49.48000 1.50000 -84.0500
-195.55000 -35.66000 1.50000 -169.6414
-250.94000 -128.50000 1.50000 -170.1019
19.96000 -49.48000 1.50000 -84.0746
-195.55000 -35.66000 1.50000 -169.6624
-250.94000 -128.50000 1.50000 -170.1241
19.96000 -49.48000 1.50000 -84.0992
-195.55000 -35.66000 1.50000 -169.6834
-250.94000 -128.50000 1.50000 -170.1462
19.96000 -49.48000 1.50000 -124.1239
-195.55000 -35.66000 1.50000 -169.7043
-250.94000 -128.50000 1.50000 -170.1682
19.96000 -49.48000 1.50000 -124.1487
-195.55000 -35.66000 1.50000 -169.7252
-250.94000 -128.50000 1.50000 -170.1903
19.96000 -49.48000 1.50000 -124.1736
-195.55000 -35.66000 1.50000 -169.7461
-250.94000 -128.50000 1.50000 -170.2122
19.96000 -49.48000 1.50000 -124.1986
-195.55000 -35.66000 1.50000 -169.7669
-250.94000 -128.50000 1.50000 -170.2341
19.96000 -49.48000 1.50000 -124.2237
-195.55000 -35.66000 1.50000 -169.7877
-250.94000 -128.50000 1.50000 -170.2560
19.96000 -49.48000 1.50000 -124.2489
-195.55000 -35.66000 1.50000 -169.8084
-250.94000 -128.50000 1.50000 -170.2778
19.96000 -49.48000 1.50000 -124.2741
-195.55000 -35.66000 1.50000 -169.8291
-250.94000 -128.50000 1.50000 -170.2995
19.96000 -49.48000 1.50000 -124.2994
-195.55000 -35.66000 1.50000 -169.8498
-250.94000 -128.50000 1.50000 -170.3212
19.96000 -49.48000 1.50000 -124.3248
-195.55000 -35.66000 1.50000 -169.8705
-250.94000 -128.50000 1.50000 -170.3429
19.96000 -49.48000 1.50000 -124.3503
-195.55000 -35.66000 1.50000 -209.8911
-250.94000 -128.50000 1.50000 -170.3645
19.96000 -49.48000 1.50000 -124.3759
-195.55000 -35.66000 1.50000 -209.9117
-250.94000 -128.50000 1.50000 -170.3860
19.96000 -49.48000 1.50000 -124.4015
-195.55000 -35.66000 1.50000 -209.9322
-250.94000 -128.50000 1.50000 -210.4075
19.96000 -49.48000 1.50000 -124.4272
-195.55000 -35.66000 1.50000 -209.9527
-250.94000 -128.50000 1.50000 -210.4289
19.96000 -49.48000 1.50000 -124.4530
-195.55000 -35.66000 1.50000 -209.9732
-250.94000 -128.50000 1.50000 -210.4503
19.96000 -49.48000 1.50000 -124.4788
-195.55000 -35.66000 1.50000 -209.9936
-250.94000 -128.50000 1.50000 -210.4717
19.96000 -49.48000 1.50000 -124.5047
-195.55000 -35.66000 1.50000 -210.0140
-250.94000 -128.50000 1.50000 -210.4930
19.96000 -49.48000 1.50000 -124.5307
-195.55000 -35.66000 1.50000 -210.0344
-250.94000 -128.50000 1.50000 -210.5142
19.96000 -49.48000 1.50000 -124.5567
-195.55000 -35.66000 1.50000 -170.0547
-250.94000 -128.50000 1.50000 -210.5354
19.96000 -49.48000 1.50000 -124.5827
-195.55000 -35.66000 1.50000 -170.0750
-250.94000 -128.50000 1.50000 -210.5565
19.96000 -49.48000 1.50000 -124.6089
-195.55000 -35.66000 1.50000 -170.0952
-250.94000 -128.50000 1.50000 -210.5776
19.96000 -49.48000 1.50000 -124.6351
-195.55000 -35.66000 1.50000 -170.1155
-250.94000 -128.50000 1.50000 -210.5987
19.96000 -49.48000 1.50000 -124.6613
-195.55000 -35.66000 1.50000 -170.1357
-250.94000 -128.50000 1.50000 -210.6197
19.96000 -49.48000 1.50000 -124.6876
-195.55000 -35.66000 1.50000 -170.1558
-250.94000 -128.50000 1.50000 -210.6406
19.96000 -49.48000 1.50000 -124.7139
-195.55000 -35.66000 1.50000 -210.1759
-250.94000 -128.50000 1.50000 -210.6615
19.96000 -49.48000 1.50000 -124.7403
-195.55000 -35.66000 1.50000 -210.1960
-250.94000 -128.50000 1.50000 -210.6824
19.96000 -49.48000 1.50000 -124.7667
-195.55000 -35.66000 1.50000 -210.2161
-250.94000 -128.50000 1.50000 -210.7032
19.96000 -49.48000 1.50000 -124.7932
-195.55000 -35.66000 1.50000 -210.2361
-250.94000 -128.50000 1.50000 -210.7239
19.96000 -49.48000 1.50000 -124.8197
-195.55000 -35.66000 1.50000 -210.2561
-250.94000 -128.50000 1.50000 -210.7446
19.96000 -49.48000 1.50000 -124.8462
-195.55000 -35.66000 1.50000 -210.2760
-250.94000 -128.50000 1.50000 -250.7653
19.96000 -49.48000 1.50000 -124.8728
-195.55000 -35.66000 1.50000 -210.2959
-250.94000 -128.50000 1.50000 -250.7859
19.96000 -49.48000 1.50000 -124.9044
-195.55000 -35.66000 1.50000 -210.3058
-250.94000 -128.50000 1.50000 -210.7900
19.96000 -49.48000 1.50000 -124.8780
-195.55000 -35.66000 1.50000 -210.2859
-250.94000 -128.50000 1.50000 -210.7694
19.96000 -49.48000 1.50000 -124.8517
-195.55000 -35.66000 1.50000 -210.2661
-250.94000 -128.50000 1.50000 -210.7488
19.96000 -49.48000 1.50000 -124.8254
-195.55000 -35.66000 1.50000 -210.2461
-250.94000 -128.50000 1.50000 -210.7281
19.96000 -49.48000 1.50000 -124.7991
-195.55000 -35.66000 1.50000 -210.2261
-250.94000 -128.50000 1.50000 -210.7074
19.96000 -49.48000 1.50000 -124.7729
-195.55000 -35.66000 1.50000 -170.2061
-250.94000 -128.50000 1.50000 -210.6866
19.96000 -49.48000 1.50000 -124.7467
-195.55000 -35.66000 1.50000 -170.1861
-250.94000 -128.50000 1.50000 -210.6658
19.96000 -49.48000 1.50000 -124.7206
-195.55000 -35.66000 1.50000 -170.1660
-250.94000 -128.50000 1.50000 -210.6449
19.96000 -49.48000 1.50000 -124.6945
-195.55000 -35.66000 1.50000 -170.1459
-250.94000 -128.50000 1.50000 -210.6240
19.96000 -49.48000 1.50000 -124.6685
-195.55000 -35.66000 1.50000 -170.1258
-250.94000 -128.50000 1.50000 -210.6030
19.96000 -49.48000 1.50000 -124.6425
-195.55000 -35.66000 1.50000 -170.1056
-250.94000 -128.50000 1.50000 -210.5820
19.96000 -49.48000 1.50000 -124.6166
-195.55000 -35.66000 1.50000 -210.0854
-250.94000 -128.50000 1.50000 -210.5609
19.96000 -49.48000 1.50000 -124.5907
-195.55000 -35.66000 1.50000 -210.0651
-250.94000 -128.50000 1.50000 -210.5398
19.96000 -49.48000 1.50000 -124.5649
-195.55000 -35.66000 1.50000 -210.0449
-250.94000 -128.50000 1.50000 -210.5186
19.96000 -49.48000 1.50000 -124.5391
-195.55000 -35.66000 1.50000 -210.0245
-250.94000 -128.50000 1.50000 -170.4974
19.96000 -49.48000 1.50000 -124.5134
-195.55000 -35.66000 1.50000 -210.0042
-250.94000 -128.50000 1.50000 -170.4761
19.96000 -49.48000 1.50000 -124.4878
-195.55000 -35.66000 1.50000 -209.9838
-250.94000 -128.50000 1.50000 -170.4548
19.96000 -49.48000 1.50000 -124.4623
-195.55000 -35.66000 1.50000 -209.9634
-250.94000 -128.50000 1.50000 -170.4334
19.96000 -49.48000 1.50000 -124.4368
-195.55000 -35.66000 1.50000 -209.9429
-250.94000 -128.50000 1.50000 -170.4120
19.96000 -49.48000 1.50000 -124.4113
-195.55000 -35.66000 1.50000 -169.9225
-250.94000 -128.50000 1.50000 -170.3905
19.96000 -49.48000 1.50000 -124.3860
-195.55000 -35.66000 1.50000 -169.9019
-250.94000 -128.50000 1.50000 -170.3690
19.96000 -49.48000 1.50000 -124.3607
-195.55000 -35.66000 1.50000 -169.8814
-250.94000 -128.50000 1.50000 -170.3474
19.96000 -49.48000 1.50000 -124.3355
-195.55000 -35.66000 1.50000 -169.8608
-250.94000 -128.50000 1.50000 -170.3258
19.96000 -49.48000 1.50000 -124.3104
-195.55000 -35.66000 1.50000 -169.8401
-250.94000 -128.50000 1.50000 -170.3041
19.96000 -49.48000 1.50000 -124.2854
-195.55000 -35.66000 1.50000 -169.8195
-250.94000 -128.50000 1.50000 -170.2824
19.96000 -49.48000 1.50000 -124.2604
-195.55000 -35.66000 1.50000 -169.7988
-250.94000 -128.50000 1.50000 -170.2606
19.96000 -49.48000 1.50000 -124.2355
-195.55000 -35.66000 1.50000 -169.7781
-250.94000 -128.50000 1.50000 -170.2388
19.96000 -49.48000 1.50000 -124.2108
-195.55000 -35.66000 1.50000 -169.7573
-250.94000 -128.50000 1.50000 -170.2169
19.96000 -49.48000 1.50000 -124.1861
-195.55000 -35.66000 1.50000 -169.7365
-250.94000 -128.50000 1.50000 -170.1950
19.96000 -49.48000 1.50000 -124.1615
-195.55000 -35.66000 1.50000 -169.7157
-250.94000 -128.50000 1.50000 -170.1730
19.96000 -49.48000 1.50000 -84.1370
-195.55000 -35.66000 1.50000 -169.6948
-250.94000 -128.50000 1.50000 -170.1510
19.96000 -49.48000 1.50000 -84.1126
-195.55000 -35.66000 1.50000 -169.6739
-250.94000 -128.50000 1.50000 -170.1289
19.96000 -49.48000 1.50000 -84.0883
-195.55000 -35.66000 1.50000 -169.6529
-250.94000 -128.50000 1.50000 -170.1067
19.96000 -49.48000 1.50000 -84.0640
-195.55000 -35.66000 1.50000 -169.6320
-250.94000 -128.50000 1.50000 -170.0845
19.96000 -49.48000 1.50000 -84.0399
-195.55000 -35.66000 1.50000 -169.6109
-250.94000 -128.50000 1.50000 -170.0623
19.96000 -49.48000 1.50000 -84.0160
-195.55000 -35.66000 1.50000 -169.5899
-250.94000 -128.50000 1.50000 -170.0399
19.96000 -49.48000 1.50000 -83.9921
-195.55000 -35.66000 1.50000 -169.5688
-250.94000 -128.50000 1.50000 -170.0176
19.96000 -49.48000 1.50000 -83.9683
-195.55000 -35.66000 1.50000 -129.5477
-250.94000 -128.50000 1.50000 -169.9952
19.96000 -49.48000 1.50000 -83.9446
-195.55000 -35.66000 1.50000 -129.5265
-250.94000 -128.50000 1.50000 -169.9727
19.96000 -49.48000 1.50000 -83.9211
-195.55000 -35.66000 1.50000 -129.5053
-250.94000 -128.50000 1.50000 -169.9502
19.96000 -49.48000 1.50000 -83.8977
-195.55000 -35.66000 1.50000 -129.4841
-250.94000 -128.50000 1.50000 -169.9276
19.96000 -49.48000 1.50000 -123.8744
-195.55000 -35.66000 1.50000 -129.4629
-250.94000 -128.50000 1.50000 -169.9049
19.96000 -49.48000 1.50000 -123.8512
-195.55000 -35.66000 1.50000 -129.4416
-250.94000 -128.50000 1.50000 -169.8822
19.96000 -49.48000 1.50000 -123.8282
-195.55000 -35.66000 1.50000 -129.4202
-250.94000 -128.50000 1.50000 -169.8595
19.96000 -49.48000 1.50000 -123.8053
-195.55000 -35.66000 1.50000 -129.3989
-250.94000 -128.50000 1.50000 -169.8367
19.96000 -49.48000 1.50000 -123.7825
-195.55000 -35.66000 1.50000 -129.3775
-250.94000 -128.50000 1.50000 -169.8138
19.96000 -49.48000 1.50000 -123.7599
-195.55000 -35.66000 1.50000 -129.3560
-250.94000 -128.50000 1.50000 -169.7909
19.96000 -49.48000 1.50000 -123.7374
-195.55000 -35.66000 1.50000 -129.3346
-250.94000 -128.50000 1.50000 -169.7679
19.96000 -49.48000 1.50000 -123.7150
-195.55000 -35.66000 1.50000 -129.3131
-250.94000 -128.50000 1.50000 -169.7449
19.96000 -49.48000 1.50000 -123.7565
-195.55000 -35.66000 1.50000 -169.3255
-250.94000 -128.50000 1.50000 -169.7502
19.96000 -49.48000 1.50000 -123.7787
-195.55000 -35.66000 1.50000 -129.3470
-250.94000 -128.50000 1.50000 -169.7732
19.96000 -49.48000 1.50000 -123.8009
-195.55000 -35.66000 1.50000 -129.3684
-250.94000 -128.50000 1.50000 -169.7961
19.96000 -49.48000 1.50000 -123.8234
-195.55000 -35.66000 1.50000 -129.3898
-250.94000 -128.50000 1.50000 -169.8190
19.96000 -49.48000 1.50000 -123.8459
-195.55000 -35.66000 1.50000 -129.4111
-250.94000 -128.50000 1.50000 -169.8419
19.96000 -49.48000 1.50000 -123.8686
-195.55000 -35.66000 1.50000 -129.4324
-250.94000 -128.50000 1.50000 -169.8647
19.96000 -49.48000 1.50000 -123.8915
-195.55000 -35.66000 1.50000 -129.4537
-250.94000 -128.50000 1.50000 -169.8874
19.96000 -49.48000 1.50000 -123.9144
-195.55000 -35.66000 1.50000 -129.4749
-250.94000 -128.50000 1.50000 -169.9100
19.96000 -49.48000 1.50000 -123.9375
-195.55000 -35.66000 1.50000 -129.4961
-250.94000 -128.50000 1.50000 -169.9327
19.96000 -49.48000 1.50000 -83.9607
-195.55000 -35.66000 1.50000 -129.5173
-250.94000 -128.50000 1.50000 -169.9552
19.96000 -49.48000 1.50000 -83.9840
-195.55000 -35.66000 1.50000 -129.5384
-250.94000 -128.50000 1.50000 -169.9777
19.96000 -49.48000 1.50000 -84.0075
-195.55000 -35.66000 1.50000 -129.5595
-250.94000 -128.50000 1.50000 -170.0002
19.96000 -49.48000 1.50000 -84.0310
-195.55000 -35.66000 1.50000 -169.5806
-250.94000 -128.50000 1.50000 -170.0226
19.96000 -49.48000 1.50000 -84.0547
-195.55000 -35.66000 1.50000 -169.6016
-250.94000 -128.50000 1.50000 -170.0449
19.96000 -49.48000 1.50000 -84.0785
-195.55000 -35.66000 1.50000 -169.6226
-250.94000 -128.50000 1.50000 -170.0672
19.96000 -49.48000 1.50000 -84.1024
-195.55000 -35.66000 1.50000 -169.6435
-250.94000 -128.50000 1.50000 -170.0894
19.96000 -49.48000 1.50000 -84.1264
-195.55000 -35.66000 1.50000 -169.6645
-250.94000 -128.50000 1.50000 -170.1116
19.96000 -49.48000 1.50000 -84.1505
-195.55000 -35.66000 1.50000 -169.6853
-250.94000 -128.50000 1.50000 -170.1337
19.96000 -49.48000 1.50000 -84.1747
-195.55000 -35.66000 1.50000 -169.7062
-250.94000 -128.50000 1.50000 -170.1558
19.96000 -49.48000 1.50000 -124.1989
-195.55000 -35.66000 1.50000 -169.7270
-250.94000 -128.50000 1.50000 -170.1778
19.96000 -49.48000 1.50000 -124.2233
-195.55000 -35.66000 1.50000 -169.7478
-250.94000 -128.50000 1.50000 -170.1998
19.96000 -49.48000 1.50000 -124.2478
-195.55000 -35.66000 1.50000 -169.7685
-250.94000 -128.50000 1.50000 -170.2217
19.96000 -49.48000 1.50000 -124.2724
-195.55000 -35.66000 1.50000 -169.7893
-250.94000 -128.50000 1.50000 -170.2435
19.96000 -49.48000 1.50000 -124.2970
-195.55000 -35.66000 1.50000 -169.8099
-250.94000 -128.50000 1.50000 -170.2653
19.96000 -49.48000 1.50000 -124.3218
-195.55000 -35.66000 1.50000 -169.8306
-250.94000 -128.50000 1.50000 -170.2871
19.96000 -49.48000 1.50000 -124.3466
-195.55000 -35.66000 1.50000 -169.8512
-250.94000 -128.50000 1.50000 -170.3088
19.96000 -49.48000 1.50000 -124.3715
-195.55000 -35.66000 1.50000 -169.8718
-250.94000 -128.50000 1.50000 -170.3304
19.96000 -49.48000 1.50000 -124.3965
-195.55000 -35.66000 1.50000 -169.8923
-250.94000 -128.50000 1.50000 -170.3520
19.96000 -49.48000 1.50000 -124.4216
-195.55000 -35.66000 1.50000 -169.9128
-250.94000 -128.50000 1.50000 -170.3736
19.96000 -49.48000 1.50000 -124.4467
-195.55000 -35.66000 1.50000 -169.9333
-250.94000 -128.50000 1.50000 -170.3951
19.96000 -49.48000 1.50000 -124.4719
-195.55000 -35.66000 1.50000 -169.9537
-250.94000 -128.50000 1.50000 -170.4165
19.96000 -49.48000 1.50000 -124.5071
-195.55000 -35.66000 1.50000 -169.9645
-250.94000 -128.50000 1.50000 -170.4211
19.96000 -49.48000 1.50000 -124.4820
-195.55000 -35.66000 1.50000 -169.9442
-250.94000 -128.50000 1.50000 -170.3997
19.96000 -49.48000 1.50000 -124.4571
-195.55000 -35.66000 1.50000 -169.9237
-250.94000 -128.50000 1.50000 -170.3782
19.96000 -49.48000 1.50000 -124.4323
-195.55000 -35.66000 1.50000 -169.9033
-250.94000 -128.50000 1.50000 -170.3567
19.96000 -49.48000 1.50000 -124.4075
-195.55000 -35.66000 1.50000 -169.8828
-250.94000 -128.50000 1.50000 -170.3351
19.96000 -49.48000 1.50000 -124.3828
-195.55000 -35.66000 1.50000 -169.8623
-250.94000 -128.50000 1.50000 -170.3135
19.96000 -49.48000 1.50000 -124.3581
-195.55000 -35.66000 1.50000 -169.8417
-250.94000 -128.50000 1.50000 -170.2918
19.96000 -49.48000 1.50000 -124.3336
-195.55000 -35.66000 1.50000 -169.8211
-250.94000 -128.50000 1.50000 -170.2701
19.96000 -49.48000 1.50000 -124.3091
-195.55000 -35.66000 1.50000 -169.8005
-250.94000 -128.50000 1.50000 -170.2483
19.96000 -49.48000 1.50000 -124.2848
-195.55000 -35.66000 1.50000 -169.7798
-250.94000 -128.50000 1.50000 -170.2265
19.96000 -49.48000 1.50000 -124.2605
-195.55000 -35.66000 1.50000 -169.7591
-250.94000 -128.50000 1.50000 -170.2046
19.96000 -49.48000 1.50000 -124.2363
-195.55000 -35.66000 1.50000 -169.7384
-250.94000 -128.50000 1.50000 -170.1826
19.96000 -49.48000 1.50000 -84.2122
-195.55000 -35.66000 1.50000 -169.7177
-250.94000 -128.50000 1.50000 -170.1607
19.96000 -49.48000 1.50000 -84.1883
-195.55000 -35.66000 1.50000 -169.6968
-250.94000 -128.50000 1.50000 -170.1386
19.96000 -49.48000 1.50000 -84.1644
-195.55000 -35.66000 1.50000 -169.6760
-250.94000 -128.50000 1.50000 -170.1165
19.96000 -49.48000 1.50000 -84.1406
-195.55000 -35.66000 1.50000 -169.6552
-250.94000 -128.50000 1.50000 -170.0944
19.96000 -49.48000 1.50000 -84.1169
-195.55000 -35.66000 1.50000 -169.6342
-250.94000 -128.50000 1.50000 -170.0722
19.96000 -49.48000 1.50000 -84.0933
-195.55000 -35.66000 1.50000 -169.6133
-250.94000 -128.50000 1.50000 -170.0499
19.96000 -49.48000 1.50000 -84.0699
-195.55000 -35.66000 1.50000 -169.5923
-250.94000 -128.50000 1.50000 -170.0276
19.96000 -49.48000 1.50000 -84.0465
-195.55000 -35.66000 1.50000 -129.5713
-250.94000 -128.50000 1.50000 -170.0052
19.96000 -49.48000 1.50000 -84.0233
-195.55000 -35.66000 1.50000 -129.5503
-250.94000 -128.50000 1.50000 -169.9828
19.96000 -49.48000 1.50000 -124.0002
-195.55000 -35.66000 1.50000 -129.5292
-250.94000 -128.50000 1.50000 -169.9603
19.96000 -49.48000 1.50000 -123.9772
-195.55000 -35.66000 1.50000 -129.5081
-250.94000 -128.50000 1.50000 -169.9378
19.96000 -49.48000 1.50000 -123.9543
-195.55000 -35.66000 1.50000 -129.4870
-250.94000 -128.50000 1.50000 -169.9152
19.96000 -49.48000 1.50000 -123.9316
-195.55000 -35.66000 1.50000 -129.4658
-250.94000 -128.50000 1.50000 -169.8926
19.96000 -49.48000 1.50000 -123.9090
-195.55000 -35.66000 1.50000 -129.4446
-250.94000 -128.50000 1.50000 -169.8699
19.96000 -49.48000 1.50000 -123.8865
-195.55000 -35.66000 1.50000 -129.4233
-250.94000 -128.50000 1.50000 -169.8471
19.96000 -49.48000 1.50000 -123.8641
-195.55000 -35.66000 1.50000 -129.4021
-250.94000 -128.50000 1.50000 -169.8243
19.96000 -49.48000 1.50000 -123.8419
-195.55000 -35.66000 1.50000 -129.3808
-250.94000 -128.50000 1.50000 -169.8014
19.96000 -49.48000 1.50000 -123.8198
-195.55000 -35.66000 1.50000 -169.3594
-250.94000 -128.50000 1.50000 -129.7785
19.96000 -49.48000 1.50000 -123.7979
-195.55000 -35.66000 1.50000 -169.3380
-250.94000 -128.50000 1.50000 -129.7555
19.96000 -49.48000 1.50000 -123.8391
-195.55000 -35.66000 1.50000 -169.3506
-250.94000 -128.50000 1.50000 -129.7609
19.96000 -49.48000 1.50000 -123.8608
-195.55000 -35.66000 1.50000 -169.3719
-250.94000 -128.50000 1.50000 -129.7839
19.96000 -49.48000 1.50000 -123.8827
-195.55000 -35.66000 1.50000 -169.3932
-250.94000 -128.50000 1.50000 -129.8068
19.96000 -49.48000 1.50000 -123.9047
-195.55000 -35.66000 1.50000 -169.4144
-250.94000 -128.50000 1.50000 -129.8296
19.96000 -49.48000 1.50000 -123.9269
-195.55000 -35.66000 1.50000 -129.4356
-250.94000 -128.50000 1.50000 -129.8524
19.96000 -49.48000 1.50000 -123.9492
-195.55000 -35.66000 1.50000 -129.4568
-250.94000 -128.50000 1.50000 -129.8751
19.96000 -49.48000 1.50000 -123.9716
-195.55000 -35.66000 1.50000 -129.4780
-250.94000 -128.50000 1.50000 -169.8978
19.96000 -49.48000 1.50000 -123.9941
-195.55000 -35.66000 1.50000 -129.4991
-250.94000 -128.50000 1.50000 -169.9204
19.96000 -49.48000 1.50000 -124.0168
-195.55000 -35.66000 1.50000 -129.5202
-250.94000 -128.50000 1.50000 -169.9430
19.96000 -49.48000 1.50000 -124.0396
-195.55000 -35.66000 1.50000 -129.5412
-250.94000 -128.50000 1.50000 -169.9655
19.96000 -49.48000 1.50000 -84.0625
-195.55000 -35.66000 1.50000 -129.5622
-250.94000 -128.50000 1.50000 -169.9879
19.96000 -49.48000 1.50000 -84.0855
-195.55000 -35.66000 1.50000 -129.5832
-250.94000 -128.50000 1.50000 -170.0103
19.96000 -49.48000 1.50000 -84.1086
-195.55000 -35.66000 1.50000 -169.6042
-250.94000 -128.50000 1.50000 -170.0327
19.96000 -49.48000 1.50000 -84.1319
-195.55000 -35.66000 1.50000 -169.6251
-250.94000 -128.50000 1.50000 -170.0550
19.96000 -49.48000 1.50000 -84.1552
-195.55000 -35.66000 1.50000 -169.6460
-250.94000 -128.50000 1.50000 -170.0772
19.96000 -49.48000 1.50000 -84.1787
-195.55000 -35.66000 1.50000 -169.6668
-250.94000 -128.50000 1.50000 -170.0994
19.96000 -49.48000 1.50000 -84.2023
-195.55000 -35.66000 1.50000 -169.6876
-250.94000 -128.50000 1.50000 -170.1215
19.96000 -49.48000 1.50000 -84.2260
-195.55000 -35.66000 1.50000 -169.7084
-250.94000 -128.50000 1.50000 -170.1436