19.96000 -49.48000 1.50000 -121.8767
-195.55000 -35.66000 1.50000 -189.1334
-250.94000 -128.50000 1.50000 -189.9829
19.96000 -49.48000 1.50000 -121.9180
-195.55000 -35.66000 1.50000 -189.1423
-250.94000 -128.50000 1.50000 -189.9845
19.96000 -49.48000 1.50000 -121.9594
-195.55000 -35.66000 1.50000 -149.1512
-250.94000 -128.50000 1.50000 -189.9862
19.96000 -49.48000 1.50000 -122.0007
-195.55000 -35.66000 1.50000 -149.1601
-250.94000 -128.50000 1.50000 -189.9879
19.96000 -49.48000 1.50000 -122.0420
-195.55000 -35.66000 1.50000 -149.1691
-250.94000 -128.50000 1.50000 -189.9897
19.96000 -49.48000 1.50000 -122.0833
-195.55000 -35.66000 1.50000 -149.1782
-250.94000 -128.50000 1.50000 -229.9915
19.96000 -49.48000 1.50000 -122.0437
-195.55000 -35.66000 1.50000 -149.1545
-250.94000 -128.50000 1.50000 -229.9685
19.96000 -49.48000 1.50000 -122.0020
-195.55000 -35.66000 1.50000 -149.1454
-250.94000 -128.50000 1.50000 -189.9667
19.96000 -49.48000 1.50000 -121.9603
-195.55000 -35.66000 1.50000 -149.1364
-250.94000 -128.50000 1.50000 -189.9649
19.96000 -49.48000 1.50000 -121.9186
-195.55000 -35.66000 1.50000 -149.1274
-250.94000 -128.50000 1.50000 -189.9632
19.96000 -49.48000 1.50000 -121.8769
-195.55000 -35.66000 1.50000 -149.1184
-250.94000 -128.50000 1.50000 -189.9615
19.96000 -49.48000 1.50000 -121.8351
-195.55000 -35.66000 1.50000 -189.1096
-250.94000 -128.50000 1.50000 -189.9599
19.96000 -49.48000 1.50000 -121.7936
-195.55000 -35.66000 1.50000 -189.0856
-250.94000 -128.50000 1.50000 -189.9368
19.96000 -49.48000 1.50000 -121.8357
-195.55000 -35.66000 1.50000 -149.0946
-250.94000 -128.50000 1.50000 -189.9384
19.96000 -49.48000 1.50000 -121.8779
-195.55000 -35.66000 1.50000 -149.1035
-250.94000 -128.50000 1.50000 -189.9401
19.96000 -49.48000 1.50000 -121.9200
-195.55000 -35.66000 1.50000 -149.1126
-250.94000 -128.50000 1.50000 -189.9418
19.96000 -49.48000 1.50000 -121.9621
-195.55000 -35.66000 1.50000 -149.1217
-250.94000 -128.50000 1.50000 -189.9436
19.96000 -49.48000 1.50000 -122.0041
-195.55000 -35.66000 1.50000 -149.1308
-250.94000 -128.50000 1.50000 -229.9454
19.96000 -49.48000 1.50000 -121.9646
-195.55000 -35.66000 1.50000 -149.1071
-250.94000 -128.50000 1.50000 -229.9223
19.96000 -49.48000 1.50000 -121.9221
-195.55000 -35.66000 1.50000 -149.0979
-250.94000 -128.50000 1.50000 -189.9205
19.96000 -49.48000 1.50000 -121.8796
-195.55000 -35.66000 1.50000 -149.0887
-250.94000 -128.50000 1.50000 -189.9187
19.96000 -49.48000 1.50000 -121.8371
-195.55000 -35.66000 1.50000 -149.0797
-250.94000 -128.50000 1.50000 -189.9169
19.96000 -49.48000 1.50000 -121.7946
-195.55000 -35.66000 1.50000 -149.0706
-250.94000 -128.50000 1.50000 -189.9153
19.96000 -49.48000 1.50000 -121.7535
-195.55000 -35.66000 1.50000 -149.0466
-250.94000 -128.50000 1.50000 -189.8921
19.96000 -49.48000 1.50000 -121.7964
-195.55000 -35.66000 1.50000 -149.0557
-250.94000 -128.50000 1.50000 -189.8938
19.96000 -49.48000 1.50000 -121.8393
-195.55000 -35.66000 1.50000 -149.0648
-250.94000 -128.50000 1.50000 -189.8955
19.96000 -49.48000 1.50000 -121.8822
-195.55000 -35.66000 1.50000 -149.0741
-250.94000 -128.50000 1.50000 -189.8973
19.96000 -49.48000 1.50000 -121.9250
-195.55000 -35.66000 1.50000 -149.0833
-250.94000 -128.50000 1.50000 -229.8992
19.96000 -49.48000 1.50000 -121.8855
-195.55000 -35.66000 1.50000 -149.0595
-250.94000 -128.50000 1.50000 -229.8759
19.96000 -49.48000 1.50000 -121.8423
-195.55000 -35.66000 1.50000 -149.0502
-250.94000 -128.50000 1.50000 -189.8741
19.96000 -49.48000 1.50000 -121.7990
-195.55000 -35.66000 1.50000 -149.0409
-250.94000 -128.50000 1.50000 -189.8723
19.96000 -49.48000 1.50000 -121.7557
-195.55000 -35.66000 1.50000 -149.0317
-250.94000 -128.50000 1.50000 -189.8705
19.96000 -49.48000 1.50000 -121.7123
-195.55000 -35.66000 1.50000 -149.0226
-250.94000 -128.50000 1.50000 -189.8688
19.96000 -49.48000 1.50000 -121.6713
-195.55000 -35.66000 1.50000 -148.9985
-250.94000 -128.50000 1.50000 -189.8455
19.96000 -49.48000 1.50000 -121.7150
-195.55000 -35.66000 1.50000 -149.0076
-250.94000 -128.50000 1.50000 -189.8472
19.96000 -49.48000 1.50000 -121.7587
-195.55000 -35.66000 1.50000 -149.0169
-250.94000 -128.50000 1.50000 -189.8489
19.96000 -49.48000 1.50000 -121.8024
-195.55000 -35.66000 1.50000 -149.0262
-250.94000 -128.50000 1.50000 -189.8508
19.96000 -49.48000 1.50000 -121.8461
-195.55000 -35.66000 1.50000 -149.0356
-250.94000 -128.50000 1.50000 -229.8527
19.96000 -49.48000 1.50000 -121.8066
-195.55000 -35.66000 1.50000 -149.0116
-250.94000 -128.50000 1.50000 -229.8293
19.96000 -49.48000 1.50000 -121.7626
-195.55000 -35.66000 1.50000 -149.0022
-250.94000 -128.50000 1.50000 -229.8274
19.96000 -49.48000 1.50000 -121.7185
-195.55000 -35.66000 1.50000 -148.9928
-250.94000 -128.50000 1.50000 -189.8256
19.96000 -49.48000 1.50000 -121.6744
-195.55000 -35.66000 1.50000 -148.9835
-250.94000 -128.50000 1.50000 -189.8238
19.96000 -49.48000 1.50000 -121.6302
-195.55000 -35.66000 1.50000 -148.9743
-250.94000 -128.50000 1.50000 -189.8221
19.96000 -49.48000 1.50000 -121.5892
-195.55000 -35.66000 1.50000 -148.9501
-250.94000 -128.50000 1.50000 -189.7986
19.96000 -49.48000 1.50000 -121.6338
-195.55000 -35.66000 1.50000 -148.9594
-250.94000 -128.50000 1.50000 -189.8004
19.96000 -49.48000 1.50000 -121.6783
-195.55000 -35.66000 1.50000 -148.9687
-250.94000 -128.50000 1.50000 -189.8021
19.96000 -49.48000 1.50000 -121.7228
-195.55000 -35.66000 1.50000 -148.9781
-250.94000 -128.50000 1.50000 -229.8040
19.96000 -49.48000 1.50000 -121.7672
-195.55000 -35.66000 1.50000 -148.9876
-250.94000 -128.50000 1.50000 -229.8059
19.96000 -49.48000 1.50000 -121.8116
-195.55000 -35.66000 1.50000 -148.9971
-250.94000 -128.50000 1.50000 -229.8079
19.96000 -49.48000 1.50000 -121.8560
-195.55000 -35.66000 1.50000 -149.0067
-250.94000 -128.50000 1.50000 -269.8099
19.96000 -49.48000 1.50000 -121.9003
-195.55000 -35.66000 1.50000 -149.0163
-250.94000 -128.50000 1.50000 -229.8120
19.96000 -49.48000 1.50000 -121.9445
-195.55000 -35.66000 1.50000 -149.0260
-250.94000 -128.50000 1.50000 -189.8142
19.96000 -49.48000 1.50000 -121.9887
-195.55000 -35.66000 1.50000 -189.0357
-250.94000 -128.50000 1.50000 -189.8164
19.96000 -49.48000 1.50000 -102.0328
-195.55000 -35.66000 1.50000 -189.0455
-250.94000 -128.50000 1.50000 -149.8187
19.96000 -49.48000 1.50000 -102.0769
-195.55000 -35.66000 1.50000 -189.0554
-250.94000 -128.50000 1.50000 -149.8210
19.96000 -49.48000 1.50000 -102.1208
-195.55000 -35.66000 1.50000 -189.0652
-250.94000 -128.50000 1.50000 -149.8235
19.96000 -49.48000 1.50000 -102.1647
-195.55000 -35.66000 1.50000 -189.0752
-250.94000 -128.50000 1.50000 -149.8259
19.96000 -49.48000 1.50000 -102.2086
-195.55000 -35.66000 1.50000 -189.0852
-250.94000 -128.50000 1.50000 -189.8285
19.96000 -49.48000 1.50000 -102.2523
-195.55000 -35.66000 1.50000 -189.0953
-250.94000 -128.50000 1.50000 -189.8311
19.96000 -49.48000 1.50000 -102.2960
-195.55000 -35.66000 1.50000 -189.1054
-250.94000 -128.50000 1.50000 -189.8337
19.96000 -49.48000 1.50000 -102.3396
-195.55000 -35.66000 1.50000 -189.1155
-250.94000 -128.50000 1.50000 -189.8364
19.96000 -49.48000 1.50000 -102.3831
-195.55000 -35.66000 1.50000 -229.1257
-250.94000 -128.50000 1.50000 -189.8392
19.96000 -49.48000 1.50000 -102.4266
-195.55000 -35.66000 1.50000 -229.1360
-250.94000 -128.50000 1.50000 -189.8421
19.96000 -49.48000 1.50000 -102.4699
-195.55000 -35.66000 1.50000 -189.1463
-250.94000 -128.50000 1.50000 -189.8450
19.96000 -49.48000 1.50000 -102.5132
-195.55000 -35.66000 1.50000 -189.1567
-250.94000 -128.50000 1.50000 -189.8479
19.96000 -49.48000 1.50000 -102.5564
-195.55000 -35.66000 1.50000 -189.1671
-250.94000 -128.50000 1.50000 -189.8510
19.96000 -49.48000 1.50000 -102.5995
-195.55000 -35.66000 1.50000 -189.1775
-250.94000 -128.50000 1.50000 -229.8541
19.96000 -49.48000 1.50000 -102.6425
-195.55000 -35.66000 1.50000 -189.1880
-250.94000 -128.50000 1.50000 -229.8572
19.96000 -49.48000 1.50000 -102.6854
-195.55000 -35.66000 1.50000 -189.1986
-250.94000 -128.50000 1.50000 -229.8604
19.96000 -49.48000 1.50000 -102.7282
-195.55000 -35.66000 1.50000 -189.2092
-250.94000 -128.50000 1.50000 -229.8637
19.96000 -49.48000 1.50000 -102.7709
-195.55000 -35.66000 1.50000 -189.2198
-250.94000 -128.50000 1.50000 -229.8670
19.96000 -49.48000 1.50000 -102.8135
-195.55000 -35.66000 1.50000 -189.2305
-250.94000 -128.50000 1.50000 -229.8704
19.96000 -49.48000 1.50000 -102.8560
-195.55000 -35.66000 1.50000 -189.2413
-250.94000 -128.50000 1.50000 -269.8739
19.96000 -49.48000 1.50000 -102.8984
-195.55000 -35.66000 1.50000 -189.2521
19.96000 -49.48000 1.50000 -102.9408
-195.55000 -35.66000 1.50000 -229.2629
19.96000 -49.48000 1.50000 -102.9108
-195.55000 -35.66000 1.50000 -229.2403
19.96000 -49.48000 1.50000 -102.8682
-195.55000 -35.66000 1.50000 -189.2294
19.96000 -49.48000 1.50000 -102.8254
-195.55000 -35.66000 1.50000 -189.2186
-250.94000 -128.50000 1.50000 -269.8508
19.96000 -49.48000 1.50000 -102.7826
-195.55000 -35.66000 1.50000 -189.2078
-250.94000 -128.50000 1.50000 -229.8473
19.96000 -49.48000 1.50000 -102.7397
-195.55000 -35.66000 1.50000 -189.1970
-250.94000 -128.50000 1.50000 -229.8439
19.96000 -49.48000 1.50000 -102.6967
-195.55000 -35.66000 1.50000 -189.1863
-250.94000 -128.50000 1.50000 -229.8405
19.96000 -49.48000 1.50000 -102.6536
-195.55000 -35.66000 1.50000 -189.1757
-250.94000 -128.50000 1.50000 -229.8372
19.96000 -49.48000 1.50000 -102.6103
-195.55000 -35.66000 1.50000 -189.1651
-250.94000 -128.50000 1.50000 -229.8340
19.96000 -49.48000 1.50000 -102.5670
-195.55000 -35.66000 1.50000 -189.1545
-250.94000 -128.50000 1.50000 -229.8308
19.96000 -49.48000 1.50000 -102.5236
-195.55000 -35.66000 1.50000 -189.1440
-250.94000 -128.50000 1.50000 -229.8277
19.96000 -49.48000 1.50000 -102.4801
-195.55000 -35.66000 1.50000 -189.1335
-250.94000 -128.50000 1.50000 -189.8247
19.96000 -49.48000 1.50000 -102.4365
-195.55000 -35.66000 1.50000 -189.1231
-250.94000 -128.50000 1.50000 -189.8217
19.96000 -49.48000 1.50000 -102.3928
-195.55000 -35.66000 1.50000 -229.1127
-250.94000 -128.50000 1.50000 -189.8188
19.96000 -49.48000 1.50000 -102.3490
-195.55000 -35.66000 1.50000 -229.1024
-250.94000 -128.50000 1.50000 -189.8159
19.96000 -49.48000 1.50000 -102.3052
-195.55000 -35.66000 1.50000 -189.0922
-250.94000 -128.50000 1.50000 -189.8131
19.96000 -49.48000 1.50000 -102.2612
-195.55000 -35.66000 1.50000 -189.0819
-250.94000 -128.50000 1.50000 -189.8104
19.96000 -49.48000 1.50000 -102.2172
-195.55000 -35.66000 1.50000 -189.0718
-250.94000 -128.50000 1.50000 -189.8077
19.96000 -49.48000 1.50000 -102.1731
-195.55000 -35.66000 1.50000 -189.0617
-250.94000 -128.50000 1.50000 -189.8051
19.96000 -49.48000 1.50000 -102.1289
-195.55000 -35.66000 1.50000 -189.0516
-250.94000 -128.50000 1.50000 -149.8026
19.96000 -49.48000 1.50000 -102.0846
-195.55000 -35.66000 1.50000 -189.0416
-250.94000 -128.50000 1.50000 -149.8001
19.96000 -49.48000 1.50000 -102.0402
-195.55000 -35.66000 1.50000 -189.0316
-250.94000 -128.50000 1.50000 -149.7976
19.96000 -49.48000 1.50000 -101.9958
-195.55000 -35.66000 1.50000 -189.0218
-250.94000 -128.50000 1.50000 -149.7953
19.96000 -49.48000 1.50000 -101.9513
-195.55000 -35.66000 1.50000 -189.0119
-250.94000 -128.50000 1.50000 -189.7930
19.96000 -49.48000 1.50000 -121.9068
-195.55000 -35.66000 1.50000 -189.0021
-250.94000 -128.50000 1.50000 -189.7907
19.96000 -49.48000 1.50000 -121.8621
-195.55000 -35.66000 1.50000 -148.9924
-250.94000 -128.50000 1.50000 -189.7886
19.96000 -49.48000 1.50000 -121.8175
-195.55000 -35.66000 1.50000 -148.9827
-250.94000 -128.50000 1.50000 -269.7864
19.96000 -49.48000 1.50000 -121.7727
-195.55000 -35.66000 1.50000 -148.9731
-250.94000 -128.50000 1.50000 -229.7844
19.96000 -49.48000 1.50000 -121.7279
-195.55000 -35.66000 1.50000 -148.9635
-250.94000 -128.50000 1.50000 -229.7824
19.96000 -49.48000 1.50000 -121.6830
-195.55000 -35.66000 1.50000 -148.9540
-250.94000 -128.50000 1.50000 -229.7805
19.96000 -49.48000 1.50000 -121.6381
-195.55000 -35.66000 1.50000 -148.9445
-250.94000 -128.50000 1.50000 -189.7786
19.96000 -49.48000 1.50000 -121.5932
-195.55000 -35.66000 1.50000 -148.9351
-250.94000 -128.50000 1.50000 -189.7768
19.96000 -49.48000 1.50000 -121.5482
-195.55000 -35.66000 1.50000 -148.9258
-250.94000 -128.50000 1.50000 -189.7751
19.96000 -49.48000 1.50000 -121.5072
-195.55000 -35.66000 1.50000 -148.9014
-250.94000 -128.50000 1.50000 -189.7515
19.96000 -49.48000 1.50000 -121.5527
-195.55000 -35.66000 1.50000 -148.9108
-250.94000 -128.50000 1.50000 -189.7533
19.96000 -49.48000 1.50000 -121.5980
-195.55000 -35.66000 1.50000 -148.9203
-250.94000 -128.50000 1.50000 -189.7551
19.96000 -49.48000 1.50000 -121.6433
-195.55000 -35.66000 1.50000 -148.9298
-250.94000 -128.50000 1.50000 -229.7570
19.96000 -49.48000 1.50000 -121.6886
-195.55000 -35.66000 1.50000 -148.9394
-250.94000 -128.50000 1.50000 -229.7589
19.96000 -49.48000 1.50000 -121.7338
-195.55000 -35.66000 1.50000 -148.9490
-250.94000 -128.50000 1.50000 -269.7609
19.96000 -49.48000 1.50000 -121.7790
-195.55000 -35.66000 1.50000 -148.9587
-250.94000 -128.50000 1.50000 -269.7629
19.96000 -49.48000 1.50000 -101.8241
-195.55000 -35.66000 1.50000 -148.9684
-250.94000 -128.50000 1.50000 -189.7651
19.96000 -49.48000 1.50000 -101.8691
-195.55000 -35.66000 1.50000 -188.9782
-250.94000 -128.50000 1.50000 -189.7672
19.96000 -49.48000 1.50000 -101.9140
-195.55000 -35.66000 1.50000 -188.9880
-250.94000 -128.50000 1.50000 -189.7695
19.96000 -49.48000 1.50000 -101.9589
-195.55000 -35.66000 1.50000 -188.9979
-250.94000 -128.50000 1.50000 -149.7718
19.96000 -49.48000 1.50000 -102.0037
-195.55000 -35.66000 1.50000 -189.0079
-250.94000 -128.50000 1.50000 -149.7742
19.96000 -49.48000 1.50000 -102.0484
-195.55000 -35.66000 1.50000 -189.0179
-250.94000 -128.50000 1.50000 -149.7766
19.96000 -49.48000 1.50000 -102.0931
-195.55000 -35.66000 1.50000 -189.0280
-250.94000 -128.50000 1.50000 -149.7791
19.96000 -49.48000 1.50000 -102.1376
-195.55000 -35.66000 1.50000 -189.0381
-250.94000 -128.50000 1.50000 -189.7817
19.96000 -49.48000 1.50000 -102.1821
-195.55000 -35.66000 1.50000 -189.0482
-250.94000 -128.50000 1.50000 -189.7843
19.96000 -49.48000 1.50000 -102.2265
-195.55000 -35.66000 1.50000 -189.0585
-250.94000 -128.50000 1.50000 -189.7870
19.96000 -49.48000 1.50000 -102.2708
-195.55000 -35.66000 1.50000 -229.0687
-250.94000 -128.50000 1.50000 -189.7897
19.96000 -49.48000 1.50000 -102.3150
-195.55000 -35.66000 1.50000 -229.0791
-250.94000 -128.50000 1.50000 -189.7926
19.96000 -49.48000 1.50000 -102.3591
-195.55000 -35.66000 1.50000 -189.0894
-250.94000 -128.50000 1.50000 -189.7954
19.96000 -49.48000 1.50000 -102.4032
-195.55000 -35.66000 1.50000 -189.0999
-250.94000 -128.50000 1.50000 -189.7984
19.96000 -49.48000 1.50000 -102.4471
-195.55000 -35.66000 1.50000 -189.1103
-250.94000 -128.50000 1.50000 -189.8014
19.96000 -49.48000 1.50000 -102.4909
-195.55000 -35.66000 1.50000 -189.1208
-250.94000 -128.50000 1.50000 -229.8044
19.96000 -49.48000 1.50000 -102.5347
-195.55000 -35.66000 1.50000 -189.1314
-250.94000 -128.50000 1.50000 -229.8076
19.96000 -49.48000 1.50000 -102.5783
-195.55000 -35.66000 1.50000 -189.1420
-250.94000 -128.50000 1.50000 -229.8107
19.96000 -49.48000 1.50000 -102.6218
-195.55000 -35.66000 1.50000 -189.1527
-250.94000 -128.50000 1.50000 -229.8140
19.96000 -49.48000 1.50000 -102.6653
-195.55000 -35.66000 1.50000 -189.1634
-250.94000 -128.50000 1.50000 -229.8173
19.96000 -49.48000 1.50000 -102.7086
-195.55000 -35.66000 1.50000 -189.1742
-250.94000 -128.50000 1.50000 -229.8207
19.96000 -49.48000 1.50000 -102.7518
-195.55000 -35.66000 1.50000 -189.1850
-250.94000 -128.50000 1.50000 -229.8241
19.96000 -49.48000 1.50000 -102.7950
-195.55000 -35.66000 1.50000 -189.1958
-250.94000 -128.50000 1.50000 -269.8276
19.96000 -49.48000 1.50000 -102.8380
-195.55000 -35.66000 1.50000 -229.2067
19.96000 -49.48000 1.50000 -102.8809
-195.55000 -35.66000 1.50000 -229.2177
19.96000 -49.48000 1.50000 -102.9237
-195.55000 -35.66000 1.50000 -229.2287
-250.94000 -128.50000 1.50000 -269.8384
19.96000 -49.48000 1.50000 -102.8942
-195.55000 -35.66000 1.50000 -229.2061
-250.94000 -128.50000 1.50000 -269.8152
19.96000 -49.48000 1.50000 -102.8511
-195.55000 -35.66000 1.50000 -229.1950
19.96000 -49.48000 1.50000 -102.8079
-195.55000 -35.66000 1.50000 -229.1840
19.96000 -49.48000 1.50000 -102.7646
-195.55000 -35.66000 1.50000 -189.1730
19.96000 -49.48000 1.50000 -102.7212
-195.55000 -35.66000 1.50000 -189.1621
-250.94000 -128.50000 1.50000 -229.8008
19.96000 -49.48000 1.50000 -102.6776
-195.55000 -35.66000 1.50000 -189.1513
-250.94000 -128.50000 1.50000 -229.7974
19.96000 -49.48000 1.50000 -102.6340
-195.55000 -35.66000 1.50000 -189.1404
-250.94000 -128.50000 1.50000 -229.7940
19.96000 -49.48000 1.50000 -102.5902
-195.55000 -35.66000 1.50000 -189.1297
-250.94000 -128.50000 1.50000 -229.7907
19.96000 -49.48000 1.50000 -102.5464
-195.55000 -35.66000 1.50000 -189.1189
-250.94000 -128.50000 1.50000 -229.7874
19.96000 -49.48000 1.50000 -102.5024
-195.55000 -35.66000 1.50000 -189.1083
-250.94000 -128.50000 1.50000 -229.7842
19.96000 -49.48000 1.50000 -102.4583
-195.55000 -35.66000 1.50000 -189.0976
-250.94000 -128.50000 1.50000 -229.7811
19.96000 -49.48000 1.50000 -102.4142
-195.55000 -35.66000 1.50000 -189.0871
-250.94000 -128.50000 1.50000 -189.7780
19.96000 -49.48000 1.50000 -102.3699
-195.55000 -35.66000 1.50000 -189.0765
-250.94000 -128.50000 1.50000 -189.7750
19.96000 -49.48000 1.50000 -102.3255
-195.55000 -35.66000 1.50000 -189.0661
-250.94000 -128.50000 1.50000 -189.7720
19.96000 -49.48000 1.50000 -102.2811
-195.55000 -35.66000 1.50000 -229.0556
-250.94000 -128.50000 1.50000 -189.7691
19.96000 -49.48000 1.50000 -102.2365
-195.55000 -35.66000 1.50000 -229.0453
-250.94000 -128.50000 1.50000 -189.7663
19.96000 -49.48000 1.50000 -102.1918
-195.55000 -35.66000 1.50000 -189.0349
-250.94000 -128.50000 1.50000 -189.7635
19.96000 -49.48000 1.50000 -102.1471
-195.55000 -35.66000 1.50000 -189.0247
-250.94000 -128.50000 1.50000 -189.7608
19.96000 -49.48000 1.50000 -102.1023
-195.55000 -35.66000 1.50000 -189.0144
-250.94000 -128.50000 1.50000 -189.7582
19.96000 -49.48000 1.50000 -102.0573
-195.55000 -35.66000 1.50000 -189.0043
-250.94000 -128.50000 1.50000 -149.7556
19.96000 -49.48000 1.50000 -102.0123
-195.55000 -35.66000 1.50000 -188.9942
-250.94000 -128.50000 1.50000 -149.7531
19.96000 -49.48000 1.50000 -101.9672
-195.55000 -35.66000 1.50000 -188.9841
-250.94000 -128.50000 1.50000 -149.7507
19.96000 -49.48000 1.50000 -101.9220
-195.55000 -35.66000 1.50000 -188.9741
-250.94000 -128.50000 1.50000 -149.7483
19.96000 -49.48000 1.50000 -101.8768
-195.55000 -35.66000 1.50000 -188.9641
-250.94000 -128.50000 1.50000 -189.7460
19.96000 -49.48000 1.50000 -101.8315
-195.55000 -35.66000 1.50000 -188.9542
-250.94000 -128.50000 1.50000 -189.7437
19.96000 -49.48000 1.50000 -101.7860
-195.55000 -35.66000 1.50000 -148.9444
-250.94000 -128.50000 1.50000 -189.7415
19.96000 -49.48000 1.50000 -101.7406
-195.55000 -35.66000 1.50000 -148.9346
-250.94000 -128.50000 1.50000 -269.7393
19.96000 -49.48000 1.50000 -121.6950
-195.55000 -35.66000 1.50000 -148.9249
-250.94000 -128.50000 1.50000 -269.7373
19.96000 -49.48000 1.50000 -121.6494
-195.55000 -35.66000 1.50000 -148.9152
-250.94000 -128.50000 1.50000 -229.7353
19.96000 -49.48000 1.50000 -121.6037
-195.55000 -35.66000 1.50000 -148.9056
-250.94000 -128.50000 1.50000 -229.7333
19.96000 -49.48000 1.50000 -121.5580
-195.55000 -35.66000 1.50000 -148.8960
-250.94000 -128.50000 1.50000 -189.7314
19.96000 -49.48000 1.50000 -121.5122
-195.55000 -35.66000 1.50000 -148.8865
-250.94000 -128.50000 1.50000 -189.7296
19.96000 -49.48000 1.50000 -121.4663
-195.55000 -35.66000 1.50000 -148.8770
-250.94000 -128.50000 1.50000 -189.7279
19.96000 -49.48000 1.50000 -121.4255
-195.55000 -35.66000 1.50000 -148.8526
-250.94000 -128.50000 1.50000 -189.7042
19.96000 -49.48000 1.50000 -121.4717
-195.55000 -35.66000 1.50000 -148.8621
-250.94000 -128.50000 1.50000 -189.7059
19.96000 -49.48000 1.50000 -121.5180
-195.55000 -35.66000 1.50000 -148.8716
-250.94000 -128.50000 1.50000 -189.7078
19.96000 -49.48000 1.50000 -121.5641
-195.55000 -35.66000 1.50000 -148.8813
-250.94000 -128.50000 1.50000 -229.7097
19.96000 -49.48000 1.50000 -121.6102
-195.55000 -35.66000 1.50000 -148.8909
-250.94000 -128.50000 1.50000 -229.7116
19.96000 -49.48000 1.50000 -101.6563
-195.55000 -35.66000 1.50000 -148.9007
-250.94000 -128.50000 1.50000 -269.7136
19.96000 -49.48000 1.50000 -101.7022
-195.55000 -35.66000 1.50000 -148.9105
-250.94000 -128.50000 1.50000 -269.7157
19.96000 -49.48000 1.50000 -101.7481
-195.55000 -35.66000 1.50000 -188.9203
-250.94000 -128.50000 1.50000 -189.7179
19.96000 -49.48000 1.50000 -101.7939
-195.55000 -35.66000 1.50000 -188.9302
-250.94000 -128.50000 1.50000 -189.7201
19.96000 -49.48000 1.50000 -101.8396
-195.55000 -35.66000 1.50000 -188.9402
-250.94000 -128.50000 1.50000 -189.7223
19.96000 -49.48000 1.50000 -101.8853
-195.55000 -35.66000 1.50000 -188.9502
-250.94000 -128.50000 1.50000 -149.7247
19.96000 -49.48000 1.50000 -101.9308
-195.55000 -35.66000 1.50000 -188.9602
-250.94000 -128.50000 1.50000 -149.7271
19.96000 -49.48000 1.50000 -101.9763
-195.55000 -35.66000 1.50000 -188.9704
-250.94000 -128.50000 1.50000 -149.7296
19.96000 -49.48000 1.50000 -102.0217
-195.55000 -35.66000 1.50000 -188.9805
-250.94000 -128.50000 1.50000 -149.7321
19.96000 -49.48000 1.50000 -102.0670
-195.55000 -35.66000 1.50000 -188.9907
-250.94000 -128.50000 1.50000 -189.7347
19.96000 -49.48000 1.50000 -102.1122
-195.55000 -35.66000 1.50000 -189.0010
-250.94000 -128.50000 1.50000 -189.7373
19.96000 -49.48000 1.50000 -102.1573
-195.55000 -35.66000 1.50000 -229.0114
-250.94000 -128.50000 1.50000 -189.7400
19.96000 -49.48000 1.50000 -102.2023
-195.55000 -35.66000 1.50000 -229.0217
-250.94000 -128.50000 1.50000 -189.7428
19.96000 -49.48000 1.50000 -102.2472
-195.55000 -35.66000 1.50000 -189.0322
-250.94000 -128.50000 1.50000 -189.7457
19.96000 -49.48000 1.50000 -102.2920
-195.55000 -35.66000 1.50000 -189.0426
-250.94000 -128.50000 1.50000 -189.7486
19.96000 -49.48000 1.50000 -102.3367
-195.55000 -35.66000 1.50000 -189.0532
-250.94000 -128.50000 1.50000 -189.7515
19.96000 -49.48000 1.50000 -102.3814
-195.55000 -35.66000 1.50000 -189.0638
-250.94000 -128.50000 1.50000 -189.7546
19.96000 -49.48000 1.50000 -102.4259
-195.55000 -35.66000 1.50000 -189.0744
-250.94000 -128.50000 1.50000 -229.7577
19.96000 -49.48000 1.50000 -102.4703
-195.55000 -35.66000 1.50000 -189.0851
-250.94000 -128.50000 1.50000 -229.7608
19.96000 -49.48000 1.50000 -102.5145
-195.55000 -35.66000 1.50000 -189.0958
-250.94000 -128.50000 1.50000 -229.7640
19.96000 -49.48000 1.50000 -102.5587
-195.55000 -35.66000 1.50000 -189.1066
-250.94000 -128.50000 1.50000 -229.7673
19.96000 -49.48000 1.50000 -102.6028
-195.55000 -35.66000 1.50000 -189.1174
-250.94000 -128.50000 1.50000 -229.7707
19.96000 -49.48000 1.50000 -102.6467
-195.55000 -35.66000 1.50000 -189.1283
-250.94000 -128.50000 1.50000 -229.7741
19.96000 -49.48000 1.50000 -102.6906
-195.55000 -35.66000 1.50000 -189.1392
-250.94000 -128.50000 1.50000 -229.7775
19.96000 -49.48000 1.50000 -102.7343
-195.55000 -35.66000 1.50000 -229.1502
19.96000 -49.48000 1.50000 -102.7779
-195.55000 -35.66000 1.50000 -229.1612
19.96000 -49.48000 1.50000 -102.8214
-195.55000 -35.66000 1.50000 -229.1723
19.96000 -49.48000 1.50000 -102.8648
-195.55000 -35.66000 1.50000 -229.1834
-250.94000 -128.50000 1.50000 -269.7920
19.96000 -49.48000 1.50000 -102.8356
-195.55000 -35.66000 1.50000 -229.1607
-250.94000 -128.50000 1.50000 -269.7687
19.96000 -49.48000 1.50000 -102.7919
-195.55000 -35.66000 1.50000 -229.1495
-250.94000 -128.50000 1.50000 -269.7650
19.96000 -49.48000 1.50000 -102.7481
-195.55000 -35.66000 1.50000 -229.1384
19.96000 -49.48000 1.50000 -102.7042
-195.55000 -35.66000 1.50000 -229.1273
19.96000 -49.48000 1.50000 -102.6601
-195.55000 -35.66000 1.50000 -189.1163
-250.94000 -128.50000 1.50000 -229.7542
19.96000 -49.48000 1.50000 -102.6160
-195.55000 -35.66000 1.50000 -189.1053
-250.94000 -128.50000 1.50000 -229.7507
19.96000 -49.48000 1.50000 -102.5717
-195.55000 -35.66000 1.50000 -189.0944
-250.94000 -128.50000 1.50000 -229.7473
19.96000 -49.48000 1.50000 -102.5273
-195.55000 -35.66000 1.50000 -189.0835
-250.94000 -128.50000 1.50000 -229.7439
19.96000 -49.48000 1.50000 -102.4828
-195.55000 -35.66000 1.50000 -189.0726
-250.94000 -128.50000 1.50000 -229.7406
19.96000 -49.48000 1.50000 -102.4382
-195.55000 -35.66000 1.50000 -189.0618
-250.94000 -128.50000 1.50000 -229.7374
19.96000 -49.48000 1.50000 -102.3935
-195.55000 -35.66000 1.50000 -189.0511
-250.94000 -128.50000 1.50000 -229.7342
19.96000 -49.48000 1.50000 -102.3486
-195.55000 -35.66000 1.50000 -189.0404
-250.94000 -128.50000 1.50000 -189.7311
19.96000 -49.48000 1.50000 -102.3037
-195.55000 -35.66000 1.50000 -189.0298
-250.94000 -128.50000 1.50000 -189.7280
19.96000 -49.48000 1.50000 -102.2586
-195.55000 -35.66000 1.50000 -189.0192
-250.94000 -128.50000 1.50000 -189.7250
19.96000 -49.48000 1.50000 -102.2135
-195.55000 -35.66000 1.50000 -189.0086
-250.94000 -128.50000 1.50000 -189.7221
19.96000 -49.48000 1.50000 -102.1682
-195.55000 -35.66000 1.50000 -228.9982
-250.94000 -128.50000 1.50000 -189.7193
19.96000 -49.48000 1.50000 -102.1228
-195.55000 -35.66000 1.50000 -228.9877
-250.94000 -128.50000 1.50000 -189.7165
19.96000 -49.48000 1.50000 -102.0774
-195.55000 -35.66000 1.50000 -188.9773
-250.94000 -128.50000 1.50000 -189.7137
19.96000 -49.48000 1.50000 -102.0318
-195.55000 -35.66000 1.50000 -188.9670
-250.94000 -128.50000 1.50000 -189.7111
19.96000 -49.48000 1.50000 -101.9861
-195.55000 -35.66000 1.50000 -188.9567
-250.94000 -128.50000 1.50000 -189.7085
19.96000 -49.48000 1.50000 -101.9404
-195.55000 -35.66000 1.50000 -188.9465
-250.94000 -128.50000 1.50000 -149.7059
19.96000 -49.48000 1.50000 -101.8945
-195.55000 -35.66000 1.50000 -188.9363
-250.94000 -128.50000 1.50000 -149.7034
19.96000 -49.48000 1.50000 -101.8486
-195.55000 -35.66000 1.50000 -188.9262
-250.94000 -128.50000 1.50000 -149.7010
19.96000 -49.48000 1.50000 -101.8026
-195.55000 -35.66000 1.50000 -188.9161
-250.94000 -128.50000 1.50000 -189.6987
19.96000 -49.48000 1.50000 -101.7564
-195.55000 -35.66000 1.50000 -188.9061
-250.94000 -128.50000 1.50000 -189.6964
19.96000 -49.48000 1.50000 -101.7102
-195.55000 -35.66000 1.50000 -188.8962
-250.94000 -128.50000 1.50000 -189.6942
19.96000 -49.48000 1.50000 -101.6639
-195.55000 -35.66000 1.50000 -148.8863
-250.94000 -128.50000 1.50000 -269.6920
19.96000 -49.48000 1.50000 -101.6176
-195.55000 -35.66000 1.50000 -148.8764
-250.94000 -128.50000 1.50000 -269.6899
19.96000 -49.48000 1.50000 -101.5711
-195.55000 -35.66000 1.50000 -148.8666
-250.94000 -128.50000 1.50000 -229.6879
19.96000 -49.48000 1.50000 -121.5246
-195.55000 -35.66000 1.50000 -148.8569
-250.94000 -128.50000 1.50000 -229.6859
19.96000 -49.48000 1.50000 -121.4780
-195.55000 -35.66000 1.50000 -148.8472
-250.94000 -128.50000 1.50000 -189.6840
19.96000 -49.48000 1.50000 -121.4314
-195.55000 -35.66000 1.50000 -148.8376
-250.94000 -128.50000 1.50000 -189.6822
19.96000 -49.48000 1.50000 -121.3911
-195.55000 -35.66000 1.50000 -148.8131
-250.94000 -128.50000 1.50000 -189.6584
19.96000 -49.48000 1.50000 -121.4382
-195.55000 -35.66000 1.50000 -148.8228
-250.94000 -128.50000 1.50000 -189.6602
19.96000 -49.48000 1.50000 -101.4852
-195.55000 -35.66000 1.50000 -148.8325
-250.94000 -128.50000 1.50000 -229.6621
19.96000 -49.48000 1.50000 -101.5321
-195.55000 -35.66000 1.50000 -148.8423
-250.94000 -128.50000 1.50000 -229.6641
19.96000 -49.48000 1.50000 -101.5790
-195.55000 -35.66000 1.50000 -148.8521
-250.94000 -128.50000 1.50000 -269.6661
19.96000 -49.48000 1.50000 -101.6257
-195.55000 -35.66000 1.50000 -188.8620
-250.94000 -128.50000 1.50000 -269.6682
19.96000 -49.48000 1.50000 -101.6724
-195.55000 -35.66000 1.50000 -188.8720
-250.94000 -128.50000 1.50000 -189.6704
19.96000 -49.48000 1.50000 -101.7190
-195.55000 -35.66000 1.50000 -188.8820
-250.94000 -128.50000 1.50000 -189.6726
19.96000 -49.48000 1.50000 -101.7656
-195.55000 -35.66000 1.50000 -188.8920
-250.94000 -128.50000 1.50000 -189.6749
19.96000 -49.48000 1.50000 -101.8120
-195.55000 -35.66000 1.50000 -188.9022
-250.94000 -128.50000 1.50000 -149.6773
19.96000 -49.48000 1.50000 -101.8583
-195.55000 -35.66000 1.50000 -188.9124
-250.94000 -128.50000 1.50000 -149.6797
19.96000 -49.48000 1.50000 -101.9046
-195.55000 -35.66000 1.50000 -188.9226
-250.94000 -128.50000 1.50000 -149.6822
19.96000 -49.48000 1.50000 -101.9507
-195.55000 -35.66000 1.50000 -188.9329
-250.94000 -128.50000 1.50000 -189.6848
19.96000 -49.48000 1.50000 -101.9967
-195.55000 -35.66000 1.50000 -188.9432
-250.94000 -128.50000 1.50000 -189.6874
19.96000 -49.48000 1.50000 -102.0427
-195.55000 -35.66000 1.50000 -228.9536
-250.94000 -128.50000 1.50000 -189.6901
19.96000 -49.48000 1.50000 -102.0885
-195.55000 -35.66000 1.50000 -228.9640
-250.94000 -128.50000 1.50000 -189.6928
19.96000 -49.48000 1.50000 -102.1342
-195.55000 -35.66000 1.50000 -188.9745
-250.94000 -128.50000 1.50000 -189.6956
19.96000 -49.48000 1.50000 -102.1798
-195.55000 -35.66000 1.50000 -188.9851
-250.94000 -128.50000 1.50000 -189.6985
19.96000 -49.48000 1.50000 -102.2254
-195.55000 -35.66000 1.50000 -188.9957
-250.94000 -128.50000 1.50000 -189.7014
19.96000 -49.48000 1.50000 -102.2708
-195.55000 -35.66000 1.50000 -189.0063
-250.94000 -128.50000 1.50000 -189.7045
19.96000 -49.48000 1.50000 -102.3160
-195.55000 -35.66000 1.50000 -189.0170
-250.94000 -128.50000 1.50000 -189.7075
19.96000 -49.48000 1.50000 -102.3612
-195.55000 -35.66000 1.50000 -189.0278
-250.94000 -128.50000 1.50000 -229.7106
19.96000 -49.48000 1.50000 -102.4063
-195.55000 -35.66000 1.50000 -189.0386
-250.94000 -128.50000 1.50000 -229.7138
19.96000 -49.48000 1.50000 -102.4512
-195.55000 -35.66000 1.50000 -189.0494
-250.94000 -128.50000 1.50000 -229.7171
19.96000 -49.48000 1.50000 -102.4960
-195.55000 -35.66000 1.50000 -189.0603
-250.94000 -128.50000 1.50000 -229.7204
19.96000 -49.48000 1.50000 -102.5407
-195.55000 -35.66000 1.50000 -189.0713
-250.94000 -128.50000 1.50000 -229.7238
19.96000 -49.48000 1.50000 -102.5853
-195.55000 -35.66000 1.50000 -189.0822
-250.94000 -128.50000 1.50000 -229.7272
19.96000 -49.48000 1.50000 -102.6298
-195.55000 -35.66000 1.50000 -229.0933
-250.94000 -128.50000 1.50000 -229.7307
19.96000 -49.48000 1.50000 -102.6741
-195.55000 -35.66000 1.50000 -229.1044
19.96000 -49.48000 1.50000 -102.7184
-195.55000 -35.66000 1.50000 -229.1155
19.96000 -49.48000 1.50000 -102.7625
-195.55000 -35.66000 1.50000 -229.1267
-250.94000 -128.50000 1.50000 -269.7416
19.96000 -49.48000 1.50000 -102.8064
-195.55000 -35.66000 1.50000 -229.1379
-250.94000 -128.50000 1.50000 -269.7454
19.96000 -49.48000 1.50000 -102.7774
-195.55000 -35.66000 1.50000 -229.1151
-250.94000 -128.50000 1.50000 -269.7219
19.96000 -49.48000 1.50000 -102.7332
-195.55000 -35.66000 1.50000 -229.1038
-250.94000 -128.50000 1.50000 -269.7182
19.96000 -49.48000 1.50000 -102.6888
-195.55000 -35.66000 1.50000 -229.0926
19.96000 -49.48000 1.50000 -102.6442
-195.55000 -35.66000 1.50000 -229.0814
19.96000 -49.48000 1.50000 -102.5996
-195.55000 -35.66000 1.50000 -229.0703
-250.94000 -128.50000 1.50000 -269.7072
19.96000 -49.48000 1.50000 -102.5548
-195.55000 -35.66000 1.50000 -189.0591
-250.94000 -128.50000 1.50000 -229.7037
19.96000 -49.48000 1.50000 -102.5099
-195.55000 -35.66000 1.50000 -189.0481
-250.94000 -128.50000 1.50000 -229.7002
19.96000 -49.48000 1.50000 -102.4649
-195.55000 -35.66000 1.50000 -189.0371
-250.94000 -128.50000 1.50000 -229.6968
19.96000 -49.48000 1.50000 -102.4197
-195.55000 -35.66000 1.50000 -189.0261
-250.94000 -128.50000 1.50000 -229.6935
19.96000 -49.48000 1.50000 -102.3745
-195.55000 -35.66000 1.50000 -189.0152
-250.94000 -128.50000 1.50000 -229.6902
19.96000 -49.48000 1.50000 -102.3291
-195.55000 -35.66000 1.50000 -189.0044
-250.94000 -128.50000 1.50000 -229.6870
19.96000 -49.48000 1.50000 -102.2836
-195.55000 -35.66000 1.50000 -188.9936
-250.94000 -128.50000 1.50000 -189.6839
19.96000 -49.48000 1.50000 -102.2379
-195.55000 -35.66000 1.50000 -188.9828
-250.94000 -128.50000 1.50000 -189.6808
19.96000 -49.48000 1.50000 -102.1922
-195.55000 -35.66000 1.50000 -188.9721
-250.94000 -128.50000 1.50000 -189.6778
19.96000 -49.48000 1.50000 -102.1463
-195.55000 -35.66000 1.50000 -188.9615
-250.94000 -128.50000 1.50000 -189.6748
19.96000 -49.48000 1.50000 -102.1003
-195.55000 -35.66000 1.50000 -188.9508
-250.94000 -128.50000 1.50000 -189.6720
19.96000 -49.48000 1.50000 -102.0543
-195.55000 -35.66000 1.50000 -228.9403
-250.94000 -128.50000 1.50000 -189.6691
19.96000 -49.48000 1.50000 -102.0081
-195.55000 -35.66000 1.50000 -228.9298
-250.94000 -128.50000 1.50000 -189.6664
19.96000 -49.48000 1.50000 -101.9618
-195.55000 -35.66000 1.50000 -188.9193
-250.94000 -128.50000 1.50000 -189.6637
19.96000 -49.48000 1.50000 -101.9153
-195.55000 -35.66000 1.50000 -188.9090
-250.94000 -128.50000 1.50000 -189.6610
19.96000 -49.48000 1.50000 -101.8688
-195.55000 -35.66000 1.50000 -188.8986
-250.94000 -128.50000 1.50000 -149.6584
19.96000 -49.48000 1.50000 -101.8222
-195.55000 -35.66000 1.50000 -188.8883
-250.94000 -128.50000 1.50000 -149.6559
19.96000 -49.48000 1.50000 -101.7755
-195.55000 -35.66000 1.50000 -188.8781
-250.94000 -128.50000 1.50000 -149.6535
19.96000 -49.48000 1.50000 -101.7287
-195.55000 -35.66000 1.50000 -188.8679
-250.94000 -128.50000 1.50000 -189.6511
19.96000 -49.48000 1.50000 -101.6817
-195.55000 -35.66000 1.50000 -188.8578
-250.94000 -128.50000 1.50000 -189.6488
19.96000 -49.48000 1.50000 -101.6347
-195.55000 -35.66000 1.50000 -188.8477
-250.94000 -128.50000 1.50000 -189.6466
19.96000 -49.48000 1.50000 -101.5876
-195.55000 -35.66000 1.50000 -188.8377
-250.94000 -128.50000 1.50000 -269.6444
19.96000 -49.48000 1.50000 -101.5404
-195.55000 -35.66000 1.50000 -148.8278
-250.94000 -128.50000 1.50000 -269.6423
19.96000 -49.48000 1.50000 -101.4932
-195.55000 -35.66000 1.50000 -148.8179
-250.94000 -128.50000 1.50000 -229.6402
19.96000 -49.48000 1.50000 -101.4458
-195.55000 -35.66000 1.50000 -148.8080
-250.94000 -128.50000 1.50000 -229.6382
19.96000 -49.48000 1.50000 -101.3984
-195.55000 -35.66000 1.50000 -148.7982
-250.94000 -128.50000 1.50000 -189.6363
19.96000 -49.48000 1.50000 -101.3508
-195.55000 -35.66000 1.50000 -148.7885
-250.94000 -128.50000 1.50000 -189.6345
19.96000 -49.48000 1.50000 -101.3107
-195.55000 -35.66000 1.50000 -148.7639
-250.94000 -128.50000 1.50000 -189.6105
19.96000 -49.48000 1.50000 -101.3586
-195.55000 -35.66000 1.50000 -148.7737
-250.94000 -128.50000 1.50000 -189.6124
19.96000 -49.48000 1.50000 -101.4065
-195.55000 -35.66000 1.50000 -148.7835
-250.94000 -128.50000 1.50000 -229.6143
19.96000 -49.48000 1.50000 -101.4543
-195.55000 -35.66000 1.50000 -148.7934
-250.94000 -128.50000 1.50000 -229.6163
19.96000 -49.48000 1.50000 -101.5020
-195.55000 -35.66000 1.50000 -148.8033
-250.94000 -128.50000 1.50000 -269.6183
19.96000 -49.48000 1.50000 -101.5496
-195.55000 -35.66000 1.50000 -188.8134
-250.94000 -128.50000 1.50000 -269.6205
19.96000 -49.48000 1.50000 -101.5971
-195.55000 -35.66000 1.50000 -188.8234
-250.94000 -128.50000 1.50000 -189.6227
19.96000 -49.48000 1.50000 -101.6445
-195.55000 -35.66000 1.50000 -188.8335
-250.94000 -128.50000 1.50000 -189.6249
19.96000 -49.48000 1.50000 -101.6919
-195.55000 -35.66000 1.50000 -188.8437
-250.94000 -128.50000 1.50000 -189.6273
19.96000 -49.48000 1.50000 -101.7391
-195.55000 -35.66000 1.50000 -188.8540
-250.94000 -128.50000 1.50000 -149.6297
19.96000 -49.48000 1.50000 -101.7862
-195.55000 -35.66000 1.50000 -188.8642
-250.94000 -128.50000 1.50000 -149.6321
19.96000 -49.48000 1.50000 -101.8332
-195.55000 -35.66000 1.50000 -188.8746
-250.94000 -128.50000 1.50000 -149.6346
19.96000 -49.48000 1.50000 -101.8801
-195.55000 -35.66000 1.50000 -188.8850
-250.94000 -128.50000 1.50000 -189.6372
19.96000 -49.48000 1.50000 -101.9269
-195.55000 -35.66000 1.50000 -228.8954
-250.94000 -128.50000 1.50000 -189.6399
19.96000 -49.48000 1.50000 -101.9736
-195.55000 -35.66000 1.50000 -228.9059
-250.94000 -128.50000 1.50000 -189.6426
19.96000 -49.48000 1.50000 -102.0201
-195.55000 -35.66000 1.50000 -228.9165
-250.94000 -128.50000 1.50000 -189.6454
19.96000 -49.48000 1.50000 -102.0666
-195.55000 -35.66000 1.50000 -188.9271
-250.94000 -128.50000 1.50000 -189.6482
19.96000 -49.48000 1.50000 -102.1129
-195.55000 -35.66000 1.50000 -188.9378
-250.94000 -128.50000 1.50000 -189.6511
19.96000 -49.48000 1.50000 -102.1591
-195.55000 -35.66000 1.50000 -188.9485
-250.94000 -128.50000 1.50000 -189.6541
19.96000 -49.48000 1.50000 -102.2052
-195.55000 -35.66000 1.50000 -188.9593
-250.94000 -128.50000 1.50000 -189.6571