19.96000 -49.48000 1.50000 -101.6418
-195.55000 -35.66000 1.50000 -188.5264
-250.94000 -128.50000 1.50000 -189.2192
19.96000 -49.48000 1.50000 -101.6941
-195.55000 -35.66000 1.50000 -188.5384
-250.94000 -128.50000 1.50000 -189.2226
19.96000 -49.48000 1.50000 -101.6649
-195.55000 -35.66000 1.50000 -188.5139
-250.94000 -128.50000 1.50000 -189.1977
19.96000 -49.48000 1.50000 -101.6360
-195.55000 -35.66000 1.50000 -188.4894
-250.94000 -128.50000 1.50000 -189.1726
19.96000 -49.48000 1.50000 -101.6072
-195.55000 -35.66000 1.50000 -188.4648
-250.94000 -128.50000 1.50000 -189.1476
19.96000 -49.48000 1.50000 -101.6603
-195.55000 -35.66000 1.50000 -188.4770
-250.94000 -128.50000 1.50000 -189.1511
19.96000 -49.48000 1.50000 -101.6888
-195.55000 -35.66000 1.50000 -188.5015
-250.94000 -128.50000 1.50000 -189.1762
19.96000 -49.48000 1.50000 -101.7174
-195.55000 -35.66000 1.50000 -188.5260
-250.94000 -128.50000 1.50000 -189.2012
19.96000 -49.48000 1.50000 -101.7462
-195.55000 -35.66000 1.50000 -188.5504
-250.94000 -128.50000 1.50000 -189.2261
19.96000 -49.48000 1.50000 -101.7981
-195.55000 -35.66000 1.50000 -188.5624
-250.94000 -128.50000 1.50000 -189.2297
19.96000 -49.48000 1.50000 -101.7696
-195.55000 -35.66000 1.50000 -188.5381
-250.94000 -128.50000 1.50000 -189.2048
19.96000 -49.48000 1.50000 -101.7413
-195.55000 -35.66000 1.50000 -188.5137
-250.94000 -128.50000 1.50000 -189.1798
19.96000 -49.48000 1.50000 -101.7132
-195.55000 -35.66000 1.50000 -188.4893
-250.94000 -128.50000 1.50000 -189.1547
19.96000 -49.48000 1.50000 -101.6854
-195.55000 -35.66000 1.50000 -188.4648
-250.94000 -128.50000 1.50000 -189.1296
19.96000 -49.48000 1.50000 -101.6578
-195.55000 -35.66000 1.50000 -148.4402
-250.94000 -128.50000 1.50000 -189.1044
19.96000 -49.48000 1.50000 -101.6305
-195.55000 -35.66000 1.50000 -148.4156
-250.94000 -128.50000 1.50000 -189.0791
19.96000 -49.48000 1.50000 -101.6034
-195.55000 -35.66000 1.50000 -148.3910
-250.94000 -128.50000 1.50000 -189.0538
19.96000 -49.48000 1.50000 -101.5765
-195.55000 -35.66000 1.50000 -148.3663
-250.94000 -128.50000 1.50000 -189.0284
19.96000 -49.48000 1.50000 -101.5499
-195.55000 -35.66000 1.50000 -148.3415
-250.94000 -128.50000 1.50000 -189.0029
19.96000 -49.48000 1.50000 -101.5236
-195.55000 -35.66000 1.50000 -188.3167
-250.94000 -128.50000 1.50000 -188.9773
19.96000 -49.48000 1.50000 -101.4976
-195.55000 -35.66000 1.50000 -188.2919
-250.94000 -128.50000 1.50000 -188.9517
19.96000 -49.48000 1.50000 -141.4718
-195.55000 -35.66000 1.50000 -188.2670
-250.94000 -128.50000 1.50000 -188.9260
19.96000 -49.48000 1.50000 -141.4463
-195.55000 -35.66000 1.50000 -188.2420
-250.94000 -128.50000 1.50000 -188.9002
19.96000 -49.48000 1.50000 -141.4211
-195.55000 -35.66000 1.50000 -188.2170
-250.94000 -128.50000 1.50000 -228.8744
19.96000 -49.48000 1.50000 -141.3962
-195.55000 -35.66000 1.50000 -188.1919
-250.94000 -128.50000 1.50000 -228.8484
19.96000 -49.48000 1.50000 -141.3716
-195.55000 -35.66000 1.50000 -188.1668
-250.94000 -128.50000 1.50000 -268.8224
19.96000 -49.48000 1.50000 -141.3473
-195.55000 -35.66000 1.50000 -148.1416
-250.94000 -128.50000 1.50000 -268.7963
19.96000 -49.48000 1.50000 -141.3233
-195.55000 -35.66000 1.50000 -148.1164
-250.94000 -128.50000 1.50000 -268.7701
19.96000 -49.48000 1.50000 -101.3809
-195.55000 -35.66000 1.50000 -148.1298
-250.94000 -128.50000 1.50000 -268.7742
19.96000 -49.48000 1.50000 -141.4045
-195.55000 -35.66000 1.50000 -148.1550
-250.94000 -128.50000 1.50000 -268.8004
19.96000 -49.48000 1.50000 -141.4285
-195.55000 -35.66000 1.50000 -148.1801
-250.94000 -128.50000 1.50000 -268.8264
19.96000 -49.48000 1.50000 -141.4528
-195.55000 -35.66000 1.50000 -148.2051
-250.94000 -128.50000 1.50000 -268.8524
19.96000 -49.48000 1.50000 -141.4774
-195.55000 -35.66000 1.50000 -188.2301
-250.94000 -128.50000 1.50000 -268.8783
19.96000 -49.48000 1.50000 -141.5023
-195.55000 -35.66000 1.50000 -188.2550
-250.94000 -128.50000 1.50000 -268.9041
19.96000 -49.48000 1.50000 -141.5274
-195.55000 -35.66000 1.50000 -188.2799
-250.94000 -128.50000 1.50000 -268.9299
19.96000 -49.48000 1.50000 -101.5529
-195.55000 -35.66000 1.50000 -188.3047
-250.94000 -128.50000 1.50000 -268.9556
19.96000 -49.48000 1.50000 -101.5786
-195.55000 -35.66000 1.50000 -188.3295
-250.94000 -128.50000 1.50000 -268.9812
19.96000 -49.48000 1.50000 -101.6046
-195.55000 -35.66000 1.50000 -188.3542
-250.94000 -128.50000 1.50000 -269.0067
19.96000 -49.48000 1.50000 -101.6309
-195.55000 -35.66000 1.50000 -188.3789
-250.94000 -128.50000 1.50000 -229.0322
19.96000 -49.48000 1.50000 -101.6574
-195.55000 -35.66000 1.50000 -148.4036
-250.94000 -128.50000 1.50000 -189.0576
19.96000 -49.48000 1.50000 -101.6842
-195.55000 -35.66000 1.50000 -148.4281
-250.94000 -128.50000 1.50000 -189.0829
19.96000 -49.48000 1.50000 -101.7112
-195.55000 -35.66000 1.50000 -148.4527
-250.94000 -128.50000 1.50000 -189.1082
19.96000 -49.48000 1.50000 -101.7384
-195.55000 -35.66000 1.50000 -148.4771
-250.94000 -128.50000 1.50000 -189.1333
19.96000 -49.48000 1.50000 -101.7659
-195.55000 -35.66000 1.50000 -148.5016
-250.94000 -128.50000 1.50000 -189.1584
19.96000 -49.48000 1.50000 -101.7936
-195.55000 -35.66000 1.50000 -188.5259
-250.94000 -128.50000 1.50000 -189.1835
19.96000 -49.48000 1.50000 -101.8216
-195.55000 -35.66000 1.50000 -188.5503
-250.94000 -128.50000 1.50000 -189.2084
19.96000 -49.48000 1.50000 -101.8498
-195.55000 -35.66000 1.50000 -188.5745
-250.94000 -128.50000 1.50000 -189.2333
19.96000 -49.48000 1.50000 -101.8781
-195.55000 -35.66000 1.50000 -188.5987
-250.94000 -128.50000 1.50000 -189.2581
19.96000 -49.48000 1.50000 -101.9292
-195.55000 -35.66000 1.50000 -188.6108
-250.94000 -128.50000 1.50000 -189.2618
19.96000 -49.48000 1.50000 -101.9012
-195.55000 -35.66000 1.50000 -188.5867
-250.94000 -128.50000 1.50000 -189.2370
19.96000 -49.48000 1.50000 -101.8734
-195.55000 -35.66000 1.50000 -148.5625
-250.94000 -128.50000 1.50000 -229.2122
19.96000 -49.48000 1.50000 -101.8457
-195.55000 -35.66000 1.50000 -148.5382
-250.94000 -128.50000 1.50000 -229.1872
19.96000 -49.48000 1.50000 -101.8184
-195.55000 -35.66000 1.50000 -148.5139
-250.94000 -128.50000 1.50000 -269.1622
19.96000 -49.48000 1.50000 -101.7912
-195.55000 -35.66000 1.50000 -148.4896
-250.94000 -128.50000 1.50000 -269.1371
19.96000 -49.48000 1.50000 -101.7643
-195.55000 -35.66000 1.50000 -148.4652
-250.94000 -128.50000 1.50000 -269.1120
19.96000 -49.48000 1.50000 -101.7376
-195.55000 -35.66000 1.50000 -188.4407
-250.94000 -128.50000 1.50000 -269.0867
19.96000 -49.48000 1.50000 -101.7111
-195.55000 -35.66000 1.50000 -188.4162
-250.94000 -128.50000 1.50000 -269.0615
19.96000 -49.48000 1.50000 -101.6850
-195.55000 -35.66000 1.50000 -188.3916
-250.94000 -128.50000 1.50000 -269.0361
19.96000 -49.48000 1.50000 -101.6590
-195.55000 -35.66000 1.50000 -188.3670
-250.94000 -128.50000 1.50000 -269.0106
19.96000 -49.48000 1.50000 -101.6333
-195.55000 -35.66000 1.50000 -188.3424
-250.94000 -128.50000 1.50000 -268.9851
19.96000 -49.48000 1.50000 -141.6080
-195.55000 -35.66000 1.50000 -188.3177
-250.94000 -128.50000 1.50000 -268.9595
19.96000 -49.48000 1.50000 -141.5828
-195.55000 -35.66000 1.50000 -188.2929
-250.94000 -128.50000 1.50000 -268.9339
19.96000 -49.48000 1.50000 -141.5580
-195.55000 -35.66000 1.50000 -148.2681
-250.94000 -128.50000 1.50000 -268.9081
19.96000 -49.48000 1.50000 -141.5334
-195.55000 -35.66000 1.50000 -148.2432
-250.94000 -128.50000 1.50000 -268.8823
19.96000 -49.48000 1.50000 -141.5091
-195.55000 -35.66000 1.50000 -148.2183
-250.94000 -128.50000 1.50000 -268.8564
19.96000 -49.48000 1.50000 -141.4852
-195.55000 -35.66000 1.50000 -148.1934
-250.94000 -128.50000 1.50000 -268.8305
19.96000 -49.48000 1.50000 -141.4615
-195.55000 -35.66000 1.50000 -148.1683
-250.94000 -128.50000 1.50000 -228.8044
19.96000 -49.48000 1.50000 -101.4381
-195.55000 -35.66000 1.50000 -148.1433
-250.94000 -128.50000 1.50000 -228.7783
19.96000 -49.48000 1.50000 -101.4151
-195.55000 -35.66000 1.50000 -148.1181
-250.94000 -128.50000 1.50000 -228.7521
19.96000 -49.48000 1.50000 -101.3923
-195.55000 -35.66000 1.50000 -148.0930
-250.94000 -128.50000 1.50000 -228.7259
19.96000 -49.48000 1.50000 -101.3699
-195.55000 -35.66000 1.50000 -148.0678
-250.94000 -128.50000 1.50000 -228.6995
19.96000 -49.48000 1.50000 -101.4278
-195.55000 -35.66000 1.50000 -148.0815
-250.94000 -128.50000 1.50000 -228.7038
19.96000 -49.48000 1.50000 -101.4499
-195.55000 -35.66000 1.50000 -148.1067
-250.94000 -128.50000 1.50000 -228.7301
19.96000 -49.48000 1.50000 -101.4723
-195.55000 -35.66000 1.50000 -148.1317
-250.94000 -128.50000 1.50000 -228.7563
19.96000 -49.48000 1.50000 -101.4951
-195.55000 -35.66000 1.50000 -148.1568
-250.94000 -128.50000 1.50000 -228.7825
19.96000 -49.48000 1.50000 -101.5181
-195.55000 -35.66000 1.50000 -148.1818
-250.94000 -128.50000 1.50000 -228.8086
19.96000 -49.48000 1.50000 -141.5415
-195.55000 -35.66000 1.50000 -148.2067
-250.94000 -128.50000 1.50000 -228.8346
19.96000 -49.48000 1.50000 -141.5652
-195.55000 -35.66000 1.50000 -148.2316
-250.94000 -128.50000 1.50000 -228.8606
19.96000 -49.48000 1.50000 -141.5891
-195.55000 -35.66000 1.50000 -148.2564
-250.94000 -128.50000 1.50000 -228.8864
19.96000 -49.48000 1.50000 -141.6134
-195.55000 -35.66000 1.50000 -148.2812
-250.94000 -128.50000 1.50000 -228.9122
19.96000 -49.48000 1.50000 -141.6379
-195.55000 -35.66000 1.50000 -148.3060
-250.94000 -128.50000 1.50000 -228.9379
19.96000 -49.48000 1.50000 -141.6627
-195.55000 -35.66000 1.50000 -148.3307
-250.94000 -128.50000 1.50000 -228.9636
19.96000 -49.48000 1.50000 -101.6878
-195.55000 -35.66000 1.50000 -188.3553
-250.94000 -128.50000 1.50000 -228.9891
19.96000 -49.48000 1.50000 -101.7132
-195.55000 -35.66000 1.50000 -188.3799
-250.94000 -128.50000 1.50000 -269.0146
19.96000 -49.48000 1.50000 -101.7388
-195.55000 -35.66000 1.50000 -188.4044
-250.94000 -128.50000 1.50000 -269.0400
19.96000 -49.48000 1.50000 -101.7646
-195.55000 -35.66000 1.50000 -188.4289
-250.94000 -128.50000 1.50000 -269.0654
19.96000 -49.48000 1.50000 -101.7908
-195.55000 -35.66000 1.50000 -188.4533
-250.94000 -128.50000 1.50000 -269.0906
19.96000 -49.48000 1.50000 -101.8171
-195.55000 -35.66000 1.50000 -188.4777
-250.94000 -128.50000 1.50000 -269.1158
19.96000 -49.48000 1.50000 -101.8437
-195.55000 -35.66000 1.50000 -188.5020
-250.94000 -128.50000 1.50000 -269.1410
19.96000 -49.48000 1.50000 -101.8706
-195.55000 -35.66000 1.50000 -148.5263
-250.94000 -128.50000 1.50000 -269.1660
19.96000 -49.48000 1.50000 -101.8976
-195.55000 -35.66000 1.50000 -148.5506
-250.94000 -128.50000 1.50000 -269.1910
19.96000 -49.48000 1.50000 -101.9249
-195.55000 -35.66000 1.50000 -148.5748
-250.94000 -128.50000 1.50000 -269.2159
19.96000 -49.48000 1.50000 -101.9524
-195.55000 -35.66000 1.50000 -148.5989
-250.94000 -128.50000 1.50000 -269.2408
19.96000 -49.48000 1.50000 -101.9801
-195.55000 -35.66000 1.50000 -148.6230
-250.94000 -128.50000 1.50000 -269.2656
19.96000 -49.48000 1.50000 -102.0308
-195.55000 -35.66000 1.50000 -148.6351
-250.94000 -128.50000 1.50000 -269.2694
19.96000 -49.48000 1.50000 -102.0034
-195.55000 -35.66000 1.50000 -148.6111
-250.94000 -128.50000 1.50000 -269.2447
19.96000 -49.48000 1.50000 -101.9763
-195.55000 -35.66000 1.50000 -148.5871
-250.94000 -128.50000 1.50000 -269.2198
19.96000 -49.48000 1.50000 -101.9493
-195.55000 -35.66000 1.50000 -188.5630
-250.94000 -128.50000 1.50000 -269.1949
19.96000 -49.48000 1.50000 -101.9225
-195.55000 -35.66000 1.50000 -188.5388
-250.94000 -128.50000 1.50000 -269.1700
19.96000 -49.48000 1.50000 -101.8960
-195.55000 -35.66000 1.50000 -188.5146
-250.94000 -128.50000 1.50000 -229.1449
19.96000 -49.48000 1.50000 -101.8698
-195.55000 -35.66000 1.50000 -188.4903
-250.94000 -128.50000 1.50000 -229.1198
19.96000 -49.48000 1.50000 -101.8437
-195.55000 -35.66000 1.50000 -188.4660
-250.94000 -128.50000 1.50000 -229.0946
19.96000 -49.48000 1.50000 -101.8179
-195.55000 -35.66000 1.50000 -188.4416
-250.94000 -128.50000 1.50000 -229.0694
19.96000 -49.48000 1.50000 -101.7924
-195.55000 -35.66000 1.50000 -188.4172
-250.94000 -128.50000 1.50000 -229.0441
19.96000 -49.48000 1.50000 -101.7671
-195.55000 -35.66000 1.50000 -148.3928
-250.94000 -128.50000 1.50000 -229.0187
19.96000 -49.48000 1.50000 -141.7420
-195.55000 -35.66000 1.50000 -148.3683
-250.94000 -128.50000 1.50000 -228.9932
19.96000 -49.48000 1.50000 -141.7173
-195.55000 -35.66000 1.50000 -148.3437
-250.94000 -128.50000 1.50000 -228.9677
19.96000 -49.48000 1.50000 -141.6927
-195.55000 -35.66000 1.50000 -148.3191
-250.94000 -128.50000 1.50000 -228.9420
19.96000 -49.48000 1.50000 -141.6685
-195.55000 -35.66000 1.50000 -148.2944
-250.94000 -128.50000 1.50000 -228.9164
19.96000 -49.48000 1.50000 -141.6446
-195.55000 -35.66000 1.50000 -148.2697
-250.94000 -128.50000 1.50000 -228.8906
19.96000 -49.48000 1.50000 -141.6209
-195.55000 -35.66000 1.50000 -148.2449
-250.94000 -128.50000 1.50000 -228.8647
19.96000 -49.48000 1.50000 -141.5976
-195.55000 -35.66000 1.50000 -148.2201
-250.94000 -128.50000 1.50000 -228.8388
19.96000 -49.48000 1.50000 -101.5745
-195.55000 -35.66000 1.50000 -148.1953
-250.94000 -128.50000 1.50000 -228.8129
19.96000 -49.48000 1.50000 -101.5517
-195.55000 -35.66000 1.50000 -148.1703
-250.94000 -128.50000 1.50000 -228.7868
19.96000 -49.48000 1.50000 -101.5293
-195.55000 -35.66000 1.50000 -148.1454
-250.94000 -128.50000 1.50000 -228.7607
19.96000 -49.48000 1.50000 -101.5071
-195.55000 -35.66000 1.50000 -148.1204
-250.94000 -128.50000 1.50000 -228.7344
19.96000 -49.48000 1.50000 -101.4853
-195.55000 -35.66000 1.50000 -148.0953
-250.94000 -128.50000 1.50000 -228.7081
19.96000 -49.48000 1.50000 -101.5425
-195.55000 -35.66000 1.50000 -148.1092
-250.94000 -128.50000 1.50000 -188.7126
19.96000 -49.48000 1.50000 -101.5641
-195.55000 -35.66000 1.50000 -148.1341
-250.94000 -128.50000 1.50000 -228.7388
19.96000 -49.48000 1.50000 -101.5859
-195.55000 -35.66000 1.50000 -148.1591
-250.94000 -128.50000 1.50000 -228.7650
19.96000 -49.48000 1.50000 -101.6081
-195.55000 -35.66000 1.50000 -148.1840
-250.94000 -128.50000 1.50000 -228.7911
19.96000 -49.48000 1.50000 -101.6305
-195.55000 -35.66000 1.50000 -148.2088
-250.94000 -128.50000 1.50000 -228.8172
19.96000 -49.48000 1.50000 -141.6533
-195.55000 -35.66000 1.50000 -148.2336
-250.94000 -128.50000 1.50000 -228.8431
19.96000 -49.48000 1.50000 -141.6764
-195.55000 -35.66000 1.50000 -148.2583
-250.94000 -128.50000 1.50000 -228.8690
19.96000 -49.48000 1.50000 -141.6997
-195.55000 -35.66000 1.50000 -148.2830
-250.94000 -128.50000 1.50000 -228.8948
19.96000 -49.48000 1.50000 -141.7234
-195.55000 -35.66000 1.50000 -148.3076
-250.94000 -128.50000 1.50000 -228.9206
19.96000 -49.48000 1.50000 -141.7473
-195.55000 -35.66000 1.50000 -148.3322
-250.94000 -128.50000 1.50000 -228.9462
19.96000 -49.48000 1.50000 -141.7715
-195.55000 -35.66000 1.50000 -148.3568
-250.94000 -128.50000 1.50000 -228.9718
19.96000 -49.48000 1.50000 -141.7960
-195.55000 -35.66000 1.50000 -148.3813
-250.94000 -128.50000 1.50000 -228.9973
19.96000 -49.48000 1.50000 -101.8207
-195.55000 -35.66000 1.50000 -148.4057
-250.94000 -128.50000 1.50000 -229.0228
19.96000 -49.48000 1.50000 -101.8457
-195.55000 -35.66000 1.50000 -148.4301
-250.94000 -128.50000 1.50000 -229.0482
19.96000 -49.48000 1.50000 -101.8709
-195.55000 -35.66000 1.50000 -148.4544
-250.94000 -128.50000 1.50000 -229.0735
19.96000 -49.48000 1.50000 -101.8964
-195.55000 -35.66000 1.50000 -188.4787
-250.94000 -128.50000 1.50000 -229.0987
19.96000 -49.48000 1.50000 -101.9221
-195.55000 -35.66000 1.50000 -188.5030
-250.94000 -128.50000 1.50000 -229.1238
19.96000 -49.48000 1.50000 -101.9481
-195.55000 -35.66000 1.50000 -188.5272
-250.94000 -128.50000 1.50000 -229.1489
19.96000 -49.48000 1.50000 -101.9743
-195.55000 -35.66000 1.50000 -188.5513
-250.94000 -128.50000 1.50000 -229.1740
19.96000 -49.48000 1.50000 -102.0007
-195.55000 -35.66000 1.50000 -188.5754
-250.94000 -128.50000 1.50000 -229.1989
19.96000 -49.48000 1.50000 -102.0274
-195.55000 -35.66000 1.50000 -188.5994
-250.94000 -128.50000 1.50000 -229.2238
19.96000 -49.48000 1.50000 -102.0542
-195.55000 -35.66000 1.50000 -188.6234
-250.94000 -128.50000 1.50000 -229.2486
19.96000 -49.48000 1.50000 -102.0813
-195.55000 -35.66000 1.50000 -148.6474
-250.94000 -128.50000 1.50000 -229.2733
19.96000 -49.48000 1.50000 -102.1316
-195.55000 -35.66000 1.50000 -188.6597
-250.94000 -128.50000 1.50000 -229.2773
19.96000 -49.48000 1.50000 -102.1048
-195.55000 -35.66000 1.50000 -188.6358
-250.94000 -128.50000 1.50000 -229.2525
19.96000 -49.48000 1.50000 -102.0783
-195.55000 -35.66000 1.50000 -188.6119
-250.94000 -128.50000 1.50000 -229.2278
19.96000 -49.48000 1.50000 -102.0519
-195.55000 -35.66000 1.50000 -188.5879
-250.94000 -128.50000 1.50000 -229.2029
19.96000 -49.48000 1.50000 -102.0258
-195.55000 -35.66000 1.50000 -188.5639
-250.94000 -128.50000 1.50000 -229.1780
19.96000 -49.48000 1.50000 -101.9999
-195.55000 -35.66000 1.50000 -188.5398
-250.94000 -128.50000 1.50000 -229.1530
19.96000 -49.48000 1.50000 -101.9743
-195.55000 -35.66000 1.50000 -148.5157
-250.94000 -128.50000 1.50000 -229.1279
19.96000 -49.48000 1.50000 -101.9489
-195.55000 -35.66000 1.50000 -148.4915
-250.94000 -128.50000 1.50000 -229.1028
19.96000 -49.48000 1.50000 -101.9237
-195.55000 -35.66000 1.50000 -148.4673
-250.94000 -128.50000 1.50000 -229.0776
19.96000 -49.48000 1.50000 -101.8987
-195.55000 -35.66000 1.50000 -148.4430
-250.94000 -128.50000 1.50000 -229.0523
19.96000 -49.48000 1.50000 -101.8741
-195.55000 -35.66000 1.50000 -148.4187
-250.94000 -128.50000 1.50000 -229.0270
19.96000 -49.48000 1.50000 -141.8496
-195.55000 -35.66000 1.50000 -148.3943
-250.94000 -128.50000 1.50000 -229.0016
19.96000 -49.48000 1.50000 -141.8255
-195.55000 -35.66000 1.50000 -148.3699
-250.94000 -128.50000 1.50000 -228.9761
19.96000 -49.48000 1.50000 -141.8016
-195.55000 -35.66000 1.50000 -148.3454
-250.94000 -128.50000 1.50000 -228.9505
19.96000 -49.48000 1.50000 -141.7780
-195.55000 -35.66000 1.50000 -148.3209
-250.94000 -128.50000 1.50000 -228.9249
19.96000 -49.48000 1.50000 -141.7546
-195.55000 -35.66000 1.50000 -148.2964
-250.94000 -128.50000 1.50000 -228.8992
19.96000 -49.48000 1.50000 -141.7315
-195.55000 -35.66000 1.50000 -148.2718
-250.94000 -128.50000 1.50000 -188.8734
19.96000 -49.48000 1.50000 -101.7088
-195.55000 -35.66000 1.50000 -148.2471
-250.94000 -128.50000 1.50000 -188.8475
19.96000 -49.48000 1.50000 -101.6863
-195.55000 -35.66000 1.50000 -148.2224
-250.94000 -128.50000 1.50000 -188.8216
19.96000 -49.48000 1.50000 -101.6641
-195.55000 -35.66000 1.50000 -148.1976
-250.94000 -128.50000 1.50000 -188.7956
19.96000 -49.48000 1.50000 -101.6422
-195.55000 -35.66000 1.50000 -148.1728
-250.94000 -128.50000 1.50000 -188.7695
19.96000 -49.48000 1.50000 -101.6207
-195.55000 -35.66000 1.50000 -148.1480
-250.94000 -128.50000 1.50000 -188.7433
19.96000 -49.48000 1.50000 -101.5994
-195.55000 -35.66000 1.50000 -148.1231
-250.94000 -128.50000 1.50000 -188.7171
19.96000 -49.48000 1.50000 -101.6560
-195.55000 -35.66000 1.50000 -148.1370
-250.94000 -128.50000 1.50000 -228.7216
19.96000 -49.48000 1.50000 -101.6769
-195.55000 -35.66000 1.50000 -148.1618
-250.94000 -128.50000 1.50000 -228.7479
19.96000 -49.48000 1.50000 -101.6982
-195.55000 -35.66000 1.50000 -148.1866
-250.94000 -128.50000 1.50000 -228.7740
19.96000 -49.48000 1.50000 -101.7198
-195.55000 -35.66000 1.50000 -148.2113
-250.94000 -128.50000 1.50000 -228.8001
19.96000 -49.48000 1.50000 -101.7417
-195.55000 -35.66000 1.50000 -148.2360
-250.94000 -128.50000 1.50000 -228.8260
19.96000 -49.48000 1.50000 -101.7639
-195.55000 -35.66000 1.50000 -148.2607
-250.94000 -128.50000 1.50000 -188.8520
19.96000 -49.48000 1.50000 -141.7864
-195.55000 -35.66000 1.50000 -148.2852
-250.94000 -128.50000 1.50000 -188.8778
19.96000 -49.48000 1.50000 -141.8092
-195.55000 -35.66000 1.50000 -148.3098
-250.94000 -128.50000 1.50000 -188.9035
19.96000 -49.48000 1.50000 -141.8322
-195.55000 -35.66000 1.50000 -148.3343
-250.94000 -128.50000 1.50000 -188.9292
19.96000 -49.48000 1.50000 -141.8556
-195.55000 -35.66000 1.50000 -148.3587
-250.94000 -128.50000 1.50000 -188.9548
19.96000 -49.48000 1.50000 -141.8792
-195.55000 -35.66000 1.50000 -148.3831
-250.94000 -128.50000 1.50000 -188.9804
19.96000 -49.48000 1.50000 -141.9030
-195.55000 -35.66000 1.50000 -148.4074
-250.94000 -128.50000 1.50000 -189.0059
19.96000 -49.48000 1.50000 -141.9272
-195.55000 -35.66000 1.50000 -148.4317
-250.94000 -128.50000 1.50000 -189.0313
19.96000 -49.48000 1.50000 -101.9516
-195.55000 -35.66000 1.50000 -148.4560
-250.94000 -128.50000 1.50000 -229.0566
19.96000 -49.48000 1.50000 -101.9762
-195.55000 -35.66000 1.50000 -148.4802
-250.94000 -128.50000 1.50000 -229.0818
19.96000 -49.48000 1.50000 -102.0011
-195.55000 -35.66000 1.50000 -148.5043
-250.94000 -128.50000 1.50000 -229.1070
19.96000 -49.48000 1.50000 -102.0262
-195.55000 -35.66000 1.50000 -148.5284
-250.94000 -128.50000 1.50000 -229.1321
19.96000 -49.48000 1.50000 -102.0515
-195.55000 -35.66000 1.50000 -148.5525
-250.94000 -128.50000 1.50000 -229.1571
19.96000 -49.48000 1.50000 -102.0771
-195.55000 -35.66000 1.50000 -148.5765
-250.94000 -128.50000 1.50000 -229.1821
19.96000 -49.48000 1.50000 -102.1029
-195.55000 -35.66000 1.50000 -188.6004
-250.94000 -128.50000 1.50000 -229.2070
19.96000 -49.48000 1.50000 -102.1290
-195.55000 -35.66000 1.50000 -188.6243
-250.94000 -128.50000 1.50000 -229.2318
19.96000 -49.48000 1.50000 -102.1552
-195.55000 -35.66000 1.50000 -188.6482
-250.94000 -128.50000 1.50000 -229.2566
19.96000 -49.48000 1.50000 -102.1817
-195.55000 -35.66000 1.50000 -188.6720
-250.94000 -128.50000 1.50000 -229.2813
19.96000 -49.48000 1.50000 -102.2316
-195.55000 -35.66000 1.50000 -188.6844
-250.94000 -128.50000 1.50000 -229.2854
19.96000 -49.48000 1.50000 -102.2054
-195.55000 -35.66000 1.50000 -188.6606
-250.94000 -128.50000 1.50000 -229.2607
19.96000 -49.48000 1.50000 -102.1794
-195.55000 -35.66000 1.50000 -188.6368
-250.94000 -128.50000 1.50000 -229.2360
19.96000 -49.48000 1.50000 -102.1537
-195.55000 -35.66000 1.50000 -148.6130
-250.94000 -128.50000 1.50000 -229.2112
19.96000 -49.48000 1.50000 -102.1282
-195.55000 -35.66000 1.50000 -148.5891
-250.94000 -128.50000 1.50000 -189.1863
19.96000 -49.48000 1.50000 -102.1029
-195.55000 -35.66000 1.50000 -148.5652
-250.94000 -128.50000 1.50000 -189.1614
19.96000 -49.48000 1.50000 -102.0779
-195.55000 -35.66000 1.50000 -148.5412
-250.94000 -128.50000 1.50000 -189.1364
19.96000 -49.48000 1.50000 -102.0530
-195.55000 -35.66000 1.50000 -148.5172
-250.94000 -128.50000 1.50000 -189.1113
19.96000 -49.48000 1.50000 -102.0285
-195.55000 -35.66000 1.50000 -148.4931
-250.94000 -128.50000 1.50000 -189.0861
19.96000 -49.48000 1.50000 -102.0041
-195.55000 -35.66000 1.50000 -148.4690
-250.94000 -128.50000 1.50000 -189.0609
19.96000 -49.48000 1.50000 -141.9800
-195.55000 -35.66000 1.50000 -148.4448
-250.94000 -128.50000 1.50000 -189.0356
19.96000 -49.48000 1.50000 -141.9562
-195.55000 -35.66000 1.50000 -148.4206
-250.94000 -128.50000 1.50000 -189.0102
19.96000 -49.48000 1.50000 -141.9326
-195.55000 -35.66000 1.50000 -148.3963
-250.94000 -128.50000 1.50000 -228.9848
19.96000 -49.48000 1.50000 -141.9093
-195.55000 -35.66000 1.50000 -148.3720
-250.94000 -128.50000 1.50000 -228.9593
19.96000 -49.48000 1.50000 -141.8863
-195.55000 -35.66000 1.50000 -148.3476
-250.94000 -128.50000 1.50000 -228.9337
19.96000 -49.48000 1.50000 -141.8635
-195.55000 -35.66000 1.50000 -148.3232
-250.94000 -128.50000 1.50000 -228.9080
19.96000 -49.48000 1.50000 -101.8410
-195.55000 -35.66000 1.50000 -148.2988
-250.94000 -128.50000 1.50000 -228.8823
19.96000 -49.48000 1.50000 -101.8188
-195.55000 -35.66000 1.50000 -148.2743
-250.94000 -128.50000 1.50000 -228.8565
19.96000 -49.48000 1.50000 -101.7969
-195.55000 -35.66000 1.50000 -148.2497
-250.94000 -128.50000 1.50000 -228.8306
19.96000 -49.48000 1.50000 -101.7753
-195.55000 -35.66000 1.50000 -148.2251
-250.94000 -128.50000 1.50000 -228.8046
19.96000 -49.48000 1.50000 -101.7539
-195.55000 -35.66000 1.50000 -148.2005
-250.94000 -128.50000 1.50000 -228.7786
19.96000 -49.48000 1.50000 -101.7329
-195.55000 -35.66000 1.50000 -148.1758
-250.94000 -128.50000 1.50000 -228.7525
19.96000 -49.48000 1.50000 -101.7122
-195.55000 -35.66000 1.50000 -148.1510
-250.94000 -128.50000 1.50000 -228.7263
19.96000 -49.48000 1.50000 -101.7681
-195.55000 -35.66000 1.50000 -148.1651
-250.94000 -128.50000 1.50000 -228.7310
19.96000 -49.48000 1.50000 -101.7886
-195.55000 -35.66000 1.50000 -148.1897
-250.94000 -128.50000 1.50000 -228.7572
19.96000 -49.48000 1.50000 -101.8093
-195.55000 -35.66000 1.50000 -148.2143
-250.94000 -128.50000 1.50000 -228.7833
19.96000 -49.48000 1.50000 -101.8304
-195.55000 -35.66000 1.50000 -148.2389
-250.94000 -128.50000 1.50000 -228.8093
19.96000 -49.48000 1.50000 -101.8517
-195.55000 -35.66000 1.50000 -148.2634
-250.94000 -128.50000 1.50000 -228.8352
19.96000 -49.48000 1.50000 -101.8734
-195.55000 -35.66000 1.50000 -148.2879
-250.94000 -128.50000 1.50000 -228.8611
19.96000 -49.48000 1.50000 -101.8953
-195.55000 -35.66000 1.50000 -148.3123
-250.94000 -128.50000 1.50000 -228.8869
19.96000 -49.48000 1.50000 -141.9175
-195.55000 -35.66000 1.50000 -148.3367
-250.94000 -128.50000 1.50000 -228.9126
19.96000 -49.48000 1.50000 -141.9400
-195.55000 -35.66000 1.50000 -148.3611
-250.94000 -128.50000 1.50000 -228.9382
19.96000 -49.48000 1.50000 -141.9628
-195.55000 -35.66000 1.50000 -148.3853
-250.94000 -128.50000 1.50000 -228.9637
19.96000 -49.48000 1.50000 -141.9858
-195.55000 -35.66000 1.50000 -148.4096
-250.94000 -128.50000 1.50000 -228.9892
19.96000 -49.48000 1.50000 -142.0091
-195.55000 -35.66000 1.50000 -148.4338
-250.94000 -128.50000 1.50000 -229.0146
19.96000 -49.48000 1.50000 -142.0326
-195.55000 -35.66000 1.50000 -148.4579
-250.94000 -128.50000 1.50000 -229.0400
19.96000 -49.48000 1.50000 -142.0564
-195.55000 -35.66000 1.50000 -148.4820
-250.94000 -128.50000 1.50000 -229.0653
19.96000 -49.48000 1.50000 -102.0805
-195.55000 -35.66000 1.50000 -148.5061
-250.94000 -128.50000 1.50000 -229.0905
19.96000 -49.48000 1.50000 -102.1048
-195.55000 -35.66000 1.50000 -148.5301
-250.94000 -128.50000 1.50000 -229.1156
19.96000 -49.48000 1.50000 -102.1293
-195.55000 -35.66000 1.50000 -148.5540
-250.94000 -128.50000 1.50000 -229.1407
19.96000 -49.48000 1.50000 -102.1541
-195.55000 -35.66000 1.50000 -148.5780
-250.94000 -128.50000 1.50000 -189.1656
19.96000 -49.48000 1.50000 -102.1791
-195.55000 -35.66000 1.50000 -148.6018
-250.94000 -128.50000 1.50000 -189.1906
19.96000 -49.48000 1.50000 -102.2043
-195.55000 -35.66000 1.50000 -148.6256
-250.94000 -128.50000 1.50000 -189.2154
19.96000 -49.48000 1.50000 -102.2297
-195.55000 -35.66000 1.50000 -148.6494
-250.94000 -128.50000 1.50000 -189.2402
19.96000 -49.48000 1.50000 -102.2554
-195.55000 -35.66000 1.50000 -148.6731
-250.94000 -128.50000 1.50000 -189.2649
19.96000 -49.48000 1.50000 -102.2812
-195.55000 -35.66000 1.50000 -188.6968
-250.94000 -128.50000 1.50000 -189.2896
19.96000 -49.48000 1.50000 -102.3307
-195.55000 -35.66000 1.50000 -148.7093
-250.94000 -128.50000 1.50000 -229.2938
19.96000 -49.48000 1.50000 -102.3051
-195.55000 -35.66000 1.50000 -148.6857
-250.94000 -128.50000 1.50000 -229.2692
19.96000 -49.48000 1.50000 -102.2797
-195.55000 -35.66000 1.50000 -148.6620
-250.94000 -128.50000 1.50000 -229.2445
19.96000 -49.48000 1.50000 -102.2546
-195.55000 -35.66000 1.50000 -148.6383
-250.94000 -128.50000 1.50000 -229.2197
19.96000 -49.48000 1.50000 -102.2297
-195.55000 -35.66000 1.50000 -148.6146
-250.94000 -128.50000 1.50000 -229.1949
19.96000 -49.48000 1.50000 -102.2050
-195.55000 -35.66000 1.50000 -148.5908
-250.94000 -128.50000 1.50000 -229.1700
19.96000 -49.48000 1.50000 -102.1805
-195.55000 -35.66000 1.50000 -148.5669
-250.94000 -128.50000 1.50000 -229.1450
19.96000 -49.48000 1.50000 -102.1563
-195.55000 -35.66000 1.50000 -148.5430
-250.94000 -128.50000 1.50000 -229.1200
19.96000 -49.48000 1.50000 -102.1323
-195.55000 -35.66000 1.50000 -148.5191
-250.94000 -128.50000 1.50000 -229.0949
19.96000 -49.48000 1.50000 -142.1085
-195.55000 -35.66000 1.50000 -148.4951
-250.94000 -128.50000 1.50000 -229.0697
19.96000 -49.48000 1.50000 -142.0850
-195.55000 -35.66000 1.50000 -148.4711
-250.94000 -128.50000 1.50000 -229.0445
19.96000 -49.48000 1.50000 -142.0617
-195.55000 -35.66000 1.50000 -148.4470
-250.94000 -128.50000 1.50000 -229.0192
19.96000 -49.48000 1.50000 -142.0387
-195.55000 -35.66000 1.50000 -148.4229
-250.94000 -128.50000 1.50000 -228.9938
19.96000 -49.48000 1.50000 -142.0160
-195.55000 -35.66000 1.50000 -148.3987
-250.94000 -128.50000 1.50000 -228.9683
19.96000 -49.48000 1.50000 -141.9935
-195.55000 -35.66000 1.50000 -148.3745
-250.94000 -128.50000 1.50000 -228.9428
19.96000 -49.48000 1.50000 -101.9713
-195.55000 -35.66000 1.50000 -148.3503
-250.94000 -128.50000 1.50000 -228.9172
19.96000 -49.48000 1.50000 -101.9493
-195.55000 -35.66000 1.50000 -148.3260
-250.94000 -128.50000 1.50000 -228.8915
19.96000 -49.48000 1.50000 -101.9277
-195.55000 -35.66000 1.50000 -148.3016
-250.94000 -128.50000 1.50000 -228.8658
19.96000 -49.48000 1.50000 -101.9063
-195.55000 -35.66000 1.50000 -148.2772
-250.94000 -128.50000 1.50000 -228.8399
19.96000 -49.48000 1.50000 -101.8852
-195.55000 -35.66000 1.50000 -148.2528
-250.94000 -128.50000 1.50000 -228.8140
19.96000 -49.48000 1.50000 -101.8644
-195.55000 -35.66000 1.50000 -148.2283
-250.94000 -128.50000 1.50000 -228.7880
19.96000 -49.48000 1.50000 -101.8439
-195.55000 -35.66000 1.50000 -148.2037
-250.94000 -128.50000 1.50000 -228.7620
19.96000 -49.48000 1.50000 -101.8990
-195.55000 -35.66000 1.50000 -148.2178
-250.94000 -128.50000 1.50000 -228.7668
19.96000 -49.48000 1.50000 -101.9192
-195.55000 -35.66000 1.50000 -148.2423
-250.94000 -128.50000 1.50000 -228.7929
19.96000 -49.48000 1.50000 -101.9398
-195.55000 -35.66000 1.50000 -148.2667
-250.94000 -128.50000 1.50000 -228.8188
19.96000 -49.48000 1.50000 -101.9606
-195.55000 -35.66000 1.50000 -148.2910
-250.94000 -128.50000 1.50000 -228.8447
19.96000 -49.48000 1.50000 -101.9817
-195.55000 -35.66000 1.50000 -148.3154
-250.94000 -128.50000 1.50000 -228.8705
19.96000 -49.48000 1.50000 -102.0031
-195.55000 -35.66000 1.50000 -148.3396
-250.94000 -128.50000 1.50000 -228.8962
19.96000 -49.48000 1.50000 -102.0247
-195.55000 -35.66000 1.50000 -148.3639
-250.94000 -128.50000 1.50000 -228.9219
19.96000 -49.48000 1.50000 -142.0467
-195.55000 -35.66000 1.50000 -148.3881
-250.94000 -128.50000 1.50000 -228.9474
19.96000 -49.48000 1.50000 -142.0689
-195.55000 -35.66000 1.50000 -148.4122
-250.94000 -128.50000 1.50000 -228.9729
19.96000 -49.48000 1.50000 -142.0914
-195.55000 -35.66000 1.50000 -148.4363
-250.94000 -128.50000 1.50000 -228.9984
19.96000 -49.48000 1.50000 -142.1141
-195.55000 -35.66000 1.50000 -148.4603
-250.94000 -128.50000 1.50000 -229.0237
19.96000 -49.48000 1.50000 -142.1371
-195.55000 -35.66000 1.50000 -148.4843
-250.94000 -128.50000 1.50000 -229.0490
19.96000 -49.48000 1.50000 -142.1603
-195.55000 -35.66000 1.50000 -148.5083
-250.94000 -128.50000 1.50000 -229.0742
19.96000 -49.48000 1.50000 -142.1838
-195.55000 -35.66000 1.50000 -148.5322
-250.94000 -128.50000 1.50000 -229.0994
19.96000 -49.48000 1.50000 -102.2075
-195.55000 -35.66000 1.50000 -148.5560
-250.94000 -128.50000 1.50000 -229.1245
19.96000 -49.48000 1.50000 -102.2315
-195.55000 -35.66000 1.50000 -148.5799
-250.94000 -128.50000 1.50000 -229.1495
19.96000 -49.48000 1.50000 -102.2557
-195.55000 -35.66000 1.50000 -148.6036
-250.94000 -128.50000 1.50000 -229.1744
19.96000 -49.48000 1.50000 -102.2801
-195.55000 -35.66000 1.50000 -148.6274
-250.94000 -128.50000 1.50000 -229.1993
19.96000 -49.48000 1.50000 -102.3047
-195.55000 -35.66000 1.50000 -148.6510
-250.94000 -128.50000 1.50000 -229.2241
19.96000 -49.48000 1.50000 -102.3296
-195.55000 -35.66000 1.50000 -148.6747
-250.94000 -128.50000 1.50000 -229.2488
19.96000 -49.48000 1.50000 -102.3546
-195.55000 -35.66000 1.50000 -148.6983
-250.94000 -128.50000 1.50000 -229.2735
19.96000 -49.48000 1.50000 -102.3799
-195.55000 -35.66000 1.50000 -148.7218
-250.94000 -128.50000 1.50000 -229.2981
19.96000 -49.48000 1.50000 -102.4290
-195.55000 -35.66000 1.50000 -148.7344
-250.94000 -128.50000 1.50000 -229.3025
19.96000 -49.48000 1.50000 -102.4040
-195.55000 -35.66000 1.50000 -148.7109
-250.94000 -128.50000 1.50000 -229.2779
19.96000 -49.48000 1.50000 -102.3792
-195.55000 -35.66000 1.50000 -148.6874
-250.94000 -128.50000 1.50000 -229.2532
19.96000 -49.48000 1.50000 -102.3546
-195.55000 -35.66000 1.50000 -148.6638
-250.94000 -128.50000 1.50000 -229.2285
19.96000 -49.48000 1.50000 -102.3303
-195.55000 -35.66000 1.50000 -148.6402
-250.94000 -128.50000 1.50000 -229.2038
19.96000 -49.48000 1.50000 -102.3061
-195.55000 -35.66000 1.50000 -148.6165
-250.94000 -128.50000 1.50000 -229.1789
19.96000 -49.48000 1.50000 -102.2822
-195.55000 -35.66000 1.50000 -148.5928
-250.94000 -128.50000 1.50000 -229.1540
19.96000 -49.48000 1.50000 -102.2585
-195.55000 -35.66000 1.50000 -148.5691
-250.94000 -128.50000 1.50000 -229.1290
19.96000 -49.48000 1.50000 -142.2351
-195.55000 -35.66000 1.50000 -148.5453
-250.94000 -128.50000 1.50000 -229.1040
19.96000 -49.48000 1.50000 -142.2119
-195.55000 -35.66000 1.50000 -148.5215
-250.94000 -128.50000 1.50000 -229.0789
19.96000 -49.48000 1.50000 -142.1889
-195.55000 -35.66000 1.50000 -148.4976
-250.94000 -128.50000 1.50000 -229.0536
19.96000 -49.48000 1.50000 -142.1662
-195.55000 -35.66000 1.50000 -148.4737
-250.94000 -128.50000 1.50000 -229.0284
19.96000 -49.48000 1.50000 -142.1438
-195.55000 -35.66000 1.50000 -148.4497
-250.94000 -128.50000 1.50000 -229.0031
19.96000 -49.48000 1.50000 -142.1216
-195.55000 -35.66000 1.50000 -148.4257
-250.94000 -128.50000 1.50000 -228.9777
19.96000 -49.48000 1.50000 -142.0996
-195.55000 -35.66000 1.50000 -148.4016
-250.94000 -128.50000 1.50000 -228.9522
19.96000 -49.48000 1.50000 -102.0779
-195.55000 -35.66000 1.50000 -148.3775
-250.94000 -128.50000 1.50000 -228.9266
19.96000 -49.48000 1.50000 -102.0565
-195.55000 -35.66000 1.50000 -148.3534
-250.94000 -128.50000 1.50000 -228.9010
19.96000 -49.48000 1.50000 -102.0354
-195.55000 -35.66000 1.50000 -148.3292
-250.94000 -128.50000 1.50000 -228.8753
19.96000 -49.48000 1.50000 -102.0146
-195.55000 -35.66000 1.50000 -148.3049
-250.94000 -128.50000 1.50000 -228.8495
19.96000 -49.48000 1.50000 -101.9940
-195.55000 -35.66000 1.50000 -148.2806
-250.94000 -128.50000 1.50000 -228.8237
19.96000 -49.48000 1.50000 -101.9737
-195.55000 -35.66000 1.50000 -148.2563
-250.94000 -128.50000 1.50000 -228.7978
19.96000 -49.48000 1.50000 -101.9537
-195.55000 -35.66000 1.50000 -148.2319
-250.94000 -128.50000 1.50000 -228.7718
19.96000 -49.48000 1.50000 -102.0082
-195.55000 -35.66000 1.50000 -188.2461
-250.94000 -128.50000 1.50000 -228.7768
19.96000 -49.48000 1.50000 -102.0624
-195.55000 -35.66000 1.50000 -188.2603
-250.94000 -128.50000 1.50000 -228.7819