19.96000 -49.48000 1.50000 -78.0987
-195.55000 -35.66000 1.50000 -85.3537
-250.94000 -128.50000 1.50000 -86.4173
19.96000 -49.48000 1.50000 -78.0783
-195.55000 -35.66000 1.50000 -85.3880
-250.94000 -128.50000 1.50000 -86.4518
19.96000 -49.48000 1.50000 -78.0589
-195.55000 -35.66000 1.50000 -85.4223
-250.94000 -128.50000 1.50000 -86.4862
19.96000 -49.48000 1.50000 -78.0403
-195.55000 -35.66000 1.50000 -85.4564
-250.94000 -128.50000 1.50000 -86.5205
19.96000 -49.48000 1.50000 -78.0226
-195.55000 -35.66000 1.50000 -85.4905
-250.94000 -128.50000 1.50000 -86.5546
19.96000 -49.48000 1.50000 -78.0058
-195.55000 -35.66000 1.50000 -85.5244
-250.94000 -128.50000 1.50000 -86.5887
19.96000 -49.48000 1.50000 -77.9899
-195.55000 -35.66000 1.50000 -85.5583
-250.94000 -128.50000 1.50000 -86.6225
19.96000 -49.48000 1.50000 -77.9749
-195.55000 -35.66000 1.50000 -85.5921
-250.94000 -128.50000 1.50000 -86.6563
19.96000 -49.48000 1.50000 -117.9608
-195.55000 -35.66000 1.50000 -85.6257
-250.94000 -128.50000 1.50000 -86.6899
19.96000 -49.48000 1.50000 -77.9477
-195.55000 -35.66000 1.50000 -85.6593
-250.94000 -128.50000 1.50000 -86.7234
19.96000 -49.48000 1.50000 -77.9355
-195.55000 -35.66000 1.50000 -85.6928
-250.94000 -128.50000 1.50000 -86.7567
19.96000 -49.48000 1.50000 -77.9243
-195.55000 -35.66000 1.50000 -85.7262
-250.94000 -128.50000 1.50000 -86.7900
19.96000 -49.48000 1.50000 -77.9140
-195.55000 -35.66000 1.50000 -85.7595
-250.94000 -128.50000 1.50000 -86.8231
19.96000 -49.48000 1.50000 -77.9046
-195.55000 -35.66000 1.50000 -85.7927
-250.94000 -128.50000 1.50000 -86.8561
19.96000 -49.48000 1.50000 -77.8963
-195.55000 -35.66000 1.50000 -85.8258
-250.94000 -128.50000 1.50000 -86.8889
19.96000 -49.48000 1.50000 -77.8889
-195.55000 -35.66000 1.50000 -85.8588
-250.94000 -128.50000 1.50000 -86.9217
19.96000 -49.48000 1.50000 -77.8825
-195.55000 -35.66000 1.50000 -85.8918
-250.94000 -128.50000 1.50000 -86.9543
19.96000 -49.48000 1.50000 -77.8771
-195.55000 -35.66000 1.50000 -85.9246
-250.94000 -128.50000 1.50000 -86.9868
19.96000 -49.48000 1.50000 -77.8726
-195.55000 -35.66000 1.50000 -85.9573
-250.94000 -128.50000 1.50000 -87.0191
19.96000 -49.48000 1.50000 -77.8692
-195.55000 -35.66000 1.50000 -85.9900
-250.94000 -128.50000 1.50000 -87.0514
19.96000 -49.48000 1.50000 -77.8667
-195.55000 -35.66000 1.50000 -86.0226
-250.94000 -128.50000 1.50000 -87.0835
19.96000 -49.48000 1.50000 -77.8653
-195.55000 -35.66000 1.50000 -86.0550
-250.94000 -128.50000 1.50000 -87.1155
19.96000 -49.48000 1.50000 -77.8648
-195.55000 -35.66000 1.50000 -86.0874
-250.94000 -128.50000 1.50000 -87.1474
19.96000 -49.48000 1.50000 -77.8654
-195.55000 -35.66000 1.50000 -86.1197
-250.94000 -128.50000 1.50000 -87.1792
19.96000 -49.48000 1.50000 -77.8669
-195.55000 -35.66000 1.50000 -86.1519
-250.94000 -128.50000 1.50000 -87.2109
19.96000 -49.48000 1.50000 -77.8694
-195.55000 -35.66000 1.50000 -86.1840
-250.94000 -128.50000 1.50000 -87.2424
19.96000 -49.48000 1.50000 -77.8730
-195.55000 -35.66000 1.50000 -86.2160
-250.94000 -128.50000 1.50000 -87.2739
19.96000 -49.48000 1.50000 -77.8775
-195.55000 -35.66000 1.50000 -86.2480
-250.94000 -128.50000 1.50000 -87.3052
19.96000 -49.48000 1.50000 -77.8830
-195.55000 -35.66000 1.50000 -86.2798
-250.94000 -128.50000 1.50000 -87.3364
19.96000 -49.48000 1.50000 -77.8895
-195.55000 -35.66000 1.50000 -86.3116
-250.94000 -128.50000 1.50000 -87.3675
19.96000 -49.48000 1.50000 -77.8969
-195.55000 -35.66000 1.50000 -86.3432
-250.94000 -128.50000 1.50000 -87.3985
19.96000 -49.48000 1.50000 -77.9054
-195.55000 -35.66000 1.50000 -86.3748
-250.94000 -128.50000 1.50000 -87.4294
19.96000 -49.48000 1.50000 -77.9148
-195.55000 -35.66000 1.50000 -86.4063
-250.94000 -128.50000 1.50000 -87.4602
19.96000 -49.48000 1.50000 -77.9251
-195.55000 -35.66000 1.50000 -86.4377
-250.94000 -128.50000 1.50000 -87.4909
19.96000 -49.48000 1.50000 -77.9365
-195.55000 -35.66000 1.50000 -86.4690
-250.94000 -128.50000 1.50000 -87.5214
19.96000 -49.48000 1.50000 -77.9487
-195.55000 -35.66000 1.50000 -86.5002
-250.94000 -128.50000 1.50000 -87.5519
19.96000 -49.48000 1.50000 -77.9619
-195.55000 -35.66000 1.50000 -86.5313
-250.94000 -128.50000 1.50000 -87.5822
19.96000 -49.48000 1.50000 -77.9761
-195.55000 -35.66000 1.50000 -86.5624
-250.94000 -128.50000 1.50000 -87.6125
19.96000 -49.48000 1.50000 -77.9911
-195.55000 -35.66000 1.50000 -86.5933
-250.94000 -128.50000 1.50000 -87.6426
19.96000 -49.48000 1.50000 -78.0793
-195.55000 -35.66000 1.50000 -86.6074
-250.94000 -128.50000 1.50000 -127.6440
19.96000 -49.48000 1.50000 -78.0645
-195.55000 -35.66000 1.50000 -86.5766
-250.94000 -128.50000 1.50000 -87.6139
19.96000 -49.48000 1.50000 -78.0507
-195.55000 -35.66000 1.50000 -86.5456
-250.94000 -128.50000 1.50000 -87.5836
19.96000 -49.48000 1.50000 -78.0377
-195.55000 -35.66000 1.50000 -86.5146
-250.94000 -128.50000 1.50000 -87.5533
19.96000 -49.48000 1.50000 -78.0257
-195.55000 -35.66000 1.50000 -86.4835
-250.94000 -128.50000 1.50000 -87.5228
19.96000 -49.48000 1.50000 -78.0146
-195.55000 -35.66000 1.50000 -86.4523
-250.94000 -128.50000 1.50000 -87.4923
19.96000 -49.48000 1.50000 -78.0045
-195.55000 -35.66000 1.50000 -86.4210
-250.94000 -128.50000 1.50000 -87.4616
19.96000 -49.48000 1.50000 -77.9952
-195.55000 -35.66000 1.50000 -86.3896
-250.94000 -128.50000 1.50000 -87.4309
19.96000 -49.48000 1.50000 -77.9870
-195.55000 -35.66000 1.50000 -86.3582
-250.94000 -128.50000 1.50000 -87.4000
19.96000 -49.48000 1.50000 -77.9797
-195.55000 -35.66000 1.50000 -86.3266
-250.94000 -128.50000 1.50000 -87.3690
19.96000 -49.48000 1.50000 -77.9733
-195.55000 -35.66000 1.50000 -86.2950
-250.94000 -128.50000 1.50000 -87.3379
19.96000 -49.48000 1.50000 -77.9679
-195.55000 -35.66000 1.50000 -86.2632
-250.94000 -128.50000 1.50000 -87.3067
19.96000 -49.48000 1.50000 -77.9635
-195.55000 -35.66000 1.50000 -86.2314
-250.94000 -128.50000 1.50000 -87.2754
19.96000 -49.48000 1.50000 -77.9601
-195.55000 -35.66000 1.50000 -86.1995
-250.94000 -128.50000 1.50000 -87.2439
19.96000 -49.48000 1.50000 -77.9576
-195.55000 -35.66000 1.50000 -86.1675
-250.94000 -128.50000 1.50000 -87.2124
19.96000 -49.48000 1.50000 -77.9561
-195.55000 -35.66000 1.50000 -86.1354
-250.94000 -128.50000 1.50000 -87.1807
19.96000 -49.48000 1.50000 -77.9556
-195.55000 -35.66000 1.50000 -86.1033
-250.94000 -128.50000 1.50000 -87.1490
19.96000 -49.48000 1.50000 -77.9560
-195.55000 -35.66000 1.50000 -86.0710
-250.94000 -128.50000 1.50000 -87.1171
19.96000 -49.48000 1.50000 -77.9574
-195.55000 -35.66000 1.50000 -86.0387
-250.94000 -128.50000 1.50000 -87.0851
19.96000 -49.48000 1.50000 -77.9598
-195.55000 -35.66000 1.50000 -86.0062
-250.94000 -128.50000 1.50000 -87.0529
19.96000 -49.48000 1.50000 -77.9632
-195.55000 -35.66000 1.50000 -85.9737
-250.94000 -128.50000 1.50000 -87.0207
19.96000 -49.48000 1.50000 -77.9675
-195.55000 -35.66000 1.50000 -85.9411
-250.94000 -128.50000 1.50000 -86.9883
19.96000 -49.48000 1.50000 -77.9729
-195.55000 -35.66000 1.50000 -85.9083
-250.94000 -128.50000 1.50000 -86.9559
19.96000 -49.48000 1.50000 -77.9791
-195.55000 -35.66000 1.50000 -85.8755
-250.94000 -128.50000 1.50000 -86.9233
19.96000 -49.48000 1.50000 -77.9864
-195.55000 -35.66000 1.50000 -85.8426
-250.94000 -128.50000 1.50000 -86.8905
19.96000 -49.48000 1.50000 -77.9946
-195.55000 -35.66000 1.50000 -85.8096
-250.94000 -128.50000 1.50000 -86.8577
19.96000 -49.48000 1.50000 -78.0037
-195.55000 -35.66000 1.50000 -85.7766
-250.94000 -128.50000 1.50000 -86.8247
19.96000 -49.48000 1.50000 -78.0138
-195.55000 -35.66000 1.50000 -85.7434
-250.94000 -128.50000 1.50000 -86.7916
19.96000 -49.48000 1.50000 -78.0248
-195.55000 -35.66000 1.50000 -85.7101
-250.94000 -128.50000 1.50000 -86.7584
19.96000 -49.48000 1.50000 -78.0367
-195.55000 -35.66000 1.50000 -85.6768
-250.94000 -128.50000 1.50000 -86.7251
19.96000 -49.48000 1.50000 -118.0496
-195.55000 -35.66000 1.50000 -85.6433
-250.94000 -128.50000 1.50000 -86.6916
19.96000 -49.48000 1.50000 -118.0634
-195.55000 -35.66000 1.50000 -85.6098
-250.94000 -128.50000 1.50000 -86.6580
19.96000 -49.48000 1.50000 -78.0781
-195.55000 -35.66000 1.50000 -85.5762
-250.94000 -128.50000 1.50000 -86.6243
19.96000 -49.48000 1.50000 -78.0937
-195.55000 -35.66000 1.50000 -85.5425
-250.94000 -128.50000 1.50000 -86.5904
19.96000 -49.48000 1.50000 -78.1101
-195.55000 -35.66000 1.50000 -85.5087
-250.94000 -128.50000 1.50000 -86.5564
19.96000 -49.48000 1.50000 -78.1275
-195.55000 -35.66000 1.50000 -85.4747
-250.94000 -128.50000 1.50000 -86.5223
19.96000 -49.48000 1.50000 -78.1457
-195.55000 -35.66000 1.50000 -85.4407
-250.94000 -128.50000 1.50000 -86.4880
19.96000 -49.48000 1.50000 -78.1648
-195.55000 -35.66000 1.50000 -85.4066
-250.94000 -128.50000 1.50000 -86.4536
19.96000 -49.48000 1.50000 -78.1847
-195.55000 -35.66000 1.50000 -85.3725
-250.94000 -128.50000 1.50000 -86.4191
19.96000 -49.48000 1.50000 -78.2699
-195.55000 -35.66000 1.50000 -85.3913
-250.94000 -128.50000 1.50000 -86.4210
19.96000 -49.48000 1.50000 -78.2504
-195.55000 -35.66000 1.50000 -85.4254
-250.94000 -128.50000 1.50000 -86.4555
19.96000 -49.48000 1.50000 -78.2317
-195.55000 -35.66000 1.50000 -85.4593
-250.94000 -128.50000 1.50000 -86.4899
19.96000 -49.48000 1.50000 -78.2139
-195.55000 -35.66000 1.50000 -85.4932
-250.94000 -128.50000 1.50000 -86.5242
19.96000 -49.48000 1.50000 -78.1969
-195.55000 -35.66000 1.50000 -85.5269
-250.94000 -128.50000 1.50000 -86.5583
19.96000 -49.48000 1.50000 -78.1807
-195.55000 -35.66000 1.50000 -85.5606
-250.94000 -128.50000 1.50000 -86.5923
19.96000 -49.48000 1.50000 -78.1654
-195.55000 -35.66000 1.50000 -85.5942
-250.94000 -128.50000 1.50000 -86.6261
19.96000 -49.48000 1.50000 -118.1510
-195.55000 -35.66000 1.50000 -85.6277
-250.94000 -128.50000 1.50000 -86.6598
19.96000 -49.48000 1.50000 -118.1375
-195.55000 -35.66000 1.50000 -85.6611
-250.94000 -128.50000 1.50000 -86.6934
19.96000 -49.48000 1.50000 -78.1249
-195.55000 -35.66000 1.50000 -85.6944
-250.94000 -128.50000 1.50000 -86.7269
19.96000 -49.48000 1.50000 -78.1132
-195.55000 -35.66000 1.50000 -85.7276
-250.94000 -128.50000 1.50000 -86.7602
19.96000 -49.48000 1.50000 -78.1024
-195.55000 -35.66000 1.50000 -85.7607
-250.94000 -128.50000 1.50000 -86.7934
19.96000 -49.48000 1.50000 -78.0925
-195.55000 -35.66000 1.50000 -85.7938
-250.94000 -128.50000 1.50000 -86.8265
19.96000 -49.48000 1.50000 -78.0836
-195.55000 -35.66000 1.50000 -85.8267
-250.94000 -128.50000 1.50000 -86.8595
19.96000 -49.48000 1.50000 -78.0756
-195.55000 -35.66000 1.50000 -85.8596
-250.94000 -128.50000 1.50000 -86.8923
19.96000 -49.48000 1.50000 -78.0685
-195.55000 -35.66000 1.50000 -85.8923
-250.94000 -128.50000 1.50000 -86.9250
19.96000 -49.48000 1.50000 -78.0623
-195.55000 -35.66000 1.50000 -85.9250
-250.94000 -128.50000 1.50000 -86.9576
19.96000 -49.48000 1.50000 -78.0571
-195.55000 -35.66000 1.50000 -85.9576
-250.94000 -128.50000 1.50000 -86.9901
19.96000 -49.48000 1.50000 -78.0529
-195.55000 -35.66000 1.50000 -85.9901
-250.94000 -128.50000 1.50000 -87.0224
19.96000 -49.48000 1.50000 -78.0496
-195.55000 -35.66000 1.50000 -86.0225
-250.94000 -128.50000 1.50000 -87.0546
19.96000 -49.48000 1.50000 -78.0472
-195.55000 -35.66000 1.50000 -86.0548
-250.94000 -128.50000 1.50000 -87.0867
19.96000 -49.48000 1.50000 -78.0458
-195.55000 -35.66000 1.50000 -86.0871
-250.94000 -128.50000 1.50000 -87.1187
19.96000 -49.48000 1.50000 -78.0454
-195.55000 -35.66000 1.50000 -86.1192
-250.94000 -128.50000 1.50000 -87.1506
19.96000 -49.48000 1.50000 -78.0459
-195.55000 -35.66000 1.50000 -86.1513
-250.94000 -128.50000 1.50000 -87.1824
19.96000 -49.48000 1.50000 -78.0474
-195.55000 -35.66000 1.50000 -86.1832
-250.94000 -128.50000 1.50000 -87.2140
19.96000 -49.48000 1.50000 -78.0498
-195.55000 -35.66000 1.50000 -86.2151
-250.94000 -128.50000 1.50000 -87.2456
19.96000 -49.48000 1.50000 -78.0532
-195.55000 -35.66000 1.50000 -86.2469
-250.94000 -128.50000 1.50000 -87.2770
19.96000 -49.48000 1.50000 -78.0575
-195.55000 -35.66000 1.50000 -86.2786
-250.94000 -128.50000 1.50000 -87.3083
19.96000 -49.48000 1.50000 -78.0628
-195.55000 -35.66000 1.50000 -86.3102
-250.94000 -128.50000 1.50000 -87.3395
19.96000 -49.48000 1.50000 -78.0690
-195.55000 -35.66000 1.50000 -86.3418
-250.94000 -128.50000 1.50000 -87.3706
19.96000 -49.48000 1.50000 -78.0762
-195.55000 -35.66000 1.50000 -86.3732
-250.94000 -128.50000 1.50000 -87.4015
19.96000 -49.48000 1.50000 -78.0843
-195.55000 -35.66000 1.50000 -86.4045
-250.94000 -128.50000 1.50000 -87.4324
19.96000 -49.48000 1.50000 -78.0933
-195.55000 -35.66000 1.50000 -86.4358
-250.94000 -128.50000 1.50000 -87.4632
19.96000 -49.48000 1.50000 -118.1032
-195.55000 -35.66000 1.50000 -86.4670
-250.94000 -128.50000 1.50000 -87.4938
19.96000 -49.48000 1.50000 -78.1141
-195.55000 -35.66000 1.50000 -86.4981
-250.94000 -128.50000 1.50000 -87.5243
19.96000 -49.48000 1.50000 -78.1259
-195.55000 -35.66000 1.50000 -86.5291
-250.94000 -128.50000 1.50000 -87.5548
19.96000 -49.48000 1.50000 -78.1386
-195.55000 -35.66000 1.50000 -86.5600
-250.94000 -128.50000 1.50000 -87.5851
19.96000 -49.48000 1.50000 -78.1522
-195.55000 -35.66000 1.50000 -86.5909
-250.94000 -128.50000 1.50000 -87.6153
19.96000 -49.48000 1.50000 -78.1666
-195.55000 -35.66000 1.50000 -86.6216
-250.94000 -128.50000 1.50000 -127.6455
19.96000 -49.48000 1.50000 -78.2531
-195.55000 -35.66000 1.50000 -86.6359
-250.94000 -128.50000 1.50000 -127.6470
19.96000 -49.48000 1.50000 -78.2390
-195.55000 -35.66000 1.50000 -86.6053
-250.94000 -128.50000 1.50000 -87.6169
19.96000 -49.48000 1.50000 -78.2256
-195.55000 -35.66000 1.50000 -86.5745
-250.94000 -128.50000 1.50000 -87.5867
19.96000 -49.48000 1.50000 -78.2132
-195.55000 -35.66000 1.50000 -86.5437
-250.94000 -128.50000 1.50000 -87.5564
19.96000 -49.48000 1.50000 -78.2017
-195.55000 -35.66000 1.50000 -86.5128
-250.94000 -128.50000 1.50000 -87.5260
19.96000 -49.48000 1.50000 -118.1910
-195.55000 -35.66000 1.50000 -86.4818
-250.94000 -128.50000 1.50000 -87.4954
19.96000 -49.48000 1.50000 -78.1813
-195.55000 -35.66000 1.50000 -86.4507
-250.94000 -128.50000 1.50000 -87.4648
19.96000 -49.48000 1.50000 -78.1724
-195.55000 -35.66000 1.50000 -86.4196
-250.94000 -128.50000 1.50000 -87.4341
19.96000 -49.48000 1.50000 -78.1645
-195.55000 -35.66000 1.50000 -86.3883
-250.94000 -128.50000 1.50000 -87.4032
19.96000 -49.48000 1.50000 -78.1575
-195.55000 -35.66000 1.50000 -86.3570
-250.94000 -128.50000 1.50000 -87.3722
19.96000 -49.48000 1.50000 -78.1514
-195.55000 -35.66000 1.50000 -86.3256
-250.94000 -128.50000 1.50000 -87.3412
19.96000 -49.48000 1.50000 -78.1462
-195.55000 -35.66000 1.50000 -86.2941
-250.94000 -128.50000 1.50000 -87.3100
19.96000 -49.48000 1.50000 -78.1420
-195.55000 -35.66000 1.50000 -86.2625
-250.94000 -128.50000 1.50000 -87.2787
19.96000 -49.48000 1.50000 -78.1386
-195.55000 -35.66000 1.50000 -86.2308
-250.94000 -128.50000 1.50000 -87.2473
19.96000 -49.48000 1.50000 -78.1363
-195.55000 -35.66000 1.50000 -86.1990
-250.94000 -128.50000 1.50000 -87.2158
19.96000 -49.48000 1.50000 -78.1348
-195.55000 -35.66000 1.50000 -86.1672
-250.94000 -128.50000 1.50000 -87.1841
19.96000 -49.48000 1.50000 -78.1343
-195.55000 -35.66000 1.50000 -86.1352
-250.94000 -128.50000 1.50000 -87.1524
19.96000 -49.48000 1.50000 -78.1348
-195.55000 -35.66000 1.50000 -86.1032
-250.94000 -128.50000 1.50000 -87.1205
19.96000 -49.48000 1.50000 -78.1361
-195.55000 -35.66000 1.50000 -86.0711
-250.94000 -128.50000 1.50000 -87.0885
19.96000 -49.48000 1.50000 -78.1384
-195.55000 -35.66000 1.50000 -86.0389
-250.94000 -128.50000 1.50000 -87.0564
19.96000 -49.48000 1.50000 -78.1417
-195.55000 -35.66000 1.50000 -86.0066
-250.94000 -128.50000 1.50000 -87.0242
19.96000 -49.48000 1.50000 -78.1458
-195.55000 -35.66000 1.50000 -85.9742
-250.94000 -128.50000 1.50000 -86.9919
19.96000 -49.48000 1.50000 -78.1509
-195.55000 -35.66000 1.50000 -85.9418
-250.94000 -128.50000 1.50000 -86.9594
19.96000 -49.48000 1.50000 -78.1569
-195.55000 -35.66000 1.50000 -85.9092
-250.94000 -128.50000 1.50000 -86.9268
19.96000 -49.48000 1.50000 -78.1639
-195.55000 -35.66000 1.50000 -85.8766
-250.94000 -128.50000 1.50000 -86.8942
19.96000 -49.48000 1.50000 -78.1718
-195.55000 -35.66000 1.50000 -85.8438
-250.94000 -128.50000 1.50000 -86.8613
19.96000 -49.48000 1.50000 -78.1805
-195.55000 -35.66000 1.50000 -85.8110
-250.94000 -128.50000 1.50000 -86.8284
19.96000 -49.48000 1.50000 -78.1902
-195.55000 -35.66000 1.50000 -85.7781
-250.94000 -128.50000 1.50000 -86.7953
19.96000 -49.48000 1.50000 -78.2008
-195.55000 -35.66000 1.50000 -85.7451
-250.94000 -128.50000 1.50000 -86.7621
19.96000 -49.48000 1.50000 -78.2123
-195.55000 -35.66000 1.50000 -85.7121
-250.94000 -128.50000 1.50000 -86.7288
19.96000 -49.48000 1.50000 -118.2246
-195.55000 -35.66000 1.50000 -85.6789
-250.94000 -128.50000 1.50000 -86.6954
19.96000 -49.48000 1.50000 -118.2379
-195.55000 -35.66000 1.50000 -85.6456
-250.94000 -128.50000 1.50000 -86.6618
19.96000 -49.48000 1.50000 -78.2520
-195.55000 -35.66000 1.50000 -85.6123
-250.94000 -128.50000 1.50000 -86.6281
19.96000 -49.48000 1.50000 -78.2669
-195.55000 -35.66000 1.50000 -85.5788
-250.94000 -128.50000 1.50000 -86.5943
19.96000 -49.48000 1.50000 -78.2828
-195.55000 -35.66000 1.50000 -85.5453
-250.94000 -128.50000 1.50000 -86.5603
19.96000 -49.48000 1.50000 -78.2994
-195.55000 -35.66000 1.50000 -85.5117
-250.94000 -128.50000 1.50000 -86.5262
19.96000 -49.48000 1.50000 -78.3170
-195.55000 -35.66000 1.50000 -85.4780
-250.94000 -128.50000 1.50000 -86.4920
19.96000 -49.48000 1.50000 -78.3353
-195.55000 -35.66000 1.50000 -85.4442
-250.94000 -128.50000 1.50000 -86.4576
19.96000 -49.48000 1.50000 -78.4194
-195.55000 -35.66000 1.50000 -85.4631
-250.94000 -128.50000 1.50000 -86.4598
19.96000 -49.48000 1.50000 -78.4014
-195.55000 -35.66000 1.50000 -85.4967
-250.94000 -128.50000 1.50000 -86.4942
19.96000 -49.48000 1.50000 -78.3843
-195.55000 -35.66000 1.50000 -85.5303
-250.94000 -128.50000 1.50000 -86.5284
19.96000 -49.48000 1.50000 -78.3679
-195.55000 -35.66000 1.50000 -85.5638
-250.94000 -128.50000 1.50000 -86.5625
19.96000 -49.48000 1.50000 -78.3524
-195.55000 -35.66000 1.50000 -85.5971
-250.94000 -128.50000 1.50000 -86.5964
19.96000 -49.48000 1.50000 -78.3377
-195.55000 -35.66000 1.50000 -85.6304
-250.94000 -128.50000 1.50000 -86.6302
19.96000 -49.48000 1.50000 -118.3239
-195.55000 -35.66000 1.50000 -85.6637
-250.94000 -128.50000 1.50000 -86.6639
19.96000 -49.48000 1.50000 -118.3109
-195.55000 -35.66000 1.50000 -85.6968
-250.94000 -128.50000 1.50000 -86.6975
19.96000 -49.48000 1.50000 -78.2988
-195.55000 -35.66000 1.50000 -85.7298
-250.94000 -128.50000 1.50000 -86.7309
19.96000 -49.48000 1.50000 -78.2875
-195.55000 -35.66000 1.50000 -85.7628
-250.94000 -128.50000 1.50000 -86.7642
19.96000 -49.48000 1.50000 -78.2772
-195.55000 -35.66000 1.50000 -85.7956
-250.94000 -128.50000 1.50000 -86.7974
19.96000 -49.48000 1.50000 -78.2677
-195.55000 -35.66000 1.50000 -85.8284
-250.94000 -128.50000 1.50000 -86.8304
19.96000 -49.48000 1.50000 -78.2591
-195.55000 -35.66000 1.50000 -85.8611
-250.94000 -128.50000 1.50000 -86.8633
19.96000 -49.48000 1.50000 -78.2514
-195.55000 -35.66000 1.50000 -85.8937
-250.94000 -128.50000 1.50000 -86.8961
19.96000 -49.48000 1.50000 -78.2446
-195.55000 -35.66000 1.50000 -85.9262
-250.94000 -128.50000 1.50000 -86.9288
19.96000 -49.48000 1.50000 -78.2387
-195.55000 -35.66000 1.50000 -85.9586
-250.94000 -128.50000 1.50000 -86.9614
19.96000 -49.48000 1.50000 -78.2337
-195.55000 -35.66000 1.50000 -85.9910
-250.94000 -128.50000 1.50000 -86.9938
19.96000 -49.48000 1.50000 -78.2296
-195.55000 -35.66000 1.50000 -86.0232
-250.94000 -128.50000 1.50000 -87.0262
19.96000 -49.48000 1.50000 -78.2264
-195.55000 -35.66000 1.50000 -86.0554
-250.94000 -128.50000 1.50000 -87.0583
19.96000 -49.48000 1.50000 -78.2242
-195.55000 -35.66000 1.50000 -86.0874
-250.94000 -128.50000 1.50000 -87.0904
19.96000 -49.48000 1.50000 -78.2228
-195.55000 -35.66000 1.50000 -86.1194
-250.94000 -128.50000 1.50000 -87.1224
19.96000 -49.48000 1.50000 -78.2224
-195.55000 -35.66000 1.50000 -86.1514
-250.94000 -128.50000 1.50000 -87.1543
19.96000 -49.48000 1.50000 -78.2229
-195.55000 -35.66000 1.50000 -86.1832
-250.94000 -128.50000 1.50000 -87.1860
19.96000 -49.48000 1.50000 -78.2243
-195.55000 -35.66000 1.50000 -86.2149
-250.94000 -128.50000 1.50000 -87.2176
19.96000 -49.48000 1.50000 -78.2266
-195.55000 -35.66000 1.50000 -86.2466
-250.94000 -128.50000 1.50000 -87.2491
19.96000 -49.48000 1.50000 -78.2299
-195.55000 -35.66000 1.50000 -86.2781
-250.94000 -128.50000 1.50000 -87.2805
19.96000 -49.48000 1.50000 -78.2340
-195.55000 -35.66000 1.50000 -86.3096
-250.94000 -128.50000 1.50000 -87.3118
19.96000 -49.48000 1.50000 -78.2391
-195.55000 -35.66000 1.50000 -86.3410
-250.94000 -128.50000 1.50000 -87.3430
19.96000 -49.48000 1.50000 -78.2451
-195.55000 -35.66000 1.50000 -86.3723
-250.94000 -128.50000 1.50000 -87.3740
19.96000 -49.48000 1.50000 -78.2520
-195.55000 -35.66000 1.50000 -86.4035
-250.94000 -128.50000 1.50000 -87.4050
19.96000 -49.48000 1.50000 -78.2597
-195.55000 -35.66000 1.50000 -86.4347
-250.94000 -128.50000 1.50000 -87.4358
19.96000 -49.48000 1.50000 -78.2684
-195.55000 -35.66000 1.50000 -86.4657
-250.94000 -128.50000 1.50000 -87.4665
19.96000 -49.48000 1.50000 -118.2780
-195.55000 -35.66000 1.50000 -86.4967
-250.94000 -128.50000 1.50000 -87.4972
19.96000 -49.48000 1.50000 -78.2884
-195.55000 -35.66000 1.50000 -86.5276
-250.94000 -128.50000 1.50000 -87.5277
19.96000 -49.48000 1.50000 -78.2997
-195.55000 -35.66000 1.50000 -86.5584
-250.94000 -128.50000 1.50000 -87.5581
19.96000 -49.48000 1.50000 -78.3119
-195.55000 -35.66000 1.50000 -86.5891
-250.94000 -128.50000 1.50000 -87.5884
19.96000 -49.48000 1.50000 -78.3250
-195.55000 -35.66000 1.50000 -86.6197
-250.94000 -128.50000 1.50000 -87.6186
19.96000 -49.48000 1.50000 -78.3389
-195.55000 -35.66000 1.50000 -86.6503
-250.94000 -128.50000 1.50000 -127.6487
19.96000 -49.48000 1.50000 -78.4238
-195.55000 -35.66000 1.50000 -86.6647
-250.94000 -128.50000 1.50000 -127.6505
19.96000 -49.48000 1.50000 -78.4102
-195.55000 -35.66000 1.50000 -86.6343
-250.94000 -128.50000 1.50000 -87.6204
19.96000 -49.48000 1.50000 -78.3974
-195.55000 -35.66000 1.50000 -86.6038
-250.94000 -128.50000 1.50000 -87.5902
19.96000 -49.48000 1.50000 -78.3854
-195.55000 -35.66000 1.50000 -86.5731
-250.94000 -128.50000 1.50000 -87.5599
19.96000 -49.48000 1.50000 -78.3743
-195.55000 -35.66000 1.50000 -86.5424
-250.94000 -128.50000 1.50000 -87.5295
19.96000 -49.48000 1.50000 -118.3641
-195.55000 -35.66000 1.50000 -86.5117
-250.94000 -128.50000 1.50000 -87.4990
19.96000 -49.48000 1.50000 -78.3547
-195.55000 -35.66000 1.50000 -86.4808
-250.94000 -128.50000 1.50000 -87.4684
19.96000 -49.48000 1.50000 -78.3462
-195.55000 -35.66000 1.50000 -86.4498
-250.94000 -128.50000 1.50000 -87.4377
19.96000 -49.48000 1.50000 -78.3386
-195.55000 -35.66000 1.50000 -86.4188
-250.94000 -128.50000 1.50000 -87.4068
19.96000 -49.48000 1.50000 -78.3318
-195.55000 -35.66000 1.50000 -86.3877
-250.94000 -128.50000 1.50000 -87.3759
19.96000 -49.48000 1.50000 -78.3260
-195.55000 -35.66000 1.50000 -86.3565
-250.94000 -128.50000 1.50000 -87.3449
19.96000 -49.48000 1.50000 -78.3210
-195.55000 -35.66000 1.50000 -86.3252
-250.94000 -128.50000 1.50000 -87.3137
19.96000 -49.48000 1.50000 -78.3170
-195.55000 -35.66000 1.50000 -86.2939
-250.94000 -128.50000 1.50000 -87.2824
19.96000 -49.48000 1.50000 -78.3138
-195.55000 -35.66000 1.50000 -86.2624
-250.94000 -128.50000 1.50000 -87.2511
19.96000 -49.48000 1.50000 -78.3115
-195.55000 -35.66000 1.50000 -86.2309
-250.94000 -128.50000 1.50000 -87.2196
19.96000 -49.48000 1.50000 -78.3101
-195.55000 -35.66000 1.50000 -86.1993
-250.94000 -128.50000 1.50000 -87.1880
19.96000 -49.48000 1.50000 -78.3096
-195.55000 -35.66000 1.50000 -86.1676
-250.94000 -128.50000 1.50000 -87.1563
19.96000 -49.48000 1.50000 -78.3100
-195.55000 -35.66000 1.50000 -86.1358
-250.94000 -128.50000 1.50000 -87.1244
19.96000 -49.48000 1.50000 -78.3113
-195.55000 -35.66000 1.50000 -86.1039
-250.94000 -128.50000 1.50000 -87.0925
19.96000 -49.48000 1.50000 -78.3136
-195.55000 -35.66000 1.50000 -86.0719
-250.94000 -128.50000 1.50000 -87.0604
19.96000 -49.48000 1.50000 -78.3167
-195.55000 -35.66000 1.50000 -86.0399
-250.94000 -128.50000 1.50000 -87.0282
19.96000 -49.48000 1.50000 -78.3207
-195.55000 -35.66000 1.50000 -86.0078
-250.94000 -128.50000 1.50000 -86.9959
19.96000 -49.48000 1.50000 -78.3256
-195.55000 -35.66000 1.50000 -85.9756
-250.94000 -128.50000 1.50000 -86.9635
19.96000 -49.48000 1.50000 -78.3313
-195.55000 -35.66000 1.50000 -85.9433
-250.94000 -128.50000 1.50000 -86.9309
19.96000 -49.48000 1.50000 -78.3380
-195.55000 -35.66000 1.50000 -85.9109
-250.94000 -128.50000 1.50000 -86.8983
19.96000 -49.48000 1.50000 -78.3456
-195.55000 -35.66000 1.50000 -85.8784
-250.94000 -128.50000 1.50000 -86.8655
19.96000 -49.48000 1.50000 -78.3540
-195.55000 -35.66000 1.50000 -85.8459
-250.94000 -128.50000 1.50000 -86.8326
19.96000 -49.48000 1.50000 -78.3633
-195.55000 -35.66000 1.50000 -85.8132
-250.94000 -128.50000 1.50000 -86.7995
19.96000 -49.48000 1.50000 -78.3735
-195.55000 -35.66000 1.50000 -85.7805
-250.94000 -128.50000 1.50000 -86.7664
19.96000 -49.48000 1.50000 -78.3845
-195.55000 -35.66000 1.50000 -85.7477
-250.94000 -128.50000 1.50000 -86.7331
19.96000 -49.48000 1.50000 -78.3964
-195.55000 -35.66000 1.50000 -85.7148
-250.94000 -128.50000 1.50000 -86.6997
19.96000 -49.48000 1.50000 -118.4091
-195.55000 -35.66000 1.50000 -85.6818
-250.94000 -128.50000 1.50000 -86.6661
19.96000 -49.48000 1.50000 -78.4227
-195.55000 -35.66000 1.50000 -85.6487
-250.94000 -128.50000 1.50000 -86.6325
19.96000 -49.48000 1.50000 -78.4371
-195.55000 -35.66000 1.50000 -85.6155
-250.94000 -128.50000 1.50000 -86.5987
19.96000 -49.48000 1.50000 -78.4523
-195.55000 -35.66000 1.50000 -85.5823
-250.94000 -128.50000 1.50000 -86.5647
19.96000 -49.48000 1.50000 -78.4683
-195.55000 -35.66000 1.50000 -85.5490
-250.94000 -128.50000 1.50000 -86.5307
19.96000 -49.48000 1.50000 -78.4852
-195.55000 -35.66000 1.50000 -85.5155
-250.94000 -128.50000 1.50000 -86.4965
19.96000 -49.48000 1.50000 -78.5028
-195.55000 -35.66000 1.50000 -85.4820
-250.94000 -128.50000 1.50000 -86.4622
19.96000 -49.48000 1.50000 -78.5212
-195.55000 -35.66000 1.50000 -85.4484
-250.94000 -128.50000 1.50000 -86.4277
19.96000 -49.48000 1.50000 -78.6035
-195.55000 -35.66000 1.50000 -85.4677
-250.94000 -128.50000 1.50000 -86.4302
19.96000 -49.48000 1.50000 -78.5855
-195.55000 -35.66000 1.50000 -85.5011
-250.94000 -128.50000 1.50000 -86.4646
19.96000 -49.48000 1.50000 -78.5682
-195.55000 -35.66000 1.50000 -85.5345
-250.94000 -128.50000 1.50000 -86.4989
19.96000 -49.48000 1.50000 -78.5516
-195.55000 -35.66000 1.50000 -85.5677
-250.94000 -128.50000 1.50000 -86.5331
19.96000 -49.48000 1.50000 -78.5359
-195.55000 -35.66000 1.50000 -85.6009
-250.94000 -128.50000 1.50000 -86.5672
19.96000 -49.48000 1.50000 -78.5210
-195.55000 -35.66000 1.50000 -85.6340
-250.94000 -128.50000 1.50000 -86.6011
19.96000 -49.48000 1.50000 -78.5069
-195.55000 -35.66000 1.50000 -85.6671
-250.94000 -128.50000 1.50000 -86.6348
19.96000 -49.48000 1.50000 -118.4936
-195.55000 -35.66000 1.50000 -85.7000
-250.94000 -128.50000 1.50000 -86.6685
19.96000 -49.48000 1.50000 -78.4811
-195.55000 -35.66000 1.50000 -85.7328
-250.94000 -128.50000 1.50000 -86.7020
19.96000 -49.48000 1.50000 -78.4694
-195.55000 -35.66000 1.50000 -85.7656
-250.94000 -128.50000 1.50000 -86.7354
19.96000 -49.48000 1.50000 -78.4586
-195.55000 -35.66000 1.50000 -85.7983
-250.94000 -128.50000 1.50000 -86.7687
19.96000 -49.48000 1.50000 -78.4486
-195.55000 -35.66000 1.50000 -85.8309
-250.94000 -128.50000 1.50000 -86.8018
19.96000 -49.48000 1.50000 -78.4395
-195.55000 -35.66000 1.50000 -85.8634
-250.94000 -128.50000 1.50000 -86.8348
19.96000 -49.48000 1.50000 -78.4313
-195.55000 -35.66000 1.50000 -85.8958
-250.94000 -128.50000 1.50000 -86.8677
19.96000 -49.48000 1.50000 -78.4239
-195.55000 -35.66000 1.50000 -85.9282
-250.94000 -128.50000 1.50000 -86.9005
19.96000 -49.48000 1.50000 -78.4173
-195.55000 -35.66000 1.50000 -85.9604
-250.94000 -128.50000 1.50000 -86.9332
19.96000 -49.48000 1.50000 -78.4116
-195.55000 -35.66000 1.50000 -85.9926
-250.94000 -128.50000 1.50000 -86.9657
19.96000 -49.48000 1.50000 -78.4068
-195.55000 -35.66000 1.50000 -86.0247
-250.94000 -128.50000 1.50000 -86.9981
19.96000 -49.48000 1.50000 -78.4029
-195.55000 -35.66000 1.50000 -86.0567
-250.94000 -128.50000 1.50000 -87.0304
19.96000 -49.48000 1.50000 -78.3999
-195.55000 -35.66000 1.50000 -86.0886
-250.94000 -128.50000 1.50000 -87.0625
19.96000 -49.48000 1.50000 -78.3977
-195.55000 -35.66000 1.50000 -86.1204
-250.94000 -128.50000 1.50000 -87.0946
19.96000 -49.48000 1.50000 -78.3964
-195.55000 -35.66000 1.50000 -86.1522
-250.94000 -128.50000 1.50000 -87.1265
19.96000 -49.48000 1.50000 -78.3960
-195.55000 -35.66000 1.50000 -86.1839
-250.94000 -128.50000 1.50000 -87.1584
19.96000 -49.48000 1.50000 -78.3965
-195.55000 -35.66000 1.50000 -86.2154
-250.94000 -128.50000 1.50000 -87.1901
19.96000 -49.48000 1.50000 -78.3978
-195.55000 -35.66000 1.50000 -86.2469
-250.94000 -128.50000 1.50000 -87.2216
19.96000 -49.48000 1.50000 -78.4001
-195.55000 -35.66000 1.50000 -86.2784
-250.94000 -128.50000 1.50000 -87.2531
19.96000 -49.48000 1.50000 -78.4032
-195.55000 -35.66000 1.50000 -86.3097
-250.94000 -128.50000 1.50000 -87.2845
19.96000 -49.48000 1.50000 -78.4072
-195.55000 -35.66000 1.50000 -86.3409
-250.94000 -128.50000 1.50000 -87.3158
19.96000 -49.48000 1.50000 -78.4121
-195.55000 -35.66000 1.50000 -86.3721
-250.94000 -128.50000 1.50000 -87.3469
19.96000 -49.48000 1.50000 -78.4178
-195.55000 -35.66000 1.50000 -86.4032
-250.94000 -128.50000 1.50000 -87.3779
19.96000 -49.48000 1.50000 -78.4244
-195.55000 -35.66000 1.50000 -86.4342
-250.94000 -128.50000 1.50000 -87.4088
19.96000 -49.48000 1.50000 -78.4319
-195.55000 -35.66000 1.50000 -86.4651
-250.94000 -128.50000 1.50000 -87.4397
19.96000 -49.48000 1.50000 -78.4402
-195.55000 -35.66000 1.50000 -86.4960
-250.94000 -128.50000 1.50000 -87.4704
19.96000 -49.48000 1.50000 -118.4494
-195.55000 -35.66000 1.50000 -86.5267
-250.94000 -128.50000 1.50000 -87.5010
19.96000 -49.48000 1.50000 -78.4594
-195.55000 -35.66000 1.50000 -86.5574
-250.94000 -128.50000 1.50000 -87.5314
19.96000 -49.48000 1.50000 -78.4703
-195.55000 -35.66000 1.50000 -86.5880
-250.94000 -128.50000 1.50000 -87.5618
19.96000 -49.48000 1.50000 -78.4820
-195.55000 -35.66000 1.50000 -86.6185
-250.94000 -128.50000 1.50000 -87.5921
19.96000 -49.48000 1.50000 -78.4946
-195.55000 -35.66000 1.50000 -86.6489
-250.94000 -128.50000 1.50000 -87.6223
19.96000 -49.48000 1.50000 -78.5080
-195.55000 -35.66000 1.50000 -86.6793
-250.94000 -128.50000 1.50000 -127.6524
19.96000 -49.48000 1.50000 -78.5914
-195.55000 -35.66000 1.50000 -86.6939
-250.94000 -128.50000 1.50000 -127.6544
19.96000 -49.48000 1.50000 -78.5783
-195.55000 -35.66000 1.50000 -86.6636
-250.94000 -128.50000 1.50000 -87.6243
19.96000 -49.48000 1.50000 -78.5659
-195.55000 -35.66000 1.50000 -86.6333
-250.94000 -128.50000 1.50000 -87.5941
19.96000 -49.48000 1.50000 -78.5545
-195.55000 -35.66000 1.50000 -86.6029
-250.94000 -128.50000 1.50000 -87.5639
19.96000 -49.48000 1.50000 -78.5438
-195.55000 -35.66000 1.50000 -86.5724
-250.94000 -128.50000 1.50000 -87.5335
19.96000 -49.48000 1.50000 -78.5339
-195.55000 -35.66000 1.50000 -86.5418
-250.94000 -128.50000 1.50000 -87.5030
19.96000 -49.48000 1.50000 -78.5249
-195.55000 -35.66000 1.50000 -86.5112
-250.94000 -128.50000 1.50000 -87.4724
19.96000 -49.48000 1.50000 -78.5168
-195.55000 -35.66000 1.50000 -86.4805
-250.94000 -128.50000 1.50000 -87.4417
19.96000 -49.48000 1.50000 -78.5094
-195.55000 -35.66000 1.50000 -86.4497
-250.94000 -128.50000 1.50000 -87.4109
19.96000 -49.48000 1.50000 -78.5029
-195.55000 -35.66000 1.50000 -86.4188
-250.94000 -128.50000 1.50000 -87.3800
19.96000 -49.48000 1.50000 -78.4973
-195.55000 -35.66000 1.50000 -86.3878
-250.94000 -128.50000 1.50000 -87.3490
19.96000 -49.48000 1.50000 -78.4925
-195.55000 -35.66000 1.50000 -86.3567
-250.94000 -128.50000 1.50000 -87.3179
19.96000 -49.48000 1.50000 -78.4886
-195.55000 -35.66000 1.50000 -86.3256
-250.94000 -128.50000 1.50000 -87.2867
19.96000 -49.48000 1.50000 -78.4856
-195.55000 -35.66000 1.50000 -86.2944
-250.94000 -128.50000 1.50000 -87.2553
19.96000 -49.48000 1.50000 -78.4834
-195.55000 -35.66000 1.50000 -86.2631
-250.94000 -128.50000 1.50000 -87.2238
19.96000 -49.48000 1.50000 -78.4820
-195.55000 -35.66000 1.50000 -86.2317
-250.94000 -128.50000 1.50000 -87.1923
19.96000 -49.48000 1.50000 -78.4816
-195.55000 -35.66000 1.50000 -86.2002
-250.94000 -128.50000 1.50000 -87.1606
19.96000 -49.48000 1.50000 -78.4820
-195.55000 -35.66000 1.50000 -86.1687
-250.94000 -128.50000 1.50000 -87.1288
19.96000 -49.48000 1.50000 -78.4832
-195.55000 -35.66000 1.50000 -86.1371
-250.94000 -128.50000 1.50000 -87.0969
19.96000 -49.48000 1.50000 -78.4854
-195.55000 -35.66000 1.50000 -86.1053
-250.94000 -128.50000 1.50000 -87.0648
19.96000 -49.48000 1.50000 -78.4883
-195.55000 -35.66000 1.50000 -86.0735
-250.94000 -128.50000 1.50000 -87.0327
19.96000 -49.48000 1.50000 -78.4922
-195.55000 -35.66000 1.50000 -86.0417
-250.94000 -128.50000 1.50000 -87.0004
19.96000 -49.48000 1.50000 -118.4969
-195.55000 -35.66000 1.50000 -86.0097
-250.94000 -128.50000 1.50000 -86.9680
19.96000 -49.48000 1.50000 -78.5025
-195.55000 -35.66000 1.50000 -85.9777
-250.94000 -128.50000 1.50000 -86.9355
19.96000 -49.48000 1.50000 -78.5089
-195.55000 -35.66000 1.50000 -85.9455
-250.94000 -128.50000 1.50000 -86.9029
19.96000 -49.48000 1.50000 -78.5161
-195.55000 -35.66000 1.50000 -85.9133
-250.94000 -128.50000 1.50000 -86.8701
19.96000 -49.48000 1.50000 -78.5242
-195.55000 -35.66000 1.50000 -85.8810
-250.94000 -128.50000 1.50000 -86.8372
19.96000 -49.48000 1.50000 -78.5332
-195.55000 -35.66000 1.50000 -85.8486
-250.94000 -128.50000 1.50000 -86.8042
19.96000 -49.48000 1.50000 -78.5430
-195.55000 -35.66000 1.50000 -85.8162
-250.94000 -128.50000 1.50000 -86.7711
19.96000 -49.48000 1.50000 -78.5536
-195.55000 -35.66000 1.50000 -85.7836
-250.94000 -128.50000 1.50000 -86.7379
19.96000 -49.48000 1.50000 -78.5650
-195.55000 -35.66000 1.50000 -85.7510
-250.94000 -128.50000 1.50000 -86.7045
19.96000 -49.48000 1.50000 -118.5772
-195.55000 -35.66000 1.50000 -85.7183
-250.94000 -128.50000 1.50000 -86.6710
19.96000 -49.48000 1.50000 -118.5903
-195.55000 -35.66000 1.50000 -85.6855
-250.94000 -128.50000 1.50000 -86.6374
19.96000 -49.48000 1.50000 -78.6041
-195.55000 -35.66000 1.50000 -85.6526
-250.94000 -128.50000 1.50000 -86.6036
19.96000 -49.48000 1.50000 -78.6188
-195.55000 -35.66000 1.50000 -85.6197
-250.94000 -128.50000 1.50000 -86.5697
19.96000 -49.48000 1.50000 -78.6342
-195.55000 -35.66000 1.50000 -85.5866
-250.94000 -128.50000 1.50000 -86.5357
19.96000 -49.48000 1.50000 -78.6504
-195.55000 -35.66000 1.50000 -85.5535
-250.94000 -128.50000 1.50000 -86.5015
19.96000 -49.48000 1.50000 -78.6674
-195.55000 -35.66000 1.50000 -85.5203
-250.94000 -128.50000 1.50000 -86.4672
19.96000 -49.48000 1.50000 -78.7487
-195.55000 -35.66000 1.50000 -85.5395
-250.94000 -128.50000 1.50000 -86.4700
19.96000 -49.48000 1.50000 -78.8292
-195.55000 -35.66000 1.50000 -85.5588
-250.94000 -128.50000 1.50000 -126.4729
19.96000 -49.48000 1.50000 -78.9091
-195.55000 -35.66000 1.50000 -85.5783
-250.94000 -128.50000 1.50000 -126.4759
19.96000 -49.48000 1.50000 -78.9883
-195.55000 -35.66000 1.50000 -85.5978
-250.94000 -128.50000 1.50000 -86.4790
19.96000 -49.48000 1.50000 -79.0668
-195.55000 -35.66000 1.50000 -85.6173
-250.94000 -128.50000 1.50000 -86.4823
19.96000 -49.48000 1.50000 -119.1447
-195.55000 -35.66000 1.50000 -85.6370
-250.94000 -128.50000 1.50000 -86.4858
19.96000 -49.48000 1.50000 -119.2219
-195.55000 -35.66000 1.50000 -85.6567
-250.94000 -128.50000 1.50000 -86.4893
19.96000 -49.48000 1.50000 -119.2985
-195.55000 -35.66000 1.50000 -85.6765
-250.94000 -128.50000 1.50000 -126.4930
19.96000 -49.48000 1.50000 -119.3745
-195.55000 -35.66000 1.50000 -85.6964
-250.94000 -128.50000 1.50000 -126.4968
19.96000 -49.48000 1.50000 -119.4498
-195.55000 -35.66000 1.50000 -85.7164
-250.94000 -128.50000 1.50000 -126.5008
19.96000 -49.48000 1.50000 -119.5246
-195.55000 -35.66000 1.50000 -85.7364
-250.94000 -128.50000 1.50000 -126.5049
19.96000 -49.48000 1.50000 -119.5988
-195.55000 -35.66000 1.50000 -85.7565
-250.94000 -128.50000 1.50000 -126.5091
19.96000 -49.48000 1.50000 -119.6723
-195.55000 -35.66000 1.50000 -85.7766
-250.94000 -128.50000 1.50000 -126.5135
19.96000 -49.48000 1.50000 -119.7453
-195.55000 -35.66000 1.50000 -85.7969
-250.94000 -128.50000 1.50000 -126.5179
19.96000 -49.48000 1.50000 -119.8177
-195.55000 -35.66000 1.50000 -85.8172
-250.94000 -128.50000 1.50000 -126.5226
19.96000 -49.48000 1.50000 -119.8896
-195.55000 -35.66000 1.50000 -85.8375
-250.94000 -128.50000 1.50000 -126.5273
19.96000 -49.48000 1.50000 -119.9609
-195.55000 -35.66000 1.50000 -85.8580
-250.94000 -128.50000 1.50000 -126.5322
19.96000 -49.48000 1.50000 -120.0317
-195.55000 -35.66000 1.50000 -85.8784
-250.94000 -128.50000 1.50000 -126.5372
19.96000 -49.48000 1.50000 -120.1019
-195.55000 -35.66000 1.50000 -85.8990
-250.94000 -128.50000 1.50000 -126.5423
19.96000 -49.48000 1.50000 -120.1716
-195.55000 -35.66000 1.50000 -85.9196
-250.94000 -128.50000 1.50000 -126.5476
19.96000 -49.48000 1.50000 -120.1596
-195.55000 -35.66000 1.50000 -85.9499
-250.94000 -128.50000 1.50000 -126.5813
19.96000 -49.48000 1.50000 -120.0897
-195.55000 -35.66000 1.50000 -85.9294
-250.94000 -128.50000 1.50000 -126.5760
19.96000 -49.48000 1.50000 -120.0193
-195.55000 -35.66000 1.50000 -85.9090
-250.94000 -128.50000 1.50000 -126.5709
19.96000 -49.48000 1.50000 -119.9483
-195.55000 -35.66000 1.50000 -85.8887
-250.94000 -128.50000 1.50000 -126.5660
19.96000 -49.48000 1.50000 -119.8768
-195.55000 -35.66000 1.50000 -85.8684
-250.94000 -128.50000 1.50000 -126.5611
19.96000 -49.48000 1.50000 -119.8047
-195.55000 -35.66000 1.50000 -85.8482
-250.94000 -128.50000 1.50000 -126.5564
19.96000 -49.48000 1.50000 -119.7321
-195.55000 -35.66000 1.50000 -85.8280
-250.94000 -128.50000 1.50000 -126.5518
19.96000 -49.48000 1.50000 -119.6589
-195.55000 -35.66000 1.50000 -85.8080
-250.94000 -128.50000 1.50000 -126.5474
19.96000 -49.48000 1.50000 -119.5851
-195.55000 -35.66000 1.50000 -85.7879
-250.94000 -128.50000 1.50000 -126.5431
19.96000 -49.48000 1.50000 -119.5107
-195.55000 -35.66000 1.50000 -85.7680
-250.94000 -128.50000 1.50000 -126.5389
19.96000 -49.48000 1.50000 -119.4357
-195.55000 -35.66000 1.50000 -85.7481
-250.94000 -128.50000 1.50000 -126.5348
19.96000 -49.48000 1.50000 -119.3601
-195.55000 -35.66000 1.50000 -85.7283
-250.94000 -128.50000 1.50000 -126.5309
19.96000 -49.48000 1.50000 -119.2838
-195.55000 -35.66000 1.50000 -85.7086
-250.94000 -128.50000 1.50000 -126.5271
19.96000 -49.48000 1.50000 -119.2070
-195.55000 -35.66000 1.50000 -85.6889
-250.94000 -128.50000 1.50000 -86.5234
19.96000 -49.48000 1.50000 -119.1295
-195.55000 -35.66000 1.50000 -85.6693
-250.94000 -128.50000 1.50000 -86.5199
19.96000 -49.48000 1.50000 -79.0513
-195.55000 -35.66000 1.50000 -85.6498
-250.94000 -128.50000 1.50000 -86.5165
19.96000 -49.48000 1.50000 -78.9725
-195.55000 -35.66000 1.50000 -85.6304
-250.94000 -128.50000 1.50000 -86.5132
19.96000 -49.48000 1.50000 -78.8930
-195.55000 -35.66000 1.50000 -85.6110
-250.94000 -128.50000 1.50000 -126.5101
19.96000 -49.48000 1.50000 -78.8129
-195.55000 -35.66000 1.50000 -85.5918
-250.94000 -128.50000 1.50000 -86.5071
19.96000 -49.48000 1.50000 -78.7320
-195.55000 -35.66000 1.50000 -85.5726
-250.94000 -128.50000 1.50000 -86.5043
19.96000 -49.48000 1.50000 -78.6504
-195.55000 -35.66000 1.50000 -85.5535
-250.94000 -128.50000 1.50000 -86.5015
19.96000 -49.48000 1.50000 -78.6342
-195.55000 -35.66000 1.50000 -85.5866
-250.94000 -128.50000 1.50000 -86.5357
19.96000 -49.48000 1.50000 -78.7161
-195.55000 -35.66000 1.50000 -85.6056
-250.94000 -128.50000 1.50000 -86.5384
19.96000 -49.48000 1.50000 -78.7972
-195.55000 -35.66000 1.50000 -85.6246
-250.94000 -128.50000 1.50000 -86.5412
19.96000 -49.48000 1.50000 -78.8777
-195.55000 -35.66000 1.50000 -85.6437
-250.94000 -128.50000 1.50000 -126.5442
19.96000 -49.48000 1.50000 -78.9575
-195.55000 -35.66000 1.50000 -85.6629
-250.94000 -128.50000 1.50000 -86.5473
19.96000 -49.48000 1.50000 -79.0365
-195.55000 -35.66000 1.50000 -85.6822
-250.94000 -128.50000 1.50000 -86.5505
19.96000 -49.48000 1.50000 -119.1150
-195.55000 -35.66000 1.50000 -85.7016
-250.94000 -128.50000 1.50000 -86.5539
19.96000 -49.48000 1.50000 -119.1927
-195.55000 -35.66000 1.50000 -85.7210
-250.94000 -128.50000 1.50000 -86.5574
19.96000 -49.48000 1.50000 -119.2698
-195.55000 -35.66000 1.50000 -85.7405
-250.94000 -128.50000 1.50000 -126.5611
19.96000 -49.48000 1.50000 -119.3463
-195.55000 -35.66000 1.50000 -85.7601
-250.94000 -128.50000 1.50000 -126.5648
19.96000 -49.48000 1.50000 -119.4221
-195.55000 -35.66000 1.50000 -85.7798
-250.94000 -128.50000 1.50000 -126.5687
19.96000 -49.48000 1.50000 -119.4974
-195.55000 -35.66000 1.50000 -85.7995
-250.94000 -128.50000 1.50000 -126.5727
19.96000 -49.48000 1.50000 -119.5720
-195.55000 -35.66000 1.50000 -85.8193
-250.94000 -128.50000 1.50000 -126.5769
19.96000 -49.48000 1.50000 -119.6460
-195.55000 -35.66000 1.50000 -85.8392
-250.94000 -128.50000 1.50000 -126.5812
19.96000 -49.48000 1.50000 -119.7195
-195.55000 -35.66000 1.50000 -85.8592
-250.94000 -128.50000 1.50000 -126.5856
19.96000 -49.48000 1.50000 -119.7923
-195.55000 -35.66000 1.50000 -85.8792
-250.94000 -128.50000 1.50000 -126.5901
19.96000 -49.48000 1.50000 -119.8646
-195.55000 -35.66000 1.50000 -85.8992
-250.94000 -128.50000 1.50000 -126.5948
19.96000 -49.48000 1.50000 -119.9363
-195.55000 -35.66000 1.50000 -85.9194
-250.94000 -128.50000 1.50000 -126.5996
19.96000 -49.48000 1.50000 -160.0075
-195.55000 -35.66000 1.50000 -85.9396
-250.94000 -128.50000 1.50000 -126.6045
19.96000 -49.48000 1.50000 -160.0781
-195.55000 -35.66000 1.50000 -85.9598
-250.94000 -128.50000 1.50000 -126.6096
19.96000 -49.48000 1.50000 -160.1481
-195.55000 -35.66000 1.50000 -85.9801
-250.94000 -128.50000 1.50000 -126.6148
19.96000 -49.48000 1.50000 -160.2177
-195.55000 -35.66000 1.50000 -86.0005
-250.94000 -128.50000 1.50000 -126.6201
19.96000 -49.48000 1.50000 -160.2867
-195.55000 -35.66000 1.50000 -86.0210
-250.94000 -128.50000 1.50000 -126.6255
19.96000 -49.48000 1.50000 -160.3552
-195.55000 -35.66000 1.50000 -86.0415
-250.94000 -128.50000 1.50000 -126.6311
19.96000 -49.48000 1.50000 -160.4231
-195.55000 -35.66000 1.50000 -86.0620
-250.94000 -128.50000 1.50000 -126.6368
19.96000 -49.48000 1.50000 -160.4906
-195.55000 -35.66000 1.50000 -86.0826
-250.94000 -128.50000 1.50000 -166.6426
19.96000 -49.48000 1.50000 -160.5576
-195.55000 -35.66000 1.50000 -86.1033
-250.94000 -128.50000 1.50000 -166.6485
19.96000 -49.48000 1.50000 -160.6241
-195.55000 -35.66000 1.50000 -86.1240
-250.94000 -128.50000 1.50000 -166.6546
19.96000 -49.48000 1.50000 -160.6901
-195.55000 -35.66000 1.50000 -86.1447
-250.94000 -128.50000 1.50000 -166.6608
19.96000 -49.48000 1.50000 -160.7556
-195.55000 -35.66000 1.50000 -86.1655
-250.94000 -128.50000 1.50000 -166.6671
19.96000 -49.48000 1.50000 -160.8207
-195.55000 -35.66000 1.50000 -86.1864
-250.94000 -128.50000 1.50000 -166.6735
19.96000 -49.48000 1.50000 -160.8853
-195.55000 -35.66000 1.50000 -86.2073
-250.94000 -128.50000 1.50000 -126.6801
19.96000 -49.48000 1.50000 -120.9494
-195.55000 -35.66000 1.50000 -46.2282
-250.94000 -128.50000 1.50000 -126.6867
19.96000 -49.48000 1.50000 -121.0131
-195.55000 -35.66000 1.50000 -46.2492
-250.94000 -128.50000 1.50000 -126.6935
19.96000 -49.48000 1.50000 -121.0764
-195.55000 -35.66000 1.50000 -46.2702
-250.94000 -128.50000 1.50000 -126.7004
19.96000 -49.48000 1.50000 -121.1392
-195.55000 -35.66000 1.50000 -46.2913
-250.94000 -128.50000 1.50000 -126.7075
19.96000 -49.48000 1.50000 -121.2016
-195.55000 -35.66000 1.50000 -46.3124
-250.94000 -128.50000 1.50000 -126.7146
19.96000 -49.48000 1.50000 -161.1930
-195.55000 -35.66000 1.50000 -46.3404
-250.94000 -128.50000 1.50000 -126.7473
19.96000 -49.48000 1.50000 -161.1849
-195.55000 -35.66000 1.50000 -46.3683
-250.94000 -128.50000 1.50000 -126.7798
19.96000 -49.48000 1.50000 -161.1773
-195.55000 -35.66000 1.50000 -46.3962
-250.94000 -128.50000 1.50000 -126.8122
19.96000 -49.48000 1.50000 -121.1701
-195.55000 -35.66000 1.50000 -46.4241
-250.94000 -128.50000 1.50000 -126.8445
19.96000 -49.48000 1.50000 -121.1634
-195.55000 -35.66000 1.50000 -46.4519
-250.94000 -128.50000 1.50000 -126.8767
19.96000 -49.48000 1.50000 -121.1571
-195.55000 -35.66000 1.50000 -86.4797
-250.94000 -128.50000 1.50000 -126.9088
19.96000 -49.48000 1.50000 -121.1513
-195.55000 -35.66000 1.50000 -86.5074
-250.94000 -128.50000 1.50000 -126.9408
19.96000 -49.48000 1.50000 -121.1459
-195.55000 -35.66000 1.50000 -86.5351
-250.94000 -128.50000 1.50000 -126.9726
19.96000 -49.48000 1.50000 -121.1410
-195.55000 -35.66000 1.50000 -86.5628
-250.94000 -128.50000 1.50000 -127.0044
19.96000 -49.48000 1.50000 -121.1366
-195.55000 -35.66000 1.50000 -86.5904
-250.94000 -128.50000 1.50000 -127.0360
19.96000 -49.48000 1.50000 -161.1326
-195.55000 -35.66000 1.50000 -86.6180
-250.94000 -128.50000 1.50000 -127.0676
19.96000 -49.48000 1.50000 -121.1291
-195.55000 -35.66000 1.50000 -86.6455
-250.94000 -128.50000 1.50000 -127.0990
19.96000 -49.48000 1.50000 -121.1261
-195.55000 -35.66000 1.50000 -86.6730
-250.94000 -128.50000 1.50000 -127.1303
19.96000 -49.48000 1.50000 -121.1235
-195.55000 -35.66000 1.50000 -86.7004
-250.94000 -128.50000 1.50000 -127.1615
19.96000 -49.48000 1.50000 -121.1214
-195.55000 -35.66000 1.50000 -86.7278
-250.94000 -128.50000 1.50000 -127.1926
19.96000 -49.48000 1.50000 -121.1198
-195.55000 -35.66000 1.50000 -86.7552
-250.94000 -128.50000 1.50000 -127.2236
19.96000 -49.48000 1.50000 -121.1186
-195.55000 -35.66000 1.50000 -86.7825
-250.94000 -128.50000 1.50000 -127.2545
19.96000 -49.48000 1.50000 -121.1179
-195.55000 -35.66000 1.50000 -86.8098
-250.94000 -128.50000 1.50000 -127.2853
19.96000 -49.48000 1.50000 -121.1177
-195.55000 -35.66000 1.50000 -86.8370
-250.94000 -128.50000 1.50000 -127.3159
19.96000 -49.48000 1.50000 -121.1180
-195.55000 -35.66000 1.50000 -86.8642
-250.94000 -128.50000 1.50000 -127.3465
19.96000 -49.48000 1.50000 -121.1187
-195.55000 -35.66000 1.50000 -86.8914
-250.94000 -128.50000 1.50000 -127.3770
19.96000 -49.48000 1.50000 -121.1199
-195.55000 -35.66000 1.50000 -86.9185
-250.94000 -128.50000 1.50000 -127.4074
19.96000 -49.48000 1.50000 -121.1215
-195.55000 -35.66000 1.50000 -86.9455
-250.94000 -128.50000 1.50000 -127.4377
19.96000 -49.48000 1.50000 -121.1237
-195.55000 -35.66000 1.50000 -86.9725
-250.94000 -128.50000 1.50000 -127.4678
19.96000 -49.48000 1.50000 -121.1263
-195.55000 -35.66000 1.50000 -86.9995
-250.94000 -128.50000 1.50000 -127.4979
19.96000 -49.48000 1.50000 -121.1294
-195.55000 -35.66000 1.50000 -87.0264
-250.94000 -128.50000 1.50000 -127.5279
19.96000 -49.48000 1.50000 -121.1329
-195.55000 -35.66000 1.50000 -127.0533
-250.94000 -128.50000 1.50000 -167.5578
19.96000 -49.48000 1.50000 -121.1369
-195.55000 -35.66000 1.50000 -127.0801
-250.94000 -128.50000 1.50000 -167.5875
19.96000 -49.48000 1.50000 -121.1414
-195.55000 -35.66000 1.50000 -127.1069
-250.94000 -128.50000 1.50000 -167.6172
19.96000 -49.48000 1.50000 -121.0781
-195.55000 -35.66000 1.50000 -127.0893
-250.94000 -128.50000 1.50000 -167.6114
19.96000 -49.48000 1.50000 -121.0736
-195.55000 -35.66000 1.50000 -127.0624
-250.94000 -128.50000 1.50000 -167.5817
19.96000 -49.48000 1.50000 -121.0695
-195.55000 -35.66000 1.50000 -127.0355
-250.94000 -128.50000 1.50000 -167.5519
19.96000 -49.48000 1.50000 -121.0659
-195.55000 -35.66000 1.50000 -87.0085
-250.94000 -128.50000 1.50000 -167.5219
19.96000 -49.48000 1.50000 -121.0628
-195.55000 -35.66000 1.50000 -86.9815
-250.94000 -128.50000 1.50000 -167.4919
19.96000 -49.48000 1.50000 -121.0602
-195.55000 -35.66000 1.50000 -86.9544
-250.94000 -128.50000 1.50000 -167.4618
19.96000 -49.48000 1.50000 -121.0580
-195.55000 -35.66000 1.50000 -86.9273
-250.94000 -128.50000 1.50000 -167.4316
19.96000 -49.48000 1.50000 -121.0563
-195.55000 -35.66000 1.50000 -86.9001
-250.94000 -128.50000 1.50000 -167.4013
19.96000 -49.48000 1.50000 -121.0551
-195.55000 -35.66000 1.50000 -86.8729
-250.94000 -128.50000 1.50000 -127.3709
19.96000 -49.48000 1.50000 -121.0544
-195.55000 -35.66000 1.50000 -86.8456
-250.94000 -128.50000 1.50000 -127.3403
19.96000 -49.48000 1.50000 -121.0541
-195.55000 -35.66000 1.50000 -86.8183
-250.94000 -128.50000 1.50000 -127.3097
19.96000 -49.48000 1.50000 -121.0543
-195.55000 -35.66000 1.50000 -86.7910
-250.94000 -128.50000 1.50000 -127.2790
19.96000 -49.48000 1.50000 -121.0550
-195.55000 -35.66000 1.50000 -86.7636
-250.94000 -128.50000 1.50000 -127.2482
19.96000 -49.48000 1.50000 -121.0562
-195.55000 -35.66000 1.50000 -86.7361
-250.94000 -128.50000 1.50000 -127.2172
19.96000 -49.48000 1.50000 -121.0578
-195.55000 -35.66000 1.50000 -86.7087
-250.94000 -128.50000 1.50000 -127.1862
19.96000 -49.48000 1.50000 -121.0600
-195.55000 -35.66000 1.50000 -86.6811
-250.94000 -128.50000 1.50000 -127.1551
19.96000 -49.48000 1.50000 -121.0626
-195.55000 -35.66000 1.50000 -86.6536
-250.94000 -128.50000 1.50000 -127.1238
19.96000 -49.48000 1.50000 -121.0657
-195.55000 -35.66000 1.50000 -86.6259
-250.94000 -128.50000 1.50000 -127.0924
19.96000 -49.48000 1.50000 -161.0692
-195.55000 -35.66000 1.50000 -86.5983
-250.94000 -128.50000 1.50000 -127.0610
19.96000 -49.48000 1.50000 -121.0732
-195.55000 -35.66000 1.50000 -86.5706
-250.94000 -128.50000 1.50000 -127.0294
19.96000 -49.48000 1.50000 -121.0777
-195.55000 -35.66000 1.50000 -86.5428
-250.94000 -128.50000 1.50000 -126.9977
19.96000 -49.48000 1.50000 -121.0827
-195.55000 -35.66000 1.50000 -86.5151
-250.94000 -128.50000 1.50000 -126.9659
19.96000 -49.48000 1.50000 -121.0882
-195.55000 -35.66000 1.50000 -86.4872
-250.94000 -128.50000 1.50000 -126.9340
19.96000 -49.48000 1.50000 -121.0941
-195.55000 -35.66000 1.50000 -86.4594
-250.94000 -128.50000 1.50000 -126.9020
19.96000 -49.48000 1.50000 -121.1004
-195.55000 -35.66000 1.50000 -86.4314
-250.94000 -128.50000 1.50000 -126.8698
19.96000 -49.48000 1.50000 -121.0371
-195.55000 -35.66000 1.50000 -86.4110
-250.94000 -128.50000 1.50000 -126.8631
19.96000 -49.48000 1.50000 -121.0306
-195.55000 -35.66000 1.50000 -86.4391
-250.94000 -128.50000 1.50000 -126.8952
19.96000 -49.48000 1.50000 -121.0246
-195.55000 -35.66000 1.50000 -86.4671
-250.94000 -128.50000 1.50000 -126.9273
19.96000 -49.48000 1.50000 -121.0191
-195.55000 -35.66000 1.50000 -86.4950
-250.94000 -128.50000 1.50000 -126.9593
19.96000 -49.48000 1.50000 -121.0140
-195.55000 -35.66000 1.50000 -86.5230
-250.94000 -128.50000 1.50000 -126.9911
19.96000 -49.48000 1.50000 -121.0095
-195.55000 -35.66000 1.50000 -86.5508
-250.94000 -128.50000 1.50000 -127.0229
19.96000 -49.48000 1.50000 -161.0054
-195.55000 -35.66000 1.50000 -86.5787
-250.94000 -128.50000 1.50000 -127.0545
19.96000 -49.48000 1.50000 -121.0018
-195.55000 -35.66000 1.50000 -86.6064
-250.94000 -128.50000 1.50000 -127.0860
19.96000 -49.48000 1.50000 -120.9986
-195.55000 -35.66000 1.50000 -86.6342
-250.94000 -128.50000 1.50000 -127.1174
19.96000 -49.48000 1.50000 -120.9960
-195.55000 -35.66000 1.50000 -86.6619
-250.94000 -128.50000 1.50000 -127.1487
19.96000 -49.48000 1.50000 -120.9938
-195.55000 -35.66000 1.50000 -86.6895
-250.94000 -128.50000 1.50000 -127.1799
19.96000 -49.48000 1.50000 -120.9922
-195.55000 -35.66000 1.50000 -86.7171
-250.94000 -128.50000 1.50000 -127.2110
19.96000 -49.48000 1.50000 -120.9910
-195.55000 -35.66000 1.50000 -86.7447
-250.94000 -128.50000 1.50000 -167.2420
19.96000 -49.48000 1.50000 -120.9903
-195.55000 -35.66000 1.50000 -86.7722
-250.94000 -128.50000 1.50000 -167.2728
19.96000 -49.48000 1.50000 -120.9900
-195.55000 -35.66000 1.50000 -86.7997
-250.94000 -128.50000 1.50000 -167.3036
19.96000 -49.48000 1.50000 -120.9903
-195.55000 -35.66000 1.50000 -86.8271
-250.94000 -128.50000 1.50000 -167.3343
19.96000 -49.48000 1.50000 -120.9911
-195.55000 -35.66000 1.50000 -86.8545
-250.94000 -128.50000 1.50000 -167.3648
19.96000 -49.48000 1.50000 -120.9923
-195.55000 -35.66000 1.50000 -86.8818
-250.94000 -128.50000 1.50000 -167.3953
19.96000 -49.48000 1.50000 -120.9940
-195.55000 -35.66000 1.50000 -86.9091
-250.94000 -128.50000 1.50000 -167.4257
19.96000 -49.48000 1.50000 -120.9962
-195.55000 -35.66000 1.50000 -86.9363
-250.94000 -128.50000 1.50000 -167.4559
19.96000 -49.48000 1.50000 -120.9989
-195.55000 -35.66000 1.50000 -86.9635
-250.94000 -128.50000 1.50000 -167.4861
19.96000 -49.48000 1.50000 -121.0020
-195.55000 -35.66000 1.50000 -86.9906
-250.94000 -128.50000 1.50000 -167.5161
19.96000 -49.48000 1.50000 -121.0057
-195.55000 -35.66000 1.50000 -127.0177
-250.94000 -128.50000 1.50000 -167.5461
19.96000 -49.48000 1.50000 -121.0098
-195.55000 -35.66000 1.50000 -127.0448
-250.94000 -128.50000 1.50000 -167.5759
19.96000 -49.48000 1.50000 -121.0144
-195.55000 -35.66000 1.50000 -127.0718
-250.94000 -128.50000 1.50000 -167.6057
19.96000 -49.48000 1.50000 -121.0195
-195.55000 -35.66000 1.50000 -127.0987
-250.94000 -128.50000 1.50000 -167.6354
19.96000 -49.48000 1.50000 -121.0251
-195.55000 -35.66000 1.50000 -127.1256
-250.94000 -128.50000 1.50000 -167.6649
19.96000 -49.48000 1.50000 -121.0311
-195.55000 -35.66000 1.50000 -127.1525
-250.94000 -128.50000 1.50000 -167.6944
19.96000 -49.48000 1.50000 -121.0376
-195.55000 -35.66000 1.50000 -127.1793
-250.94000 -128.50000 1.50000 -167.7238
19.96000 -49.48000 1.50000 -161.0446
-195.55000 -35.66000 1.50000 -127.2060
-250.94000 -128.50000 1.50000 -167.7531
19.96000 -49.48000 1.50000 -121.0520
-195.55000 -35.66000 1.50000 -127.2327
-250.94000 -128.50000 1.50000 -167.7822
19.96000 -49.48000 1.50000 -121.0599
-195.55000 -35.66000 1.50000 -127.2594
-250.94000 -128.50000 1.50000 -167.8113
19.96000 -49.48000 1.50000 -121.0683
-195.55000 -35.66000 1.50000 -127.2860
-250.94000 -128.50000 1.50000 -207.8403
19.96000 -49.48000 1.50000 -121.0049
-195.55000 -35.66000 1.50000 -127.2694
-250.94000 -128.50000 1.50000 -207.8350
19.96000 -49.48000 1.50000 -120.9964
-195.55000 -35.66000 1.50000 -127.2427
-250.94000 -128.50000 1.50000 -167.8060
19.96000 -49.48000 1.50000 -120.9884
-195.55000 -35.66000 1.50000 -127.2159
-250.94000 -128.50000 1.50000 -167.7768
19.96000 -49.48000 1.50000 -160.9809
-195.55000 -35.66000 1.50000 -127.1891
-250.94000 -128.50000 1.50000 -167.7476
19.96000 -49.48000 1.50000 -120.9738
-195.55000 -35.66000 1.50000 -127.1622
-250.94000 -128.50000 1.50000 -167.7183
19.96000 -49.48000 1.50000 -120.9672
-195.55000 -35.66000 1.50000 -127.1353
-250.94000 -128.50000 1.50000 -167.6889
19.96000 -49.48000 1.50000 -120.9611
-195.55000 -35.66000 1.50000 -127.1084
-250.94000 -128.50000 1.50000 -167.6594
19.96000 -49.48000 1.50000 -120.9554
-195.55000 -35.66000 1.50000 -127.0814
-250.94000 -128.50000 1.50000 -167.6298
19.96000 -49.48000 1.50000 -120.9503
-195.55000 -35.66000 1.50000 -127.0543
-250.94000 -128.50000 1.50000 -167.6001
19.96000 -49.48000 1.50000 -120.9456
-195.55000 -35.66000 1.50000 -127.0272
-250.94000 -128.50000 1.50000 -167.5703
19.96000 -49.48000 1.50000 -120.9414
-195.55000 -35.66000 1.50000 -127.0000
-250.94000 -128.50000 1.50000 -167.5404
19.96000 -49.48000 1.50000 -120.9377
-195.55000 -35.66000 1.50000 -86.9728
-250.94000 -128.50000 1.50000 -167.5104
19.96000 -49.48000 1.50000 -120.9345
-195.55000 -35.66000 1.50000 -86.9456
-250.94000 -128.50000 1.50000 -167.4803
19.96000 -49.48000 1.50000 -120.9318
-195.55000 -35.66000 1.50000 -86.9183
-250.94000 -128.50000 1.50000 -167.4501
19.96000 -49.48000 1.50000 -120.9295
-195.55000 -35.66000 1.50000 -86.8909
-250.94000 -128.50000 1.50000 -167.4198
19.96000 -49.48000 1.50000 -120.9278
-195.55000 -35.66000 1.50000 -86.8635
-250.94000 -128.50000 1.50000 -167.3894
19.96000 -49.48000 1.50000 -120.9265
-195.55000 -35.66000 1.50000 -86.8361
-250.94000 -128.50000 1.50000 -167.3589
19.96000 -49.48000 1.50000 -120.9258
-195.55000 -35.66000 1.50000 -86.8086
-250.94000 -128.50000 1.50000 -167.3283
19.96000 -49.48000 1.50000 -120.9255
-195.55000 -35.66000 1.50000 -86.7811
-250.94000 -128.50000 1.50000 -167.2976
19.96000 -49.48000 1.50000 -120.9257
-195.55000 -35.66000 1.50000 -86.7535
-250.94000 -128.50000 1.50000 -167.2668
19.96000 -49.48000 1.50000 -120.9265
-195.55000 -35.66000 1.50000 -86.7258
-250.94000 -128.50000 1.50000 -167.2359
19.96000 -49.48000 1.50000 -120.9277
-195.55000 -35.66000 1.50000 -86.6982
-250.94000 -128.50000 1.50000 -167.2048
19.96000 -49.48000 1.50000 -120.9294
-195.55000 -35.66000 1.50000 -86.6704
-250.94000 -128.50000 1.50000 -167.1737
19.96000 -49.48000 1.50000 -120.9316
-195.55000 -35.66000 1.50000 -86.6427
-250.94000 -128.50000 1.50000 -167.1425
19.96000 -49.48000 1.50000 -120.9342
-195.55000 -35.66000 1.50000 -86.6149
-250.94000 -128.50000 1.50000 -167.1111
19.96000 -49.48000 1.50000 -120.9374
-195.55000 -35.66000 1.50000 -86.5870
-250.94000 -128.50000 1.50000 -167.0797
19.96000 -49.48000 1.50000 -160.9411
-195.55000 -35.66000 1.50000 -86.5591
-250.94000 -128.50000 1.50000 -127.0481
19.96000 -49.48000 1.50000 -120.9452
-195.55000 -35.66000 1.50000 -86.5311
-250.94000 -128.50000 1.50000 -127.0164
19.96000 -49.48000 1.50000 -120.9499
-195.55000 -35.66000 1.50000 -86.5031
-250.94000 -128.50000 1.50000 -126.9847
19.96000 -49.48000 1.50000 -120.9550
-195.55000 -35.66000 1.50000 -86.4751
-250.94000 -128.50000 1.50000 -126.9528
19.96000 -49.48000 1.50000 -120.9606
-195.55000 -35.66000 1.50000 -86.4470
-250.94000 -128.50000 1.50000 -126.9208
19.96000 -49.48000 1.50000 -120.8961
-195.55000 -35.66000 1.50000 -86.4269
-250.94000 -128.50000 1.50000 -166.9143
19.96000 -49.48000 1.50000 -120.8904
-195.55000 -35.66000 1.50000 -86.4552
-250.94000 -128.50000 1.50000 -166.9464
19.96000 -49.48000 1.50000 -120.8852
-195.55000 -35.66000 1.50000 -86.4833
-250.94000 -128.50000 1.50000 -166.9783
19.96000 -49.48000 1.50000 -120.8805
-195.55000 -35.66000 1.50000 -86.5115
-250.94000 -128.50000 1.50000 -167.0101
19.96000 -49.48000 1.50000 -160.8763
-195.55000 -35.66000 1.50000 -86.5395
-250.94000 -128.50000 1.50000 -167.0419
19.96000 -49.48000 1.50000 -120.8726
-195.55000 -35.66000 1.50000 -86.5676
-250.94000 -128.50000 1.50000 -167.0735
19.96000 -49.48000 1.50000 -120.8694
-195.55000 -35.66000 1.50000 -86.5956
-250.94000 -128.50000 1.50000 -167.1050
19.96000 -49.48000 1.50000 -120.8667
-195.55000 -35.66000 1.50000 -86.6235
-250.94000 -128.50000 1.50000 -167.1364
19.96000 -49.48000 1.50000 -120.8644
-195.55000 -35.66000 1.50000 -86.6514
-250.94000 -128.50000 1.50000 -167.1676
19.96000 -49.48000 1.50000 -120.8627
-195.55000 -35.66000 1.50000 -86.6792
-250.94000 -128.50000 1.50000 -167.1988
19.96000 -49.48000 1.50000 -120.8615
-195.55000 -35.66000 1.50000 -86.7070
-250.94000 -128.50000 1.50000 -167.2299
19.96000 -49.48000 1.50000 -120.8607
-195.55000 -35.66000 1.50000 -86.7348
-250.94000 -128.50000 1.50000 -167.2608
19.96000 -49.48000 1.50000 -120.8605
-195.55000 -35.66000 1.50000 -86.7625
-250.94000 -128.50000 1.50000 -167.2917
19.96000 -49.48000 1.50000 -120.8608
-195.55000 -35.66000 1.50000 -86.7902
-250.94000 -128.50000 1.50000 -167.3224
19.96000 -49.48000 1.50000 -120.8616
-195.55000 -35.66000 1.50000 -86.8178
-250.94000 -128.50000 1.50000 -167.3531
19.96000 -49.48000 1.50000 -120.8628
-195.55000 -35.66000 1.50000 -86.8453
-250.94000 -128.50000 1.50000 -167.3836
19.96000 -49.48000 1.50000 -120.8646
-195.55000 -35.66000 1.50000 -86.8728
-250.94000 -128.50000 1.50000 -167.4141
19.96000 -49.48000 1.50000 -120.8669
-195.55000 -35.66000 1.50000 -86.9003
-250.94000 -128.50000 1.50000 -167.4444
19.96000 -49.48000 1.50000 -120.8696
-195.55000 -35.66000 1.50000 -86.9277
-250.94000 -128.50000 1.50000 -167.4746
19.96000 -49.48000 1.50000 -120.8729
-195.55000 -35.66000 1.50000 -86.9551
-250.94000 -128.50000 1.50000 -167.5048
19.96000 -49.48000 1.50000 -120.8766
-195.55000 -35.66000 1.50000 -126.9824
-250.94000 -128.50000 1.50000 -167.5348
19.96000 -49.48000 1.50000 -120.8809
-195.55000 -35.66000 1.50000 -127.0097
-250.94000 -128.50000 1.50000 -167.5647
19.96000 -49.48000 1.50000 -120.8856
-195.55000 -35.66000 1.50000 -127.0369
-250.94000 -128.50000 1.50000 -167.5946
19.96000 -49.48000 1.50000 -160.8909
-195.55000 -35.66000 1.50000 -127.0640
-250.94000 -128.50000 1.50000 -167.6243
19.96000 -49.48000 1.50000 -120.8966
-195.55000 -35.66000 1.50000 -127.0912
-250.94000 -128.50000 1.50000 -167.6540
19.96000 -49.48000 1.50000 -120.9028
-195.55000 -35.66000 1.50000 -127.1182
-250.94000 -128.50000 1.50000 -167.6835
19.96000 -49.48000 1.50000 -120.9095
-195.55000 -35.66000 1.50000 -127.1452
-250.94000 -128.50000 1.50000 -167.7130
19.96000 -49.48000 1.50000 -160.9167
-195.55000 -35.66000 1.50000 -127.1722
-250.94000 -128.50000 1.50000 -167.7423
19.96000 -49.48000 1.50000 -120.9243
-195.55000 -35.66000 1.50000 -127.1991
-250.94000 -128.50000 1.50000 -167.7716
19.96000 -49.48000 1.50000 -120.9325
-195.55000 -35.66000 1.50000 -127.2260
-250.94000 -128.50000 1.50000 -167.8007
19.96000 -49.48000 1.50000 -120.9411
-195.55000 -35.66000 1.50000 -127.2528
-250.94000 -128.50000 1.50000 -207.8298
19.96000 -49.48000 1.50000 -120.8768
-195.55000 -35.66000 1.50000 -127.2363
-250.94000 -128.50000 1.50000 -207.8247
19.96000 -49.48000 1.50000 -120.8681
-195.55000 -35.66000 1.50000 -127.2094
-250.94000 -128.50000 1.50000 -207.7956
19.96000 -49.48000 1.50000 -120.8598
-195.55000 -35.66000 1.50000 -127.1824
-250.94000 -128.50000 1.50000 -167.7664
19.96000 -49.48000 1.50000 -160.8521
-195.55000 -35.66000 1.50000 -127.1554
-250.94000 -128.50000 1.50000 -167.7371
19.96000 -49.48000 1.50000 -120.8448
-195.55000 -35.66000 1.50000 -127.1283
-250.94000 -128.50000 1.50000 -167.7077
19.96000 -49.48000 1.50000 -120.8380
-195.55000 -35.66000 1.50000 -127.1012
-250.94000 -128.50000 1.50000 -167.6782
19.96000 -49.48000 1.50000 -120.8317
-195.55000 -35.66000 1.50000 -127.0740
-250.94000 -128.50000 1.50000 -167.6486
19.96000 -49.48000 1.50000 -120.8259
-195.55000 -35.66000 1.50000 -127.0468
-250.94000 -128.50000 1.50000 -167.6189
19.96000 -49.48000 1.50000 -120.8205
-195.55000 -35.66000 1.50000 -127.0195
-250.94000 -128.50000 1.50000 -167.5892
19.96000 -49.48000 1.50000 -120.8157
-195.55000 -35.66000 1.50000 -126.9922
-250.94000 -128.50000 1.50000 -167.5593
19.96000 -49.48000 1.50000 -120.8114
-195.55000 -35.66000 1.50000 -126.9648
-250.94000 -128.50000 1.50000 -167.5293
19.96000 -49.48000 1.50000 -120.8076
-195.55000 -35.66000 1.50000 -86.9374
-250.94000 -128.50000 1.50000 -167.4993
19.96000 -49.48000 1.50000 -120.8043
-195.55000 -35.66000 1.50000 -86.9099
-250.94000 -128.50000 1.50000 -167.4691
19.96000 -49.48000 1.50000 -120.8015
-195.55000 -35.66000 1.50000 -86.8824
-250.94000 -128.50000 1.50000 -167.4388
19.96000 -49.48000 1.50000 -120.7992
-195.55000 -35.66000 1.50000 -86.8548
-250.94000 -128.50000 1.50000 -167.4084
19.96000 -49.48000 1.50000 -120.7974
-195.55000 -35.66000 1.50000 -86.8272
-250.94000 -128.50000 1.50000 -167.3779
19.96000 -49.48000 1.50000 -120.7961
-195.55000 -35.66000 1.50000 -86.7995
-250.94000 -128.50000 1.50000 -167.3474
19.96000 -49.48000 1.50000 -120.7953
-195.55000 -35.66000 1.50000 -86.7718
-250.94000 -128.50000 1.50000 -167.3167
19.96000 -49.48000 1.50000 -120.7950
-195.55000 -35.66000 1.50000 -86.7440
-250.94000 -128.50000 1.50000 -167.2859
19.96000 -49.48000 1.50000 -120.7953
-195.55000 -35.66000 1.50000 -86.7162
-250.94000 -128.50000 1.50000 -167.2550
19.96000 -49.48000 1.50000 -120.7960
-195.55000 -35.66000 1.50000 -86.6883
-250.94000 -128.50000 1.50000 -167.2240
19.96000 -49.48000 1.50000 -120.7973
-195.55000 -35.66000 1.50000 -86.6604
-250.94000 -128.50000 1.50000 -167.1929
19.96000 -49.48000 1.50000 -120.7990
-195.55000 -35.66000 1.50000 -86.6324
-250.94000 -128.50000 1.50000 -167.1617
19.96000 -49.48000 1.50000 -120.8013
-195.55000 -35.66000 1.50000 -86.6044
-250.94000 -128.50000 1.50000 -167.1303
19.96000 -49.48000 1.50000 -120.8040
-195.55000 -35.66000 1.50000 -86.5763
-250.94000 -128.50000 1.50000 -167.0989
19.96000 -49.48000 1.50000 -120.8073
-195.55000 -35.66000 1.50000 -86.5482
-250.94000 -128.50000 1.50000 -167.0674
19.96000 -49.48000 1.50000 -120.8111
-195.55000 -35.66000 1.50000 -86.5201
-250.94000 -128.50000 1.50000 -167.0357
19.96000 -49.48000 1.50000 -120.8154
-195.55000 -35.66000 1.50000 -86.4918
-250.94000 -128.50000 1.50000 -167.0040
19.96000 -49.48000 1.50000 -120.8201
-195.55000 -35.66000 1.50000 -86.4636
-250.94000 -128.50000 1.50000 -166.9721
19.96000 -49.48000 1.50000 -120.8254
-195.55000 -35.66000 1.50000 -86.4353
-250.94000 -128.50000 1.50000 -166.9401
19.96000 -49.48000 1.50000 -120.8312
-195.55000 -35.66000 1.50000 -86.4069
-250.94000 -128.50000 1.50000 -166.9080
19.96000 -49.48000 1.50000 -120.7658
-195.55000 -35.66000 1.50000 -86.3870
-250.94000 -128.50000 1.50000 -166.9018
19.96000 -49.48000 1.50000 -120.7599
-195.55000 -35.66000 1.50000 -86.4155
-250.94000 -128.50000 1.50000 -166.9339
19.96000 -49.48000 1.50000 -120.7545
-195.55000 -35.66000 1.50000 -86.4439
-250.94000 -128.50000 1.50000 -166.9660
19.96000 -49.48000 1.50000 -120.7497
-195.55000 -35.66000 1.50000 -86.4723
-250.94000 -128.50000 1.50000 -166.9979
19.96000 -49.48000 1.50000 -120.7454
-195.55000 -35.66000 1.50000 -86.5006
-250.94000 -128.50000 1.50000 -167.0297
19.96000 -49.48000 1.50000 -120.7415
-195.55000 -35.66000 1.50000 -86.5289
-250.94000 -128.50000 1.50000 -167.0614
19.96000 -49.48000 1.50000 -120.7382
-195.55000 -35.66000 1.50000 -86.5571
-250.94000 -128.50000 1.50000 -167.0930
19.96000 -49.48000 1.50000 -120.7354
-195.55000 -35.66000 1.50000 -86.5853
-250.94000 -128.50000 1.50000 -167.1244
19.96000 -49.48000 1.50000 -120.7331
-195.55000 -35.66000 1.50000 -86.6135
-250.94000 -128.50000 1.50000 -167.1558
19.96000 -49.48000 1.50000 -120.7313
-195.55000 -35.66000 1.50000 -86.6416
-250.94000 -128.50000 1.50000 -167.1871
19.96000 -49.48000 1.50000 -120.7301
-195.55000 -35.66000 1.50000 -86.6696
-250.94000 -128.50000 1.50000 -167.2182
19.96000 -49.48000 1.50000 -120.7293
-195.55000 -35.66000 1.50000 -86.6976
-250.94000 -128.50000 1.50000 -167.2493
19.96000 -49.48000 1.50000 -120.7291
-195.55000 -35.66000 1.50000 -86.7255
-250.94000 -128.50000 1.50000 -167.2802
19.96000 -49.48000 1.50000 -120.7293
-195.55000 -35.66000 1.50000 -86.7534
-250.94000 -128.50000 1.50000 -167.3110
19.96000 -49.48000 1.50000 -120.7301
-195.55000 -35.66000 1.50000 -86.7813
-250.94000 -128.50000 1.50000 -167.3418
19.96000 -49.48000 1.50000 -120.7314
-195.55000 -35.66000 1.50000 -86.8091
-250.94000 -128.50000 1.50000 -167.3724
19.96000 -49.48000 1.50000 -120.7333
-195.55000 -35.66000 1.50000 -86.8368
-250.94000 -128.50000 1.50000 -167.4029
19.96000 -49.48000 1.50000 -120.7356
-195.55000 -35.66000 1.50000 -86.8645
-250.94000 -128.50000 1.50000 -167.4333
19.96000 -49.48000 1.50000 -120.7385
-195.55000 -35.66000 1.50000 -86.8921
-250.94000 -128.50000 1.50000 -167.4636
19.96000 -49.48000 1.50000 -120.7418
-195.55000 -35.66000 1.50000 -86.9197
-250.94000 -128.50000 1.50000 -167.4938
19.96000 -49.48000 1.50000 -120.7457
-195.55000 -35.66000 1.50000 -126.9473
-250.94000 -128.50000 1.50000 -167.5239
19.96000 -49.48000 1.50000 -120.7501
-195.55000 -35.66000 1.50000 -126.9747
-250.94000 -128.50000 1.50000 -167.5540
19.96000 -49.48000 1.50000 -120.7550
-195.55000 -35.66000 1.50000 -127.0022
-250.94000 -128.50000 1.50000 -167.5839
19.96000 -49.48000 1.50000 -120.7604
-195.55000 -35.66000 1.50000 -127.0296
-250.94000 -128.50000 1.50000 -167.6137
19.96000 -49.48000 1.50000 -120.7663
-195.55000 -35.66000 1.50000 -127.0569
-250.94000 -128.50000 1.50000 -167.6434
19.96000 -49.48000 1.50000 -120.7727
-195.55000 -35.66000 1.50000 -127.0842
-250.94000 -128.50000 1.50000 -167.6730
19.96000 -49.48000 1.50000 -120.7796
-195.55000 -35.66000 1.50000 -127.1114
-250.94000 -128.50000 1.50000 -167.7025
19.96000 -49.48000 1.50000 -160.7870
-195.55000 -35.66000 1.50000 -127.1386
-250.94000 -128.50000 1.50000 -127.7319
19.96000 -49.48000 1.50000 -120.7948
-195.55000 -35.66000 1.50000 -127.1657
-250.94000 -128.50000 1.50000 -127.7613
19.96000 -49.48000 1.50000 -120.8032
-195.55000 -35.66000 1.50000 -127.1928
-250.94000 -128.50000 1.50000 -167.7905
19.96000 -49.48000 1.50000 -120.8121
-195.55000 -35.66000 1.50000 -127.2198
-250.94000 -128.50000 1.50000 -167.8196
19.96000 -49.48000 1.50000 -120.7469
-195.55000 -35.66000 1.50000 -127.2034
-250.94000 -128.50000 1.50000 -167.8147
19.96000 -49.48000 1.50000 -120.7379
-195.55000 -35.66000 1.50000 -127.1762
-250.94000 -128.50000 1.50000 -167.7855
19.96000 -49.48000 1.50000 -120.7294
-195.55000 -35.66000 1.50000 -127.1491
-250.94000 -128.50000 1.50000 -127.7563
19.96000 -49.48000 1.50000 -160.7214
-195.55000 -35.66000 1.50000 -127.1218
-250.94000 -128.50000 1.50000 -127.7269
19.96000 -49.48000 1.50000 -120.7139
-195.55000 -35.66000 1.50000 -127.0946
-250.94000 -128.50000 1.50000 -127.6974
19.96000 -49.48000 1.50000 -120.7069
-195.55000 -35.66000 1.50000 -127.0672
-250.94000 -128.50000 1.50000 -127.6679
19.96000 -49.48000 1.50000 -120.7004
-195.55000 -35.66000 1.50000 -127.0398
-250.94000 -128.50000 1.50000 -127.6382
19.96000 -49.48000 1.50000 -120.6944
-195.55000 -35.66000 1.50000 -127.0124
-250.94000 -128.50000 1.50000 -127.6085
19.96000 -49.48000 1.50000 -120.6889
-195.55000 -35.66000 1.50000 -126.9849
-250.94000 -128.50000 1.50000 -127.5786
19.96000 -49.48000 1.50000 -120.6839
-195.55000 -35.66000 1.50000 -126.9574
-250.94000 -128.50000 1.50000 -127.5487
19.96000 -49.48000 1.50000 -120.6795
-195.55000 -35.66000 1.50000 -126.9298
-250.94000 -128.50000 1.50000 -167.5186
19.96000 -49.48000 1.50000 -120.6756
-195.55000 -35.66000 1.50000 -86.9021
-250.94000 -128.50000 1.50000 -167.4885
19.96000 -49.48000 1.50000 -120.6721
-195.55000 -35.66000 1.50000 -86.8744
-250.94000 -128.50000 1.50000 -167.4583
19.96000 -49.48000 1.50000 -120.6693
-195.55000 -35.66000 1.50000 -86.8467
-250.94000 -128.50000 1.50000 -167.4279
19.96000 -49.48000 1.50000 -120.6669
-195.55000 -35.66000 1.50000 -86.8188
-250.94000 -128.50000 1.50000 -167.3975
19.96000 -49.48000 1.50000 -120.6650
-195.55000 -35.66000 1.50000 -86.7910
-250.94000 -128.50000 1.50000 -167.3669
19.96000 -49.48000 1.50000 -120.6637
-195.55000 -35.66000 1.50000 -86.7631
-250.94000 -128.50000 1.50000 -167.3362
19.96000 -49.48000 1.50000 -120.6629
-195.55000 -35.66000 1.50000 -86.7351
-250.94000 -128.50000 1.50000 -167.3055
19.96000 -49.48000 1.50000 -120.6626
-195.55000 -35.66000 1.50000 -86.7071
-250.94000 -128.50000 1.50000 -167.2746
19.96000 -49.48000 1.50000 -120.6628
-195.55000 -35.66000 1.50000 -86.6791
-250.94000 -128.50000 1.50000 -167.2436
19.96000 -49.48000 1.50000 -120.6636
-195.55000 -35.66000 1.50000 -86.6509
-250.94000 -128.50000 1.50000 -167.2125
19.96000 -49.48000 1.50000 -120.6649
-195.55000 -35.66000 1.50000 -86.6228
-250.94000 -128.50000 1.50000 -167.1814
19.96000 -49.48000 1.50000 -120.6667
-195.55000 -35.66000 1.50000 -86.5946
-250.94000 -128.50000 1.50000 -167.1501
19.96000 -49.48000 1.50000 -120.6690
-195.55000 -35.66000 1.50000 -86.5663
-250.94000 -128.50000 1.50000 -167.1187
19.96000 -49.48000 1.50000 -120.6719
-195.55000 -35.66000 1.50000 -86.5380
-250.94000 -128.50000 1.50000 -167.0871
19.96000 -49.48000 1.50000 -120.6753
-195.55000 -35.66000 1.50000 -86.5096
-250.94000 -128.50000 1.50000 -167.0555
19.96000 -49.48000 1.50000 -120.6792
-195.55000 -35.66000 1.50000 -86.4812
-250.94000 -128.50000 1.50000 -167.0238
19.96000 -49.48000 1.50000 -120.6836
-195.55000 -35.66000 1.50000 -86.4528
-250.94000 -128.50000 1.50000 -166.9919
19.96000 -49.48000 1.50000 -120.6885
-195.55000 -35.66000 1.50000 -86.4243
-250.94000 -128.50000 1.50000 -166.9599
19.96000 -49.48000 1.50000 -120.6939
-195.55000 -35.66000 1.50000 -86.3957
-250.94000 -128.50000 1.50000 -166.9279
19.96000 -49.48000 1.50000 -120.6999
-195.55000 -35.66000 1.50000 -86.3671
-250.94000 -128.50000 1.50000 -166.8957
19.96000 -49.48000 1.50000 -120.6335
-195.55000 -35.66000 1.50000 -86.3472
-250.94000 -128.50000 1.50000 -166.8897
19.96000 -49.48000 1.50000 -120.6274
-195.55000 -35.66000 1.50000 -86.3760
-250.94000 -128.50000 1.50000 -166.9219
19.96000 -49.48000 1.50000 -120.6219
-195.55000 -35.66000 1.50000 -86.4047
-250.94000 -128.50000 1.50000 -166.9541
19.96000 -49.48000 1.50000 -120.6169
-195.55000 -35.66000 1.50000 -86.4333
-250.94000 -128.50000 1.50000 -166.9861
19.96000 -49.48000 1.50000 -120.6124
-195.55000 -35.66000 1.50000 -86.4619
-250.94000 -128.50000 1.50000 -167.0180
19.96000 -49.48000 1.50000 -120.6085
-195.55000 -35.66000 1.50000 -86.4904
-250.94000 -128.50000 1.50000 -167.0497
19.96000 -49.48000 1.50000 -120.6051
-195.55000 -35.66000 1.50000 -86.5189
-250.94000 -128.50000 1.50000 -167.0814
19.96000 -49.48000 1.50000 -120.6022
-195.55000 -35.66000 1.50000 -86.5473
-250.94000 -128.50000 1.50000 -167.1130
19.96000 -49.48000 1.50000 -120.5998
-195.55000 -35.66000 1.50000 -86.5757
-250.94000 -128.50000 1.50000 -167.1444
19.96000 -49.48000 1.50000 -120.5980
-195.55000 -35.66000 1.50000 -86.6041
-250.94000 -128.50000 1.50000 -167.1758
19.96000 -49.48000 1.50000 -120.5967
-195.55000 -35.66000 1.50000 -86.6324
-250.94000 -128.50000 1.50000 -167.2070
19.96000 -49.48000 1.50000 -120.5959
-195.55000 -35.66000 1.50000 -86.6606
-250.94000 -128.50000 1.50000 -167.2381
19.96000 -49.48000 1.50000 -120.5956
-195.55000 -35.66000 1.50000 -86.6888
-250.94000 -128.50000 1.50000 -167.2691
19.96000 -49.48000 1.50000 -120.5959
-195.55000 -35.66000 1.50000 -86.7169
-250.94000 -128.50000 1.50000 -167.3000
19.96000 -49.48000 1.50000 -120.5968
-195.55000 -35.66000 1.50000 -86.7450
-250.94000 -128.50000 1.50000 -167.3308
19.96000 -49.48000 1.50000 -120.5981
-195.55000 -35.66000 1.50000 -86.7730
-250.94000 -128.50000 1.50000 -127.3615
19.96000 -49.48000 1.50000 -120.6000
-195.55000 -35.66000 1.50000 -86.8010
-250.94000 -128.50000 1.50000 -127.3921
19.96000 -49.48000 1.50000 -120.6024
-195.55000 -35.66000 1.50000 -86.8289
-250.94000 -128.50000 1.50000 -127.4226
19.96000 -49.48000 1.50000 -120.6053
-195.55000 -35.66000 1.50000 -86.8568
-250.94000 -128.50000 1.50000 -127.4530
19.96000 -49.48000 1.50000 -120.6088
-195.55000 -35.66000 1.50000 -86.8846
-250.94000 -128.50000 1.50000 -127.4833
19.96000 -49.48000 1.50000 -120.6128
-195.55000 -35.66000 1.50000 -126.9123
-250.94000 -128.50000 1.50000 -127.5135
19.96000 -49.48000 1.50000 -120.6173
-195.55000 -35.66000 1.50000 -126.9400
-250.94000 -128.50000 1.50000 -127.5436
19.96000 -49.48000 1.50000 -120.6223
-195.55000 -35.66000 1.50000 -126.9677
-250.94000 -128.50000 1.50000 -127.5735
19.96000 -49.48000 1.50000 -120.6279
-195.55000 -35.66000 1.50000 -126.9953
-250.94000 -128.50000 1.50000 -127.6034
19.96000 -49.48000 1.50000 -120.6340
-195.55000 -35.66000 1.50000 -127.0228
-250.94000 -128.50000 1.50000 -127.6332
19.96000 -49.48000 1.50000 -120.6406
-195.55000 -35.66000 1.50000 -127.0503
-250.94000 -128.50000 1.50000 -127.6629
19.96000 -49.48000 1.50000 -120.6477
-195.55000 -35.66000 1.50000 -127.0778
-250.94000 -128.50000 1.50000 -127.6925
19.96000 -49.48000 1.50000 -120.6553
-195.55000 -35.66000 1.50000 -127.1052
-250.94000 -128.50000 1.50000 -127.7220
19.96000 -49.48000 1.50000 -120.6635
-195.55000 -35.66000 1.50000 -127.1325
-250.94000 -128.50000 1.50000 -127.7514
19.96000 -49.48000 1.50000 -120.6721
-195.55000 -35.66000 1.50000 -127.1598
-250.94000 -128.50000 1.50000 -167.7807
19.96000 -49.48000 1.50000 -120.6812
-195.55000 -35.66000 1.50000 -127.1870
-250.94000 -128.50000 1.50000 -167.8098
19.96000 -49.48000 1.50000 -120.6151
-195.55000 -35.66000 1.50000 -127.1707
-250.94000 -128.50000 1.50000 -167.8051
19.96000 -49.48000 1.50000 -120.6058
-195.55000 -35.66000 1.50000 -127.1433
-250.94000 -128.50000 1.50000 -167.7759
19.96000 -49.48000 1.50000 -120.5970
-195.55000 -35.66000 1.50000 -127.1160
-250.94000 -128.50000 1.50000 -127.7465
19.96000 -49.48000 1.50000 -120.5888
-195.55000 -35.66000 1.50000 -127.0885
-250.94000 -128.50000 1.50000 -127.7171
19.96000 -49.48000 1.50000 -120.5810
-195.55000 -35.66000 1.50000 -127.0610
-250.94000 -128.50000 1.50000 -127.6876
19.96000 -49.48000 1.50000 -120.5738
-195.55000 -35.66000 1.50000 -127.0335
-250.94000 -128.50000 1.50000 -127.6580
19.96000 -49.48000 1.50000 -120.5671
-195.55000 -35.66000 1.50000 -127.0059
-250.94000 -128.50000 1.50000 -127.6283
19.96000 -49.48000 1.50000 -120.5609
-195.55000 -35.66000 1.50000 -126.9782
-250.94000 -128.50000 1.50000 -127.5984
19.96000 -49.48000 1.50000 -120.5553
-195.55000 -35.66000 1.50000 -126.9505
-250.94000 -128.50000 1.50000 -127.5685
19.96000 -49.48000 1.50000 -120.5502
-195.55000 -35.66000 1.50000 -126.9228
-250.94000 -128.50000 1.50000 -127.5385
19.96000 -49.48000 1.50000 -120.5456
-195.55000 -35.66000 1.50000 -126.8949
-250.94000 -128.50000 1.50000 -127.5084
19.96000 -49.48000 1.50000 -120.5415
-195.55000 -35.66000 1.50000 -86.8671
-250.94000 -128.50000 1.50000 -127.4782
19.96000 -49.48000 1.50000 -120.5380
-195.55000 -35.66000 1.50000 -86.8391
-250.94000 -128.50000 1.50000 -127.4479
19.96000 -49.48000 1.50000 -120.5350
-195.55000 -35.66000 1.50000 -86.8112
-250.94000 -128.50000 1.50000 -127.4174
19.96000 -49.48000 1.50000 -120.5326
-195.55000 -35.66000 1.50000 -86.7831
-250.94000 -128.50000 1.50000 -127.3869
19.96000 -49.48000 1.50000 -120.5307
-195.55000 -35.66000 1.50000 -86.7550
-250.94000 -128.50000 1.50000 -127.3563
19.96000 -49.48000 1.50000 -120.5293
-195.55000 -35.66000 1.50000 -86.7269
-250.94000 -128.50000 1.50000 -127.3255
19.96000 -49.48000 1.50000 -120.5285
-195.55000 -35.66000 1.50000 -86.6987
-250.94000 -128.50000 1.50000 -127.2947
19.96000 -49.48000 1.50000 -120.5282
-195.55000 -35.66000 1.50000 -86.6705
-250.94000 -128.50000 1.50000 -127.2637
19.96000 -49.48000 1.50000 -120.5284
-195.55000 -35.66000 1.50000 -86.6422
-250.94000 -128.50000 1.50000 -127.2327
19.96000 -49.48000 1.50000 -120.5292
-195.55000 -35.66000 1.50000 -86.6138
-250.94000 -128.50000 1.50000 -127.2015
19.96000 -49.48000 1.50000 -120.5305
-195.55000 -35.66000 1.50000 -86.5854
-250.94000 -128.50000 1.50000 -167.1703
19.96000 -49.48000 1.50000 -120.5324
-195.55000 -35.66000 1.50000 -86.5569
-250.94000 -128.50000 1.50000 -167.1389
19.96000 -49.48000 1.50000 -120.5348
-195.55000 -35.66000 1.50000 -86.5284
-250.94000 -128.50000 1.50000 -167.1074
19.96000 -49.48000 1.50000 -120.5378
-195.55000 -35.66000 1.50000 -86.4999
-250.94000 -128.50000 1.50000 -167.0758
19.96000 -49.48000 1.50000 -120.5412
-195.55000 -35.66000 1.50000 -86.4713
-250.94000 -128.50000 1.50000 -167.0441
19.96000 -49.48000 1.50000 -120.5452
-195.55000 -35.66000 1.50000 -86.4426
-250.94000 -128.50000 1.50000 -167.0123
19.96000 -49.48000 1.50000 -120.5498
-195.55000 -35.66000 1.50000 -86.4139
-250.94000 -128.50000 1.50000 -166.9803
19.96000 -49.48000 1.50000 -120.5549
-195.55000 -35.66000 1.50000 -86.3851
-250.94000 -128.50000 1.50000 -166.9483
19.96000 -49.48000 1.50000 -120.5605
-195.55000 -35.66000 1.50000 -86.3563
-250.94000 -128.50000 1.50000 -166.9161
19.96000 -49.48000 1.50000 -120.5666
-195.55000 -35.66000 1.50000 -86.3274
-250.94000 -128.50000 1.50000 -166.8838
19.96000 -49.48000 1.50000 -120.4992
-195.55000 -35.66000 1.50000 -86.3077
-250.94000 -128.50000 1.50000 -166.8781
19.96000 -49.48000 1.50000 -120.4930
-195.55000 -35.66000 1.50000 -86.3367
-250.94000 -128.50000 1.50000 -166.9104
19.96000 -49.48000 1.50000 -120.4873
-195.55000 -35.66000 1.50000 -86.3656
-250.94000 -128.50000 1.50000 -166.9426
19.96000 -49.48000 1.50000 -120.4821
-195.55000 -35.66000 1.50000 -86.3945
-250.94000 -128.50000 1.50000 -166.9747
19.96000 -49.48000 1.50000 -120.4775
-195.55000 -35.66000 1.50000 -86.4234
-250.94000 -128.50000 1.50000 -127.0067
19.96000 -49.48000 1.50000 -120.4734
-195.55000 -35.66000 1.50000 -86.4521
-250.94000 -128.50000 1.50000 -127.0385
19.96000 -49.48000 1.50000 -120.4699
-195.55000 -35.66000 1.50000 -86.4809
-250.94000 -128.50000 1.50000 -127.0703
19.96000 -49.48000 1.50000 -120.4669
-195.55000 -35.66000 1.50000 -86.5096
-250.94000 -128.50000 1.50000 -127.1019
19.96000 -49.48000 1.50000 -120.4645
-195.55000 -35.66000 1.50000 -86.5382
-250.94000 -128.50000 1.50000 -127.1335
19.96000 -49.48000 1.50000 -120.4626
-195.55000 -35.66000 1.50000 -86.5668
-250.94000 -128.50000 1.50000 -127.1649
19.96000 -49.48000 1.50000 -120.4612
-195.55000 -35.66000 1.50000 -86.5953
-250.94000 -128.50000 1.50000 -127.1962
19.96000 -49.48000 1.50000 -120.4604
-195.55000 -35.66000 1.50000 -86.6238
-250.94000 -128.50000 1.50000 -127.2274
19.96000 -49.48000 1.50000 -120.4602
-195.55000 -35.66000 1.50000 -86.6522
-250.94000 -128.50000 1.50000 -127.2585
19.96000 -49.48000 1.50000 -120.4605
-195.55000 -35.66000 1.50000 -86.6806
-250.94000 -128.50000 1.50000 -127.2895
19.96000 -49.48000 1.50000 -120.4613
-195.55000 -35.66000 1.50000 -86.7089
-250.94000 -128.50000 1.50000 -127.3203
19.96000 -49.48000 1.50000 -120.4627
-195.55000 -35.66000 1.50000 -86.7371
-250.94000 -128.50000 1.50000 -127.3511
19.96000 -49.48000 1.50000 -120.4647
-195.55000 -35.66000 1.50000 -86.7653
-250.94000 -128.50000 1.50000 -127.3818
19.96000 -49.48000 1.50000 -120.4671
-195.55000 -35.66000 1.50000 -86.7935
-250.94000 -128.50000 1.50000 -127.4123
19.96000 -49.48000 1.50000 -120.4702
-195.55000 -35.66000 1.50000 -86.8216
-250.94000 -128.50000 1.50000 -127.4428
19.96000 -49.48000 1.50000 -120.4737
-195.55000 -35.66000 1.50000 -86.8496
-250.94000 -128.50000 1.50000 -127.4732
19.96000 -49.48000 1.50000 -120.4779
-195.55000 -35.66000 1.50000 -126.8776
-250.94000 -128.50000 1.50000 -127.5034
19.96000 -49.48000 1.50000 -120.4825
-195.55000 -35.66000 1.50000 -126.9055
-250.94000 -128.50000 1.50000 -127.5336
19.96000 -49.48000 1.50000 -120.4877
-195.55000 -35.66000 1.50000 -126.9334
-250.94000 -128.50000 1.50000 -127.5636
19.96000 -49.48000 1.50000 -120.4935
-195.55000 -35.66000 1.50000 -126.9612
-250.94000 -128.50000 1.50000 -127.5936
19.96000 -49.48000 1.50000 -120.4997
-195.55000 -35.66000 1.50000 -126.9890
-250.94000 -128.50000 1.50000 -127.6234
19.96000 -49.48000 1.50000 -120.5065
-195.55000 -35.66000 1.50000 -127.0167
-250.94000 -128.50000 1.50000 -127.6532
19.96000 -49.48000 1.50000 -160.5139
-195.55000 -35.66000 1.50000 -127.0444
-250.94000 -128.50000 1.50000 -127.6828
19.96000 -49.48000 1.50000 -120.5217
-195.55000 -35.66000 1.50000 -127.0720
-250.94000 -128.50000 1.50000 -127.7124
19.96000 -49.48000 1.50000 -120.5301
-195.55000 -35.66000 1.50000 -127.0995
-250.94000 -128.50000 1.50000 -127.7418
19.96000 -49.48000 1.50000 -120.5390
-195.55000 -35.66000 1.50000 -127.1270
-250.94000 -128.50000 1.50000 -167.7712
19.96000 -49.48000 1.50000 -120.5485
-195.55000 -35.66000 1.50000 -127.1544
-250.94000 -128.50000 1.50000 -167.8005