19.96000 -49.48000 1.50000 -98.3450
-195.55000 -35.66000 1.50000 -146.9511
-250.94000 -128.50000 1.50000 -147.9584
19.96000 -49.48000 1.50000 -98.3695
-195.55000 -35.66000 1.50000 -146.9809
-250.94000 -128.50000 1.50000 -147.9874
19.96000 -49.48000 1.50000 -58.3948
-195.55000 -35.66000 1.50000 -187.0106
-250.94000 -128.50000 1.50000 -148.0163
19.96000 -49.48000 1.50000 -58.4207
-195.55000 -35.66000 1.50000 -187.0402
-250.94000 -128.50000 1.50000 -148.0452
19.96000 -49.48000 1.50000 -58.4474
-195.55000 -35.66000 1.50000 -187.0698
-250.94000 -128.50000 1.50000 -148.0739
19.96000 -49.48000 1.50000 -58.4748
-195.55000 -35.66000 1.50000 -187.0992
-250.94000 -128.50000 1.50000 -148.1025
19.96000 -49.48000 1.50000 -58.5029
-195.55000 -35.66000 1.50000 -147.1286
-250.94000 -128.50000 1.50000 -148.1310
19.96000 -49.48000 1.50000 -58.5317
-195.55000 -35.66000 1.50000 -147.1579
-250.94000 -128.50000 1.50000 -148.1594
19.96000 -49.48000 1.50000 -58.5611
-195.55000 -35.66000 1.50000 -147.1871
-250.94000 -128.50000 1.50000 -148.1878
19.96000 -49.48000 1.50000 -58.5911
-195.55000 -35.66000 1.50000 -147.2162
-250.94000 -128.50000 1.50000 -148.2160
19.96000 -49.48000 1.50000 -58.6218
-195.55000 -35.66000 1.50000 -147.2453
-250.94000 -128.50000 1.50000 -148.2442
19.96000 -49.48000 1.50000 -58.6531
-195.55000 -35.66000 1.50000 -147.2743
-250.94000 -128.50000 1.50000 -148.2723
19.96000 -49.48000 1.50000 -98.6850
-195.55000 -35.66000 1.50000 -147.3032
-250.94000 -128.50000 1.50000 -148.3002
19.96000 -49.48000 1.50000 -98.7175
-195.55000 -35.66000 1.50000 -147.3320
-250.94000 -128.50000 1.50000 -148.3281
19.96000 -49.48000 1.50000 -98.7506
-195.55000 -35.66000 1.50000 -147.3607
-250.94000 -128.50000 1.50000 -148.3559
19.96000 -49.48000 1.50000 -98.8271
-195.55000 -35.66000 1.50000 -147.3729
-250.94000 -128.50000 1.50000 -148.3574
19.96000 -49.48000 1.50000 -98.7946
-195.55000 -35.66000 1.50000 -147.3443
-250.94000 -128.50000 1.50000 -148.3296
19.96000 -49.48000 1.50000 -58.7627
-195.55000 -35.66000 1.50000 -147.3155
-250.94000 -128.50000 1.50000 -148.3017
19.96000 -49.48000 1.50000 -58.7314
-195.55000 -35.66000 1.50000 -147.2867
-250.94000 -128.50000 1.50000 -148.2737
19.96000 -49.48000 1.50000 -58.7006
-195.55000 -35.66000 1.50000 -147.2578
-250.94000 -128.50000 1.50000 -148.2457
19.96000 -49.48000 1.50000 -58.6705
-195.55000 -35.66000 1.50000 -147.2288
-250.94000 -128.50000 1.50000 -148.2175
19.96000 -49.48000 1.50000 -58.6410
-195.55000 -35.66000 1.50000 -147.1998
-250.94000 -128.50000 1.50000 -148.1893
19.96000 -49.48000 1.50000 -58.6121
-195.55000 -35.66000 1.50000 -187.1706
-250.94000 -128.50000 1.50000 -148.1609
19.96000 -49.48000 1.50000 -58.5839
-195.55000 -35.66000 1.50000 -187.1414
-250.94000 -128.50000 1.50000 -148.1325
19.96000 -49.48000 1.50000 -58.5563
-195.55000 -35.66000 1.50000 -187.1121
-250.94000 -128.50000 1.50000 -148.1040
19.96000 -49.48000 1.50000 -58.5294
-195.55000 -35.66000 1.50000 -187.0828
-250.94000 -128.50000 1.50000 -148.0754
19.96000 -49.48000 1.50000 -58.5033
-195.55000 -35.66000 1.50000 -147.0533
-250.94000 -128.50000 1.50000 -148.0467
19.96000 -49.48000 1.50000 -58.4778
-195.55000 -35.66000 1.50000 -147.0238
-250.94000 -128.50000 1.50000 -148.0179
19.96000 -49.48000 1.50000 -98.4530
-195.55000 -35.66000 1.50000 -146.9942
-250.94000 -128.50000 1.50000 -147.9890
19.96000 -49.48000 1.50000 -98.5358
-195.55000 -35.66000 1.50000 -147.0075
-250.94000 -128.50000 1.50000 -147.9906
19.96000 -49.48000 1.50000 -58.5601
-195.55000 -35.66000 1.50000 -147.0370
-250.94000 -128.50000 1.50000 -148.0195
19.96000 -49.48000 1.50000 -58.5851
-195.55000 -35.66000 1.50000 -147.0665
-250.94000 -128.50000 1.50000 -148.0483
19.96000 -49.48000 1.50000 -58.6108
-195.55000 -35.66000 1.50000 -147.0958
-250.94000 -128.50000 1.50000 -148.0770
19.96000 -49.48000 1.50000 -58.6371
-195.55000 -35.66000 1.50000 -147.1251
-250.94000 -128.50000 1.50000 -148.1056
19.96000 -49.48000 1.50000 -58.6642
-195.55000 -35.66000 1.50000 -187.1543
-250.94000 -128.50000 1.50000 -148.1341
19.96000 -49.48000 1.50000 -58.6919
-195.55000 -35.66000 1.50000 -187.1835
-250.94000 -128.50000 1.50000 -148.1625
19.96000 -49.48000 1.50000 -58.7203
-195.55000 -35.66000 1.50000 -187.2125
-250.94000 -128.50000 1.50000 -148.1908
19.96000 -49.48000 1.50000 -58.7492
-195.55000 -35.66000 1.50000 -187.2415
-250.94000 -128.50000 1.50000 -148.2191
19.96000 -49.48000 1.50000 -58.7788
-195.55000 -35.66000 1.50000 -147.2704
-250.94000 -128.50000 1.50000 -148.2472
19.96000 -49.48000 1.50000 -58.8090
-195.55000 -35.66000 1.50000 -147.2992
-250.94000 -128.50000 1.50000 -148.2753
19.96000 -49.48000 1.50000 -58.8398
-195.55000 -35.66000 1.50000 -147.3279
-250.94000 -128.50000 1.50000 -148.3032
19.96000 -49.48000 1.50000 -98.8712
-195.55000 -35.66000 1.50000 -147.3566
-250.94000 -128.50000 1.50000 -148.3311
19.96000 -49.48000 1.50000 -98.9031
-195.55000 -35.66000 1.50000 -147.3851
-250.94000 -128.50000 1.50000 -148.3589
19.96000 -49.48000 1.50000 -98.9785
-195.55000 -35.66000 1.50000 -147.3975
-250.94000 -128.50000 1.50000 -148.3605
19.96000 -49.48000 1.50000 -58.9472
-195.55000 -35.66000 1.50000 -147.3690
-250.94000 -128.50000 1.50000 -148.3327
19.96000 -49.48000 1.50000 -58.9164
-195.55000 -35.66000 1.50000 -147.3404
-250.94000 -128.50000 1.50000 -148.3048
19.96000 -49.48000 1.50000 -58.8861
-195.55000 -35.66000 1.50000 -187.3117
-250.94000 -128.50000 1.50000 -148.2769
19.96000 -49.48000 1.50000 -58.8565
-195.55000 -35.66000 1.50000 -187.2830
-250.94000 -128.50000 1.50000 -148.2489
19.96000 -49.48000 1.50000 -58.8274
-195.55000 -35.66000 1.50000 -187.2542
-250.94000 -128.50000 1.50000 -148.2207
19.96000 -49.48000 1.50000 -58.7989
-195.55000 -35.66000 1.50000 -187.2253
-250.94000 -128.50000 1.50000 -148.1925
19.96000 -49.48000 1.50000 -58.7711
-195.55000 -35.66000 1.50000 -147.1964
-250.94000 -128.50000 1.50000 -148.1642
19.96000 -49.48000 1.50000 -58.7439
-195.55000 -35.66000 1.50000 -147.1673
-250.94000 -128.50000 1.50000 -148.1358
19.96000 -49.48000 1.50000 -58.7173
-195.55000 -35.66000 1.50000 -147.1382
-250.94000 -128.50000 1.50000 -148.1073
19.96000 -49.48000 1.50000 -58.6914
-195.55000 -35.66000 1.50000 -147.1090
-250.94000 -128.50000 1.50000 -148.0787
19.96000 -49.48000 1.50000 -58.6662
-195.55000 -35.66000 1.50000 -147.0797
-250.94000 -128.50000 1.50000 -148.0500
19.96000 -49.48000 1.50000 -98.6416
-195.55000 -35.66000 1.50000 -147.0504
-250.94000 -128.50000 1.50000 -148.0212
19.96000 -49.48000 1.50000 -98.6178
-195.55000 -35.66000 1.50000 -147.0210
-250.94000 -128.50000 1.50000 -147.9924
19.96000 -49.48000 1.50000 -98.5947
-195.55000 -35.66000 1.50000 -146.9914
-250.94000 -128.50000 1.50000 -147.9634
19.96000 -49.48000 1.50000 -98.6765
-195.55000 -35.66000 1.50000 -147.0051
-250.94000 -128.50000 1.50000 -147.9652
19.96000 -49.48000 1.50000 -98.6992
-195.55000 -35.66000 1.50000 -147.0345
-250.94000 -128.50000 1.50000 -147.9942
19.96000 -49.48000 1.50000 -98.7225
-195.55000 -35.66000 1.50000 -147.0638
-250.94000 -128.50000 1.50000 -148.0231
19.96000 -49.48000 1.50000 -58.7466
-195.55000 -35.66000 1.50000 -147.0931
-250.94000 -128.50000 1.50000 -148.0518
19.96000 -49.48000 1.50000 -58.7714
-195.55000 -35.66000 1.50000 -147.1222
-250.94000 -128.50000 1.50000 -148.0805
19.96000 -49.48000 1.50000 -58.7968
-195.55000 -35.66000 1.50000 -147.1514
-250.94000 -128.50000 1.50000 -148.1091
19.96000 -49.48000 1.50000 -58.8229
-195.55000 -35.66000 1.50000 -147.1804
-250.94000 -128.50000 1.50000 -148.1376
19.96000 -49.48000 1.50000 -58.8496
-195.55000 -35.66000 1.50000 -147.2093
-250.94000 -128.50000 1.50000 -148.1660
19.96000 -49.48000 1.50000 -58.8770
-195.55000 -35.66000 1.50000 -147.2382
-250.94000 -128.50000 1.50000 -148.1943
19.96000 -49.48000 1.50000 -58.9049
-195.55000 -35.66000 1.50000 -147.2670
-250.94000 -128.50000 1.50000 -148.2225
19.96000 -49.48000 1.50000 -58.9335
-195.55000 -35.66000 1.50000 -147.2957
-250.94000 -128.50000 1.50000 -148.2506
19.96000 -49.48000 1.50000 -58.9626
-195.55000 -35.66000 1.50000 -187.3244
-250.94000 -128.50000 1.50000 -148.2786
19.96000 -49.48000 1.50000 -58.9924
-195.55000 -35.66000 1.50000 -187.3529
-250.94000 -128.50000 1.50000 -148.3065
19.96000 -49.48000 1.50000 -59.0226
-195.55000 -35.66000 1.50000 -187.3814
-250.94000 -128.50000 1.50000 -148.3344
19.96000 -49.48000 1.50000 -99.0535
-195.55000 -35.66000 1.50000 -187.4099
-250.94000 -128.50000 1.50000 -148.3622
19.96000 -49.48000 1.50000 -99.0848
-195.55000 -35.66000 1.50000 -147.4382
-250.94000 -128.50000 1.50000 -148.3898
19.96000 -49.48000 1.50000 -99.1587
-195.55000 -35.66000 1.50000 -187.4506
-250.94000 -128.50000 1.50000 -148.3916
19.96000 -49.48000 1.50000 -99.1279
-195.55000 -35.66000 1.50000 -187.4223
-250.94000 -128.50000 1.50000 -148.3639
19.96000 -49.48000 1.50000 -59.0975
-195.55000 -35.66000 1.50000 -187.3940
-250.94000 -128.50000 1.50000 -148.3362
19.96000 -49.48000 1.50000 -59.0678
-195.55000 -35.66000 1.50000 -147.3656
-250.94000 -128.50000 1.50000 -148.3083
19.96000 -49.48000 1.50000 -59.0386
-195.55000 -35.66000 1.50000 -147.3371
-250.94000 -128.50000 1.50000 -148.2804
19.96000 -49.48000 1.50000 -59.0099
-195.55000 -35.66000 1.50000 -147.3085
-250.94000 -128.50000 1.50000 -148.2524
19.96000 -49.48000 1.50000 -58.9819
-195.55000 -35.66000 1.50000 -147.2799
-250.94000 -128.50000 1.50000 -148.2243
19.96000 -49.48000 1.50000 -58.9544
-195.55000 -35.66000 1.50000 -147.2512
-250.94000 -128.50000 1.50000 -148.1961
19.96000 -49.48000 1.50000 -58.9276
-195.55000 -35.66000 1.50000 -147.2224
-250.94000 -128.50000 1.50000 -148.1678
19.96000 -49.48000 1.50000 -58.9013
-195.55000 -35.66000 1.50000 -147.1935
-250.94000 -128.50000 1.50000 -148.1394
19.96000 -49.48000 1.50000 -58.8757
-195.55000 -35.66000 1.50000 -147.1646
-250.94000 -128.50000 1.50000 -148.1110
19.96000 -49.48000 1.50000 -58.8507
-195.55000 -35.66000 1.50000 -147.1356
-250.94000 -128.50000 1.50000 -148.0824
19.96000 -49.48000 1.50000 -58.8264
-195.55000 -35.66000 1.50000 -147.1065
-250.94000 -128.50000 1.50000 -148.0537
19.96000 -49.48000 1.50000 -98.8028
-195.55000 -35.66000 1.50000 -147.0773
-250.94000 -128.50000 1.50000 -148.0250
19.96000 -49.48000 1.50000 -98.7798
-195.55000 -35.66000 1.50000 -147.0480
-250.94000 -128.50000 1.50000 -147.9961
19.96000 -49.48000 1.50000 -98.8598
-195.55000 -35.66000 1.50000 -147.0617
-250.94000 -128.50000 1.50000 -147.9982
19.96000 -49.48000 1.50000 -98.8823
-195.55000 -35.66000 1.50000 -147.0909
-250.94000 -128.50000 1.50000 -148.0270
19.96000 -49.48000 1.50000 -98.9056
-195.55000 -35.66000 1.50000 -147.1199
-250.94000 -128.50000 1.50000 -148.0557
19.96000 -49.48000 1.50000 -58.9294
-195.55000 -35.66000 1.50000 -147.1490
-250.94000 -128.50000 1.50000 -148.0844
19.96000 -49.48000 1.50000 -58.9540
-195.55000 -35.66000 1.50000 -147.1779
-250.94000 -128.50000 1.50000 -148.1129
19.96000 -49.48000 1.50000 -58.9791
-195.55000 -35.66000 1.50000 -147.2067
-250.94000 -128.50000 1.50000 -148.1414
19.96000 -49.48000 1.50000 -59.0049
-195.55000 -35.66000 1.50000 -147.2355
-250.94000 -128.50000 1.50000 -148.1698
19.96000 -49.48000 1.50000 -59.0313
-195.55000 -35.66000 1.50000 -147.2642
-250.94000 -128.50000 1.50000 -148.1980
19.96000 -49.48000 1.50000 -59.0583
-195.55000 -35.66000 1.50000 -147.2928
-250.94000 -128.50000 1.50000 -148.2262
19.96000 -49.48000 1.50000 -59.0858
-195.55000 -35.66000 1.50000 -147.3214
-250.94000 -128.50000 1.50000 -148.2543
19.96000 -49.48000 1.50000 -59.1140
-195.55000 -35.66000 1.50000 -147.3499
-250.94000 -128.50000 1.50000 -148.2823
19.96000 -49.48000 1.50000 -59.1427
-195.55000 -35.66000 1.50000 -147.3783
-250.94000 -128.50000 1.50000 -148.3102
19.96000 -49.48000 1.50000 -59.1719
-195.55000 -35.66000 1.50000 -147.4066
-250.94000 -128.50000 1.50000 -148.3381
19.96000 -49.48000 1.50000 -59.2017
-195.55000 -35.66000 1.50000 -147.4349
-250.94000 -128.50000 1.50000 -148.3658
19.96000 -49.48000 1.50000 -59.2751
-195.55000 -35.66000 1.50000 -147.4475
-250.94000 -128.50000 1.50000 -148.3678
19.96000 -49.48000 1.50000 -59.2458
-195.55000 -35.66000 1.50000 -147.4193
-250.94000 -128.50000 1.50000 -148.3400
19.96000 -49.48000 1.50000 -59.2170
-195.55000 -35.66000 1.50000 -147.3911
-250.94000 -128.50000 1.50000 -148.3122
19.96000 -49.48000 1.50000 -59.1888
-195.55000 -35.66000 1.50000 -147.3627
-250.94000 -128.50000 1.50000 -148.2843
19.96000 -49.48000 1.50000 -59.1612
-195.55000 -35.66000 1.50000 -147.3344
-250.94000 -128.50000 1.50000 -148.2563
19.96000 -49.48000 1.50000 -59.1341
-195.55000 -35.66000 1.50000 -147.3059
-250.94000 -128.50000 1.50000 -148.2282
19.96000 -49.48000 1.50000 -59.1075
-195.55000 -35.66000 1.50000 -147.2773
-250.94000 -128.50000 1.50000 -148.2001
19.96000 -49.48000 1.50000 -59.0816
-195.55000 -35.66000 1.50000 -147.2487
-250.94000 -128.50000 1.50000 -148.1718
19.96000 -49.48000 1.50000 -59.0563
-195.55000 -35.66000 1.50000 -147.2200
-250.94000 -128.50000 1.50000 -148.1434
19.96000 -49.48000 1.50000 -59.0316
-195.55000 -35.66000 1.50000 -147.1913
-250.94000 -128.50000 1.50000 -148.1150
19.96000 -49.48000 1.50000 -59.0075
-195.55000 -35.66000 1.50000 -147.1624
-250.94000 -128.50000 1.50000 -148.0865
19.96000 -49.48000 1.50000 -98.9840
-195.55000 -35.66000 1.50000 -147.1335
-250.94000 -128.50000 1.50000 -148.0578
19.96000 -49.48000 1.50000 -98.9612
-195.55000 -35.66000 1.50000 -147.1045
-250.94000 -128.50000 1.50000 -148.0291
19.96000 -49.48000 1.50000 -98.9391
-195.55000 -35.66000 1.50000 -147.0755
-250.94000 -128.50000 1.50000 -148.0003
19.96000 -49.48000 1.50000 -99.0177
-195.55000 -35.66000 1.50000 -147.0893
-250.94000 -128.50000 1.50000 -148.0025
19.96000 -49.48000 1.50000 -99.0395
-195.55000 -35.66000 1.50000 -147.1183
-250.94000 -128.50000 1.50000 -148.0313
19.96000 -49.48000 1.50000 -99.0619
-195.55000 -35.66000 1.50000 -147.1472
-250.94000 -128.50000 1.50000 -148.0600
19.96000 -49.48000 1.50000 -59.0849
-195.55000 -35.66000 1.50000 -147.1760
-250.94000 -128.50000 1.50000 -148.0887
19.96000 -49.48000 1.50000 -59.1086
-195.55000 -35.66000 1.50000 -147.2047
-250.94000 -128.50000 1.50000 -148.1172
19.96000 -49.48000 1.50000 -59.1329
-195.55000 -35.66000 1.50000 -147.2334
-250.94000 -128.50000 1.50000 -148.1456
19.96000 -49.48000 1.50000 -59.1578
-195.55000 -35.66000 1.50000 -147.2620
-250.94000 -128.50000 1.50000 -148.1740
19.96000 -49.48000 1.50000 -59.1832
-195.55000 -35.66000 1.50000 -147.2905
-250.94000 -128.50000 1.50000 -148.2022
19.96000 -49.48000 1.50000 -59.2093
-195.55000 -35.66000 1.50000 -147.3190
-250.94000 -128.50000 1.50000 -148.2303
19.96000 -49.48000 1.50000 -59.2359
-195.55000 -35.66000 1.50000 -147.3474
-250.94000 -128.50000 1.50000 -148.2584
19.96000 -49.48000 1.50000 -59.2631
-195.55000 -35.66000 1.50000 -147.3757
-250.94000 -128.50000 1.50000 -148.2864
19.96000 -49.48000 1.50000 -59.2909
-195.55000 -35.66000 1.50000 -147.4039
-250.94000 -128.50000 1.50000 -148.3143
19.96000 -49.48000 1.50000 -59.3191
-195.55000 -35.66000 1.50000 -147.4321
-250.94000 -128.50000 1.50000 -148.3421
19.96000 -49.48000 1.50000 -59.3479
-195.55000 -35.66000 1.50000 -147.4602
-250.94000 -128.50000 1.50000 -148.3698
19.96000 -49.48000 1.50000 -59.3772
-195.55000 -35.66000 1.50000 -147.4882
-250.94000 -128.50000 1.50000 -148.3974
19.96000 -49.48000 1.50000 -59.4491
-195.55000 -35.66000 1.50000 -147.5009
-250.94000 -128.50000 1.50000 -148.3995
19.96000 -49.48000 1.50000 -59.4203
-195.55000 -35.66000 1.50000 -147.4729
-250.94000 -128.50000 1.50000 -148.3719
19.96000 -49.48000 1.50000 -59.3919
-195.55000 -35.66000 1.50000 -147.4449
-250.94000 -128.50000 1.50000 -148.3442
19.96000 -49.48000 1.50000 -59.3641
-195.55000 -35.66000 1.50000 -147.4168
-250.94000 -128.50000 1.50000 -148.3164
19.96000 -49.48000 1.50000 -59.3369
-195.55000 -35.66000 1.50000 -147.3887
-250.94000 -128.50000 1.50000 -148.2886
19.96000 -49.48000 1.50000 -59.3101
-195.55000 -35.66000 1.50000 -147.3605
-250.94000 -128.50000 1.50000 -148.2606
19.96000 -49.48000 1.50000 -59.2840
-195.55000 -35.66000 1.50000 -147.3322
-250.94000 -128.50000 1.50000 -148.2325
19.96000 -49.48000 1.50000 -59.2583
-195.55000 -35.66000 1.50000 -147.3038
-250.94000 -128.50000 1.50000 -188.2044
19.96000 -49.48000 1.50000 -59.2333
-195.55000 -35.66000 1.50000 -147.2754
-250.94000 -128.50000 1.50000 -188.1762
19.96000 -49.48000 1.50000 -59.2089
-195.55000 -35.66000 1.50000 -147.2468
-250.94000 -128.50000 1.50000 -188.1478
19.96000 -49.48000 1.50000 -59.1850
-195.55000 -35.66000 1.50000 -147.2182
-250.94000 -128.50000 1.50000 -188.1194
19.96000 -49.48000 1.50000 -99.1618
-195.55000 -35.66000 1.50000 -147.1896
-250.94000 -128.50000 1.50000 -188.0909
19.96000 -49.48000 1.50000 -99.1391
-195.55000 -35.66000 1.50000 -147.1609
-250.94000 -128.50000 1.50000 -188.0623
19.96000 -49.48000 1.50000 -99.1171
-195.55000 -35.66000 1.50000 -147.1320
-250.94000 -128.50000 1.50000 -188.0336
19.96000 -49.48000 1.50000 -99.0957
-195.55000 -35.66000 1.50000 -147.1032
-250.94000 -128.50000 1.50000 -188.0048
19.96000 -49.48000 1.50000 -99.1731
-195.55000 -35.66000 1.50000 -147.1171
-250.94000 -128.50000 1.50000 -188.0072
19.96000 -49.48000 1.50000 -99.1941
-195.55000 -35.66000 1.50000 -147.1459
-250.94000 -128.50000 1.50000 -188.0360
19.96000 -49.48000 1.50000 -99.2157
-195.55000 -35.66000 1.50000 -147.1747
-250.94000 -128.50000 1.50000 -188.0647
19.96000 -49.48000 1.50000 -99.2380
-195.55000 -35.66000 1.50000 -147.2033
-250.94000 -128.50000 1.50000 -188.0933
19.96000 -49.48000 1.50000 -59.2608
-195.55000 -35.66000 1.50000 -147.2319
-250.94000 -128.50000 1.50000 -188.1218
19.96000 -49.48000 1.50000 -59.2842
-195.55000 -35.66000 1.50000 -147.2604
-250.94000 -128.50000 1.50000 -188.1502
19.96000 -49.48000 1.50000 -59.3083
-195.55000 -35.66000 1.50000 -147.2888
-250.94000 -128.50000 1.50000 -188.1785
19.96000 -49.48000 1.50000 -59.3329
-195.55000 -35.66000 1.50000 -147.3171
-250.94000 -128.50000 1.50000 -188.2067
19.96000 -49.48000 1.50000 -59.3581
-195.55000 -35.66000 1.50000 -147.3454
-250.94000 -128.50000 1.50000 -188.2348
19.96000 -49.48000 1.50000 -59.3838
-195.55000 -35.66000 1.50000 -147.3736
-250.94000 -128.50000 1.50000 -188.2629
19.96000 -49.48000 1.50000 -59.4101
-195.55000 -35.66000 1.50000 -147.4018
-250.94000 -128.50000 1.50000 -188.2908
19.96000 -49.48000 1.50000 -59.4369
-195.55000 -35.66000 1.50000 -147.4298
-250.94000 -128.50000 1.50000 -188.3187
19.96000 -49.48000 1.50000 -59.4642
-195.55000 -35.66000 1.50000 -147.4578
-250.94000 -128.50000 1.50000 -188.3465
19.96000 -49.48000 1.50000 -59.4921
-195.55000 -35.66000 1.50000 -147.4857
-250.94000 -128.50000 1.50000 -188.3741
19.96000 -49.48000 1.50000 -59.5205
-195.55000 -35.66000 1.50000 -147.5136
-250.94000 -128.50000 1.50000 -188.4017
19.96000 -49.48000 1.50000 -59.5914
-195.55000 -35.66000 1.50000 -147.5264
-250.94000 -128.50000 1.50000 -188.4040
19.96000 -49.48000 1.50000 -59.5635
-195.55000 -35.66000 1.50000 -147.4987
-250.94000 -128.50000 1.50000 -188.3764
19.96000 -49.48000 1.50000 -59.5360
-195.55000 -35.66000 1.50000 -147.4708
-250.94000 -128.50000 1.50000 -188.3488
19.96000 -49.48000 1.50000 -59.5092
-195.55000 -35.66000 1.50000 -147.4429
-250.94000 -128.50000 1.50000 -188.3210
19.96000 -49.48000 1.50000 -59.4828
-195.55000 -35.66000 1.50000 -147.4149
-250.94000 -128.50000 1.50000 -188.2932
19.96000 -49.48000 1.50000 -59.4569
-195.55000 -35.66000 1.50000 -147.3869
-250.94000 -128.50000 1.50000 -228.2652
19.96000 -49.48000 1.50000 -59.4316
-195.55000 -35.66000 1.50000 -147.3587
-250.94000 -128.50000 1.50000 -228.2372
19.96000 -49.48000 1.50000 -59.4069
-195.55000 -35.66000 1.50000 -147.3306
-250.94000 -128.50000 1.50000 -228.2091
19.96000 -49.48000 1.50000 -59.3827
-195.55000 -35.66000 1.50000 -147.3023
-250.94000 -128.50000 1.50000 -228.1809
19.96000 -49.48000 1.50000 -59.3591
-195.55000 -35.66000 1.50000 -147.2739
-250.94000 -128.50000 1.50000 -228.1526
19.96000 -49.48000 1.50000 -59.3360
-195.55000 -35.66000 1.50000 -147.2455
-250.94000 -128.50000 1.50000 -228.1242
19.96000 -49.48000 1.50000 -99.3136
-195.55000 -35.66000 1.50000 -147.2171
-250.94000 -128.50000 1.50000 -228.0957
19.96000 -49.48000 1.50000 -99.2917
-195.55000 -35.66000 1.50000 -147.1885
-250.94000 -128.50000 1.50000 -228.0672
19.96000 -49.48000 1.50000 -99.2705
-195.55000 -35.66000 1.50000 -147.1599
-250.94000 -128.50000 1.50000 -228.0385
19.96000 -49.48000 1.50000 -99.2498
-195.55000 -35.66000 1.50000 -147.1312
-250.94000 -128.50000 1.50000 -228.0097