19.96000 -49.48000 1.50000 -54.2413
-195.55000 -35.66000 1.50000 -104.8819
-250.94000 -128.50000 1.50000 -66.5153
19.96000 -49.48000 1.50000 -54.1988
-195.55000 -35.66000 1.50000 -104.9207
-250.94000 -128.50000 1.50000 -66.5494
19.96000 -49.48000 1.50000 -54.1581
-195.55000 -35.66000 1.50000 -104.9594
-250.94000 -128.50000 1.50000 -66.5835
19.96000 -49.48000 1.50000 -54.1194
-195.55000 -35.66000 1.50000 -104.9979
-250.94000 -128.50000 1.50000 -66.6174
19.96000 -49.48000 1.50000 -54.0828
-195.55000 -35.66000 1.50000 -105.0363
-250.94000 -128.50000 1.50000 -66.6512
19.96000 -49.48000 1.50000 -54.0482
-195.55000 -35.66000 1.50000 -105.0746
-250.94000 -128.50000 1.50000 -66.6848
19.96000 -49.48000 1.50000 -54.0158
-195.55000 -35.66000 1.50000 -105.1127
-250.94000 -128.50000 1.50000 -66.7184
19.96000 -49.48000 1.50000 -53.9856
-195.55000 -35.66000 1.50000 -105.1507
-250.94000 -128.50000 1.50000 -66.7518
19.96000 -49.48000 1.50000 -53.9576
-195.55000 -35.66000 1.50000 -105.1885
-250.94000 -128.50000 1.50000 -66.7850
19.96000 -49.48000 1.50000 -53.9319
-195.55000 -35.66000 1.50000 -105.2261
-250.94000 -128.50000 1.50000 -66.8182
19.96000 -49.48000 1.50000 -53.9085
-195.55000 -35.66000 1.50000 -105.2637
-250.94000 -128.50000 1.50000 -66.8512
19.96000 -49.48000 1.50000 -53.8875
-195.55000 -35.66000 1.50000 -105.3011
-250.94000 -128.50000 1.50000 -66.8841
19.96000 -49.48000 1.50000 -53.8689
-195.55000 -35.66000 1.50000 -105.3383
-250.94000 -128.50000 1.50000 -66.9169
19.96000 -49.48000 1.50000 -53.8527
-195.55000 -35.66000 1.50000 -105.3754
-250.94000 -128.50000 1.50000 -66.9495
19.96000 -49.48000 1.50000 -53.8390
-195.55000 -35.66000 1.50000 -105.4124
-250.94000 -128.50000 1.50000 -66.9820
19.96000 -49.48000 1.50000 -53.8278
-195.55000 -35.66000 1.50000 -105.4492
-250.94000 -128.50000 1.50000 -67.0145
19.96000 -49.48000 1.50000 -53.8190
-195.55000 -35.66000 1.50000 -105.4859
-250.94000 -128.50000 1.50000 -67.0467
19.96000 -49.48000 1.50000 -53.8128
-195.55000 -35.66000 1.50000 -105.5224
-250.94000 -128.50000 1.50000 -67.0789
19.96000 -49.48000 1.50000 -53.8091
-195.55000 -35.66000 1.50000 -105.5589
-250.94000 -128.50000 1.50000 -67.1110
19.96000 -49.48000 1.50000 -53.8079
-195.55000 -35.66000 1.50000 -105.5951
-250.94000 -128.50000 1.50000 -67.1429
19.96000 -49.48000 1.50000 -53.8093
-195.55000 -35.66000 1.50000 -105.6313
-250.94000 -128.50000 1.50000 -67.1747
19.96000 -49.48000 1.50000 -53.8132
-195.55000 -35.66000 1.50000 -105.6673
-250.94000 -128.50000 1.50000 -67.2064
19.96000 -49.48000 1.50000 -53.8196
-195.55000 -35.66000 1.50000 -105.7032
-250.94000 -128.50000 1.50000 -67.2380
19.96000 -49.48000 1.50000 -53.8286
-195.55000 -35.66000 1.50000 -105.7390
-250.94000 -128.50000 1.50000 -67.2695
19.96000 -49.48000 1.50000 -53.8400
-195.55000 -35.66000 1.50000 -105.7746
-250.94000 -128.50000 1.50000 -67.3008
19.96000 -49.48000 1.50000 -53.8540
-195.55000 -35.66000 1.50000 -105.8101
-250.94000 -128.50000 1.50000 -67.3321
19.96000 -49.48000 1.50000 -53.8703
-195.55000 -35.66000 1.50000 -105.8454
-250.94000 -128.50000 1.50000 -67.3632
19.96000 -49.48000 1.50000 -53.8891
-195.55000 -35.66000 1.50000 -105.8807
-250.94000 -128.50000 1.50000 -67.3942
19.96000 -49.48000 1.50000 -53.9103
-195.55000 -35.66000 1.50000 -105.9158
-250.94000 -128.50000 1.50000 -67.4252
19.96000 -49.48000 1.50000 -53.9339
-195.55000 -35.66000 1.50000 -105.9507
-250.94000 -128.50000 1.50000 -67.4560
19.96000 -49.48000 1.50000 -53.9598
-195.55000 -35.66000 1.50000 -105.9856
-250.94000 -128.50000 1.50000 -67.4867
19.96000 -49.48000 1.50000 -53.9879
-195.55000 -35.66000 1.50000 -106.0203
-250.94000 -128.50000 1.50000 -67.5173
19.96000 -49.48000 1.50000 -54.0183
-195.55000 -35.66000 1.50000 -106.0549
-250.94000 -128.50000 1.50000 -67.5478
19.96000 -49.48000 1.50000 -54.0509
-195.55000 -35.66000 1.50000 -106.0894
-250.94000 -128.50000 1.50000 -67.5781
19.96000 -49.48000 1.50000 -54.0856
-195.55000 -35.66000 1.50000 -106.1238
-250.94000 -128.50000 1.50000 -67.6084
19.96000 -49.48000 1.50000 -54.1225
-195.55000 -35.66000 1.50000 -106.1580
-250.94000 -128.50000 1.50000 -67.6386
19.96000 -49.48000 1.50000 -74.1613
-195.55000 -35.66000 1.50000 -126.1921
-250.94000 -128.50000 1.50000 -87.6686
19.96000 -49.48000 1.50000 -54.2971
-195.55000 -35.66000 1.50000 -106.2028
-250.94000 -128.50000 1.50000 -67.6665
19.96000 -49.48000 1.50000 -54.2595
-195.55000 -35.66000 1.50000 -106.1687
-250.94000 -128.50000 1.50000 -67.6365
19.96000 -49.48000 1.50000 -54.2238
-195.55000 -35.66000 1.50000 -106.1346
-250.94000 -128.50000 1.50000 -67.6063
19.96000 -49.48000 1.50000 -54.1902
-195.55000 -35.66000 1.50000 -106.1003
-250.94000 -128.50000 1.50000 -67.5760
19.96000 -49.48000 1.50000 -54.1586
-195.55000 -35.66000 1.50000 -106.0659
-250.94000 -128.50000 1.50000 -67.5456
19.96000 -49.48000 1.50000 -54.1292
-195.55000 -35.66000 1.50000 -106.0314
-250.94000 -128.50000 1.50000 -67.5151
19.96000 -49.48000 1.50000 -54.1019
-195.55000 -35.66000 1.50000 -105.9968
-250.94000 -128.50000 1.50000 -67.4845
19.96000 -49.48000 1.50000 -54.0769
-195.55000 -35.66000 1.50000 -105.9620
-250.94000 -128.50000 1.50000 -67.4538
19.96000 -49.48000 1.50000 -54.0541
-195.55000 -35.66000 1.50000 -105.9271
-250.94000 -128.50000 1.50000 -67.4230
19.96000 -49.48000 1.50000 -54.0336
-195.55000 -35.66000 1.50000 -105.8921
-250.94000 -128.50000 1.50000 -67.3920
19.96000 -49.48000 1.50000 -54.0154
-195.55000 -35.66000 1.50000 -105.8570
-250.94000 -128.50000 1.50000 -67.3610
19.96000 -49.48000 1.50000 -53.9995
-195.55000 -35.66000 1.50000 -105.8217
-250.94000 -128.50000 1.50000 -67.3298
19.96000 -49.48000 1.50000 -53.9861
-195.55000 -35.66000 1.50000 -105.7863
-250.94000 -128.50000 1.50000 -67.2986
19.96000 -49.48000 1.50000 -53.9750
-195.55000 -35.66000 1.50000 -105.7508
-250.94000 -128.50000 1.50000 -67.2672
19.96000 -49.48000 1.50000 -53.9664
-195.55000 -35.66000 1.50000 -105.7151
-250.94000 -128.50000 1.50000 -67.2357
19.96000 -49.48000 1.50000 -53.9602
-195.55000 -35.66000 1.50000 -105.6793
-250.94000 -128.50000 1.50000 -67.2041
19.96000 -49.48000 1.50000 -53.9564
-195.55000 -35.66000 1.50000 -105.6434
-250.94000 -128.50000 1.50000 -67.1724
19.96000 -49.48000 1.50000 -53.9551
-195.55000 -35.66000 1.50000 -105.6074
-250.94000 -128.50000 1.50000 -67.1405
19.96000 -49.48000 1.50000 -53.9562
-195.55000 -35.66000 1.50000 -105.5712
-250.94000 -128.50000 1.50000 -67.1086
19.96000 -49.48000 1.50000 -53.9598
-195.55000 -35.66000 1.50000 -105.5349
-250.94000 -128.50000 1.50000 -67.0765
19.96000 -49.48000 1.50000 -53.9658
-195.55000 -35.66000 1.50000 -105.4984
-250.94000 -128.50000 1.50000 -67.0443
19.96000 -49.48000 1.50000 -53.9743
-195.55000 -35.66000 1.50000 -105.4618
-250.94000 -128.50000 1.50000 -67.0120
19.96000 -49.48000 1.50000 -53.9851
-195.55000 -35.66000 1.50000 -105.4251
-250.94000 -128.50000 1.50000 -66.9796
19.96000 -49.48000 1.50000 -53.9984
-195.55000 -35.66000 1.50000 -105.3883
-250.94000 -128.50000 1.50000 -66.9471
19.96000 -49.48000 1.50000 -54.0140
-195.55000 -35.66000 1.50000 -105.3513
-250.94000 -128.50000 1.50000 -66.9144
19.96000 -49.48000 1.50000 -54.0320
-195.55000 -35.66000 1.50000 -105.3141
-250.94000 -128.50000 1.50000 -66.8816
19.96000 -49.48000 1.50000 -54.0524
-195.55000 -35.66000 1.50000 -105.2769
-250.94000 -128.50000 1.50000 -66.8487
19.96000 -49.48000 1.50000 -54.0750
-195.55000 -35.66000 1.50000 -105.2394
-250.94000 -128.50000 1.50000 -66.8157
19.96000 -49.48000 1.50000 -54.0998
-195.55000 -35.66000 1.50000 -105.2019
-250.94000 -128.50000 1.50000 -66.7825
19.96000 -49.48000 1.50000 -54.1269
-195.55000 -35.66000 1.50000 -105.1642
-250.94000 -128.50000 1.50000 -66.7492
19.96000 -49.48000 1.50000 -54.1562
-195.55000 -35.66000 1.50000 -105.1264
-250.94000 -128.50000 1.50000 -66.7158
19.96000 -49.48000 1.50000 -54.1876
-195.55000 -35.66000 1.50000 -105.0884
-250.94000 -128.50000 1.50000 -66.6822
19.96000 -49.48000 1.50000 -54.2210
-195.55000 -35.66000 1.50000 -105.0502
-250.94000 -128.50000 1.50000 -66.6486
19.96000 -49.48000 1.50000 -54.2565
-195.55000 -35.66000 1.50000 -105.0120
-250.94000 -128.50000 1.50000 -66.6147
19.96000 -49.48000 1.50000 -54.2940
-195.55000 -35.66000 1.50000 -104.9735
-250.94000 -128.50000 1.50000 -66.5808
19.96000 -49.48000 1.50000 -54.3334
-195.55000 -35.66000 1.50000 -104.9350
-250.94000 -128.50000 1.50000 -66.5467
19.96000 -49.48000 1.50000 -54.3747
-195.55000 -35.66000 1.50000 -104.8963
-250.94000 -128.50000 1.50000 -66.5125
19.96000 -49.48000 1.50000 -54.5062
-195.55000 -35.66000 1.50000 -104.9108
-250.94000 -128.50000 1.50000 -66.5099
19.96000 -49.48000 1.50000 -54.4662
-195.55000 -35.66000 1.50000 -104.9494
-250.94000 -128.50000 1.50000 -66.5442
19.96000 -49.48000 1.50000 -54.4280
-195.55000 -35.66000 1.50000 -104.9878
-250.94000 -128.50000 1.50000 -66.5783
19.96000 -49.48000 1.50000 -54.3917
-195.55000 -35.66000 1.50000 -105.0261
-250.94000 -128.50000 1.50000 -66.6122
19.96000 -49.48000 1.50000 -54.3573
-195.55000 -35.66000 1.50000 -105.0643
-250.94000 -128.50000 1.50000 -66.6460
19.96000 -49.48000 1.50000 -54.3248
-195.55000 -35.66000 1.50000 -105.1023
-250.94000 -128.50000 1.50000 -66.6797
19.96000 -49.48000 1.50000 -54.2944
-195.55000 -35.66000 1.50000 -105.1402
-250.94000 -128.50000 1.50000 -66.7133
19.96000 -49.48000 1.50000 -54.2661
-195.55000 -35.66000 1.50000 -105.1779
-250.94000 -128.50000 1.50000 -66.7467
19.96000 -49.48000 1.50000 -54.2399
-195.55000 -35.66000 1.50000 -105.2155
-250.94000 -128.50000 1.50000 -66.7801
19.96000 -49.48000 1.50000 -54.2158
-195.55000 -35.66000 1.50000 -105.2529
-250.94000 -128.50000 1.50000 -66.8132
19.96000 -49.48000 1.50000 -54.1939
-195.55000 -35.66000 1.50000 -105.2902
-250.94000 -128.50000 1.50000 -66.8463
19.96000 -49.48000 1.50000 -54.1742
-195.55000 -35.66000 1.50000 -105.3273
-250.94000 -128.50000 1.50000 -66.8792
19.96000 -49.48000 1.50000 -54.1568
-195.55000 -35.66000 1.50000 -105.3644
-250.94000 -128.50000 1.50000 -66.9120
19.96000 -49.48000 1.50000 -54.1417
-195.55000 -35.66000 1.50000 -105.4013
-250.94000 -128.50000 1.50000 -66.9447
19.96000 -49.48000 1.50000 -54.1288
-195.55000 -35.66000 1.50000 -105.4380
-250.94000 -128.50000 1.50000 -66.9773
19.96000 -49.48000 1.50000 -54.1183
-195.55000 -35.66000 1.50000 -105.4746
-250.94000 -128.50000 1.50000 -67.0097
19.96000 -49.48000 1.50000 -54.1101
-195.55000 -35.66000 1.50000 -105.5111
-250.94000 -128.50000 1.50000 -67.0421
19.96000 -49.48000 1.50000 -54.1043
-195.55000 -35.66000 1.50000 -105.5474
-250.94000 -128.50000 1.50000 -67.0743
19.96000 -49.48000 1.50000 -54.1008
-195.55000 -35.66000 1.50000 -105.5836
-250.94000 -128.50000 1.50000 -67.1063
19.96000 -49.48000 1.50000 -54.0998
-195.55000 -35.66000 1.50000 -105.6197
-250.94000 -128.50000 1.50000 -67.1383
19.96000 -49.48000 1.50000 -54.1010
-195.55000 -35.66000 1.50000 -105.6557
-250.94000 -128.50000 1.50000 -67.1702
19.96000 -49.48000 1.50000 -54.1047
-195.55000 -35.66000 1.50000 -105.6915
-250.94000 -128.50000 1.50000 -67.2019
19.96000 -49.48000 1.50000 -54.1107
-195.55000 -35.66000 1.50000 -105.7272
-250.94000 -128.50000 1.50000 -67.2335
19.96000 -49.48000 1.50000 -54.1191
-195.55000 -35.66000 1.50000 -105.7627
-250.94000 -128.50000 1.50000 -67.2650
19.96000 -49.48000 1.50000 -54.1298
-195.55000 -35.66000 1.50000 -105.7982
-250.94000 -128.50000 1.50000 -67.2964
19.96000 -49.48000 1.50000 -54.1428
-195.55000 -35.66000 1.50000 -105.8335
-250.94000 -128.50000 1.50000 -67.3277
19.96000 -49.48000 1.50000 -54.1581
-195.55000 -35.66000 1.50000 -105.8686
-250.94000 -128.50000 1.50000 -67.3589
19.96000 -49.48000 1.50000 -54.1757
-195.55000 -35.66000 1.50000 -105.9037
-250.94000 -128.50000 1.50000 -67.3899
19.96000 -49.48000 1.50000 -54.1956
-195.55000 -35.66000 1.50000 -105.9386
-250.94000 -128.50000 1.50000 -67.4209
19.96000 -49.48000 1.50000 -54.2176
-195.55000 -35.66000 1.50000 -105.9734
-250.94000 -128.50000 1.50000 -67.4517
19.96000 -49.48000 1.50000 -54.2419
-195.55000 -35.66000 1.50000 -106.0081
-250.94000 -128.50000 1.50000 -67.4824
19.96000 -49.48000 1.50000 -54.2683
-195.55000 -35.66000 1.50000 -106.0426
-250.94000 -128.50000 1.50000 -67.5131
19.96000 -49.48000 1.50000 -54.2968
-195.55000 -35.66000 1.50000 -106.0770
-250.94000 -128.50000 1.50000 -67.5436
19.96000 -49.48000 1.50000 -54.3273
-195.55000 -35.66000 1.50000 -106.1114
-250.94000 -128.50000 1.50000 -67.5740
19.96000 -49.48000 1.50000 -54.3599
-195.55000 -35.66000 1.50000 -106.1455
-250.94000 -128.50000 1.50000 -67.6043
19.96000 -49.48000 1.50000 -54.3945
-195.55000 -35.66000 1.50000 -106.1796
-250.94000 -128.50000 1.50000 -67.6345
19.96000 -49.48000 1.50000 -54.4310
-195.55000 -35.66000 1.50000 -106.2136
-250.94000 -128.50000 1.50000 -67.6646
19.96000 -49.48000 1.50000 -54.5630
-195.55000 -35.66000 1.50000 -106.2244
-250.94000 -128.50000 1.50000 -107.6627
19.96000 -49.48000 1.50000 -54.5276
-195.55000 -35.66000 1.50000 -106.1906
-250.94000 -128.50000 1.50000 -107.6326
19.96000 -49.48000 1.50000 -54.4941
-195.55000 -35.66000 1.50000 -106.1566
-250.94000 -128.50000 1.50000 -107.6024
19.96000 -49.48000 1.50000 -54.4625
-195.55000 -35.66000 1.50000 -106.1225
-250.94000 -128.50000 1.50000 -107.5721
19.96000 -49.48000 1.50000 -54.4329
-195.55000 -35.66000 1.50000 -106.0883
-250.94000 -128.50000 1.50000 -107.5416
19.96000 -49.48000 1.50000 -54.4053
-195.55000 -35.66000 1.50000 -106.0539
-250.94000 -128.50000 1.50000 -107.5111
19.96000 -49.48000 1.50000 -54.3797
-195.55000 -35.66000 1.50000 -106.0195
-250.94000 -128.50000 1.50000 -107.4805
19.96000 -49.48000 1.50000 -54.3562
-195.55000 -35.66000 1.50000 -105.9849
-250.94000 -128.50000 1.50000 -107.4497
19.96000 -49.48000 1.50000 -54.3348
-195.55000 -35.66000 1.50000 -105.9502
-250.94000 -128.50000 1.50000 -67.4189
19.96000 -49.48000 1.50000 -54.3156
-195.55000 -35.66000 1.50000 -105.9154
-250.94000 -128.50000 1.50000 -67.3879
19.96000 -49.48000 1.50000 -54.2985
-195.55000 -35.66000 1.50000 -105.8804
-250.94000 -128.50000 1.50000 -67.3568
19.96000 -49.48000 1.50000 -54.2837
-195.55000 -35.66000 1.50000 -105.8453
-250.94000 -128.50000 1.50000 -67.3257
19.96000 -49.48000 1.50000 -54.2711
-195.55000 -35.66000 1.50000 -105.8101
-250.94000 -128.50000 1.50000 -67.2944
19.96000 -49.48000 1.50000 -54.2607
-195.55000 -35.66000 1.50000 -105.7748
-250.94000 -128.50000 1.50000 -67.2630
19.96000 -49.48000 1.50000 -54.2526
-195.55000 -35.66000 1.50000 -105.7393
-250.94000 -128.50000 1.50000 -67.2314
19.96000 -49.48000 1.50000 -54.2468
-195.55000 -35.66000 1.50000 -105.7038
-250.94000 -128.50000 1.50000 -67.1998
19.96000 -49.48000 1.50000 -54.2433
-195.55000 -35.66000 1.50000 -105.6680
-250.94000 -128.50000 1.50000 -67.1681
19.96000 -49.48000 1.50000 -54.2421
-195.55000 -35.66000 1.50000 -105.6322
-250.94000 -128.50000 1.50000 -67.1362
19.96000 -49.48000 1.50000 -54.2431
-195.55000 -35.66000 1.50000 -105.5962
-250.94000 -128.50000 1.50000 -67.1042
19.96000 -49.48000 1.50000 -54.2465
-195.55000 -35.66000 1.50000 -105.5601
-250.94000 -128.50000 1.50000 -67.0721
19.96000 -49.48000 1.50000 -54.2521
-195.55000 -35.66000 1.50000 -105.5239
-250.94000 -128.50000 1.50000 -67.0399
19.96000 -49.48000 1.50000 -54.2600
-195.55000 -35.66000 1.50000 -105.4875
-250.94000 -128.50000 1.50000 -67.0075
19.96000 -49.48000 1.50000 -54.2702
-195.55000 -35.66000 1.50000 -105.4510
-250.94000 -128.50000 1.50000 -66.9751
19.96000 -49.48000 1.50000 -54.2826
-195.55000 -35.66000 1.50000 -105.4144
-250.94000 -128.50000 1.50000 -66.9425
19.96000 -49.48000 1.50000 -54.2973
-195.55000 -35.66000 1.50000 -105.3776
-250.94000 -128.50000 1.50000 -66.9098
19.96000 -49.48000 1.50000 -54.3141
-195.55000 -35.66000 1.50000 -105.3407
-250.94000 -128.50000 1.50000 -66.8770
19.96000 -49.48000 1.50000 -54.3332
-195.55000 -35.66000 1.50000 -105.3036
-250.94000 -128.50000 1.50000 -66.8440
19.96000 -49.48000 1.50000 -54.3544
-195.55000 -35.66000 1.50000 -105.2665
-250.94000 -128.50000 1.50000 -66.8110
19.96000 -49.48000 1.50000 -54.3777
-195.55000 -35.66000 1.50000 -105.2292
-250.94000 -128.50000 1.50000 -66.7778
19.96000 -49.48000 1.50000 -54.4031
-195.55000 -35.66000 1.50000 -105.1917
-250.94000 -128.50000 1.50000 -66.7444
19.96000 -49.48000 1.50000 -54.4306
-195.55000 -35.66000 1.50000 -105.1541
-250.94000 -128.50000 1.50000 -66.7110
19.96000 -49.48000 1.50000 -54.4601
-195.55000 -35.66000 1.50000 -105.1163
-250.94000 -128.50000 1.50000 -66.6774
19.96000 -49.48000 1.50000 -54.4915
-195.55000 -35.66000 1.50000 -105.0785
-250.94000 -128.50000 1.50000 -66.6437
19.96000 -49.48000 1.50000 -54.5249
-195.55000 -35.66000 1.50000 -105.0404
-250.94000 -128.50000 1.50000 -66.6098
19.96000 -49.48000 1.50000 -54.5601
-195.55000 -35.66000 1.50000 -105.0023
-250.94000 -128.50000 1.50000 -66.5759
19.96000 -49.48000 1.50000 -54.5972
-195.55000 -35.66000 1.50000 -104.9640
-250.94000 -128.50000 1.50000 -66.5417
19.96000 -49.48000 1.50000 -54.6360
-195.55000 -35.66000 1.50000 -104.9255
-250.94000 -128.50000 1.50000 -66.5075
19.96000 -49.48000 1.50000 -54.7641
-195.55000 -35.66000 1.50000 -104.9404
-250.94000 -128.50000 1.50000 -66.5052
19.96000 -49.48000 1.50000 -54.7264
-195.55000 -35.66000 1.50000 -104.9787
-250.94000 -128.50000 1.50000 -66.5394
19.96000 -49.48000 1.50000 -54.6904
-195.55000 -35.66000 1.50000 -105.0169
-250.94000 -128.50000 1.50000 -66.5736
19.96000 -49.48000 1.50000 -54.6562
-195.55000 -35.66000 1.50000 -105.0549
-250.94000 -128.50000 1.50000 -66.6076
19.96000 -49.48000 1.50000 -54.6238
-195.55000 -35.66000 1.50000 -105.0928
-250.94000 -128.50000 1.50000 -66.6414
19.96000 -49.48000 1.50000 -54.5933
-195.55000 -35.66000 1.50000 -105.1306
-250.94000 -128.50000 1.50000 -66.6752
19.96000 -49.48000 1.50000 -54.5648
-195.55000 -35.66000 1.50000 -105.1682
-250.94000 -128.50000 1.50000 -66.7088
19.96000 -49.48000 1.50000 -54.5381
-195.55000 -35.66000 1.50000 -105.2057
-250.94000 -128.50000 1.50000 -66.7422
19.96000 -49.48000 1.50000 -54.5135
-195.55000 -35.66000 1.50000 -105.2430
-250.94000 -128.50000 1.50000 -66.7756
19.96000 -49.48000 1.50000 -54.4909
-195.55000 -35.66000 1.50000 -105.2802
-250.94000 -128.50000 1.50000 -66.8088
19.96000 -49.48000 1.50000 -54.4704
-195.55000 -35.66000 1.50000 -105.3173
-250.94000 -128.50000 1.50000 -66.8419
19.96000 -49.48000 1.50000 -54.4519
-195.55000 -35.66000 1.50000 -105.3542
-250.94000 -128.50000 1.50000 -66.8748
19.96000 -49.48000 1.50000 -54.4356
-195.55000 -35.66000 1.50000 -105.3910
-250.94000 -128.50000 1.50000 -66.9077
19.96000 -49.48000 1.50000 -54.4214
-195.55000 -35.66000 1.50000 -105.4276
-250.94000 -128.50000 1.50000 -66.9404
19.96000 -49.48000 1.50000 -54.4093
-195.55000 -35.66000 1.50000 -105.4642
-250.94000 -128.50000 1.50000 -66.9730
19.96000 -49.48000 1.50000 -54.3995
-195.55000 -35.66000 1.50000 -105.5006
-250.94000 -128.50000 1.50000 -67.0055
19.96000 -49.48000 1.50000 -54.5367
-195.55000 -35.66000 1.50000 -105.5137
-250.94000 -128.50000 1.50000 -67.0035
19.96000 -49.48000 1.50000 -54.5463
-195.55000 -35.66000 1.50000 -105.4775
-250.94000 -128.50000 1.50000 -66.9710
19.96000 -49.48000 1.50000 -54.5579
-195.55000 -35.66000 1.50000 -105.4410
-250.94000 -128.50000 1.50000 -66.9384
19.96000 -49.48000 1.50000 -54.5717
-195.55000 -35.66000 1.50000 -105.4045
-250.94000 -128.50000 1.50000 -66.9057
19.96000 -49.48000 1.50000 -54.5875
-195.55000 -35.66000 1.50000 -105.3678
-250.94000 -128.50000 1.50000 -66.8728
19.96000 -49.48000 1.50000 -54.6054
-195.55000 -35.66000 1.50000 -105.3310
-250.94000 -128.50000 1.50000 -66.8399
19.96000 -49.48000 1.50000 -54.6253
-195.55000 -35.66000 1.50000 -105.2941
-250.94000 -128.50000 1.50000 -66.8068
19.96000 -49.48000 1.50000 -54.6472
-195.55000 -35.66000 1.50000 -105.2570
-250.94000 -128.50000 1.50000 -66.7735
19.96000 -49.48000 1.50000 -54.6711
-195.55000 -35.66000 1.50000 -105.2197
-250.94000 -128.50000 1.50000 -66.7402
19.96000 -49.48000 1.50000 -54.6970
-195.55000 -35.66000 1.50000 -105.1824
-250.94000 -128.50000 1.50000 -66.7067
19.96000 -49.48000 1.50000 -54.7247
-195.55000 -35.66000 1.50000 -105.1449
-250.94000 -128.50000 1.50000 -66.6731
19.96000 -49.48000 1.50000 -54.7543
-195.55000 -35.66000 1.50000 -105.1073
-250.94000 -128.50000 1.50000 -66.6393
19.96000 -49.48000 1.50000 -54.7857
-195.55000 -35.66000 1.50000 -105.0695
-250.94000 -128.50000 1.50000 -66.6054
19.96000 -49.48000 1.50000 -54.8189
-195.55000 -35.66000 1.50000 -105.0316
-250.94000 -128.50000 1.50000 -66.5714
19.96000 -49.48000 1.50000 -54.8538
-195.55000 -35.66000 1.50000 -104.9935
-250.94000 -128.50000 1.50000 -66.5373
19.96000 -49.48000 1.50000 -54.8904
-195.55000 -35.66000 1.50000 -104.9553
-250.94000 -128.50000 1.50000 -66.5030
19.96000 -49.48000 1.50000 -55.0152
-195.55000 -35.66000 1.50000 -104.9705
-250.94000 -128.50000 1.50000 -66.5010
19.96000 -49.48000 1.50000 -54.9796
-195.55000 -35.66000 1.50000 -105.0085
-250.94000 -128.50000 1.50000 -66.5353
19.96000 -49.48000 1.50000 -54.9456
-195.55000 -35.66000 1.50000 -105.0464
-250.94000 -128.50000 1.50000 -66.5694
19.96000 -49.48000 1.50000 -54.9134
-195.55000 -35.66000 1.50000 -105.0842
-250.94000 -128.50000 1.50000 -66.6034
19.96000 -49.48000 1.50000 -54.8829
-195.55000 -35.66000 1.50000 -105.1219
-250.94000 -128.50000 1.50000 -66.6373
19.96000 -49.48000 1.50000 -54.8542
-195.55000 -35.66000 1.50000 -105.1594
-250.94000 -128.50000 1.50000 -66.6711
19.96000 -49.48000 1.50000 -54.8273
-195.55000 -35.66000 1.50000 -105.1968
-250.94000 -128.50000 1.50000 -66.7047
19.96000 -49.48000 1.50000 -54.8022
-195.55000 -35.66000 1.50000 -105.2340
-250.94000 -128.50000 1.50000 -66.7382
19.96000 -49.48000 1.50000 -54.7790
-195.55000 -35.66000 1.50000 -105.2711
-250.94000 -128.50000 1.50000 -66.7716
19.96000 -49.48000 1.50000 -54.9089
-195.55000 -35.66000 1.50000 -105.2853
-250.94000 -128.50000 1.50000 -66.7698
19.96000 -49.48000 1.50000 -54.9314
-195.55000 -35.66000 1.50000 -105.2484
-250.94000 -128.50000 1.50000 -66.7364
19.96000 -49.48000 1.50000 -54.9557
-195.55000 -35.66000 1.50000 -105.2113
-250.94000 -128.50000 1.50000 -66.7029
19.96000 -49.48000 1.50000 -54.9818
-195.55000 -35.66000 1.50000 -105.1740
-250.94000 -128.50000 1.50000 -66.6693
19.96000 -49.48000 1.50000 -55.0097
-195.55000 -35.66000 1.50000 -105.1366
-250.94000 -128.50000 1.50000 -66.6355
19.96000 -49.48000 1.50000 -55.0394
-195.55000 -35.66000 1.50000 -105.0991
-250.94000 -128.50000 1.50000 -66.6016
19.96000 -49.48000 1.50000 -55.0707
-195.55000 -35.66000 1.50000 -105.0615
-250.94000 -128.50000 1.50000 -66.5675
19.96000 -49.48000 1.50000 -55.1037
-195.55000 -35.66000 1.50000 -105.0237
-250.94000 -128.50000 1.50000 -66.5334
19.96000 -49.48000 1.50000 -55.1382
-195.55000 -35.66000 1.50000 -104.9857
-250.94000 -128.50000 1.50000 -66.4990
19.96000 -49.48000 1.50000 -55.2598
-195.55000 -35.66000 1.50000 -105.0011
-250.94000 -128.50000 1.50000 -66.4973
19.96000 -49.48000 1.50000 -55.2261
-195.55000 -35.66000 1.50000 -105.0389
-250.94000 -128.50000 1.50000 -66.5316
19.96000 -49.48000 1.50000 -55.1941
-195.55000 -35.66000 1.50000 -105.0766
-250.94000 -128.50000 1.50000 -66.5658
19.96000 -49.48000 1.50000 -55.1636
-195.55000 -35.66000 1.50000 -105.1141
-250.94000 -128.50000 1.50000 -66.5998
19.96000 -49.48000 1.50000 -55.1348
-195.55000 -35.66000 1.50000 -105.1515
-250.94000 -128.50000 1.50000 -66.6338
19.96000 -49.48000 1.50000 -55.1077
-195.55000 -35.66000 1.50000 -105.1888
-250.94000 -128.50000 1.50000 -66.6676
19.96000 -49.48000 1.50000 -55.0824
-195.55000 -35.66000 1.50000 -105.2259
-250.94000 -128.50000 1.50000 -66.7012
19.96000 -49.48000 1.50000 -55.0588
-195.55000 -35.66000 1.50000 -105.2629
-250.94000 -128.50000 1.50000 -66.7347
19.96000 -49.48000 1.50000 -55.0369
-195.55000 -35.66000 1.50000 -105.2997
-250.94000 -128.50000 1.50000 -66.7681
19.96000 -49.48000 1.50000 -75.0169
-195.55000 -35.66000 1.50000 -125.3364
-250.94000 -128.50000 1.50000 -86.8014
19.96000 -49.48000 1.50000 -75.1437
-195.55000 -35.66000 1.50000 -125.3508
-250.94000 -128.50000 1.50000 -86.7999
19.96000 -49.48000 1.50000 -95.1631
-195.55000 -35.66000 1.50000 -105.3142
-250.94000 -128.50000 1.50000 -66.7666
19.96000 -49.48000 1.50000 -55.1843
-195.55000 -35.66000 1.50000 -105.2775
-250.94000 -128.50000 1.50000 -66.7332
19.96000 -49.48000 1.50000 -55.2073
-195.55000 -35.66000 1.50000 -105.2406
-250.94000 -128.50000 1.50000 -66.6996
19.96000 -49.48000 1.50000 -55.2319
-195.55000 -35.66000 1.50000 -105.2036
-250.94000 -128.50000 1.50000 -66.6660
19.96000 -49.48000 1.50000 -55.2583
-195.55000 -35.66000 1.50000 -105.1665
-250.94000 -128.50000 1.50000 -66.6322
19.96000 -49.48000 1.50000 -55.2863
-195.55000 -35.66000 1.50000 -105.1293
-250.94000 -128.50000 1.50000 -66.5982
19.96000 -49.48000 1.50000 -55.3158
-195.55000 -35.66000 1.50000 -105.0919
-250.94000 -128.50000 1.50000 -66.5642
19.96000 -49.48000 1.50000 -55.3470
-195.55000 -35.66000 1.50000 -105.0544
-250.94000 -128.50000 1.50000 -66.5300
19.96000 -49.48000 1.50000 -55.3797
-195.55000 -35.66000 1.50000 -105.0167
-250.94000 -128.50000 1.50000 -66.4956
19.96000 -49.48000 1.50000 -55.4982
-195.55000 -35.66000 1.50000 -105.0324
-250.94000 -128.50000 1.50000 -66.4941
19.96000 -49.48000 1.50000 -55.4664
-195.55000 -35.66000 1.50000 -105.0699
-250.94000 -128.50000 1.50000 -66.5285
19.96000 -49.48000 1.50000 -55.4360
-195.55000 -35.66000 1.50000 -105.1073
-250.94000 -128.50000 1.50000 -66.5627
19.96000 -49.48000 1.50000 -55.4073
-195.55000 -35.66000 1.50000 -105.1445
-250.94000 -128.50000 1.50000 -66.5968
19.96000 -49.48000 1.50000 -55.3801
-195.55000 -35.66000 1.50000 -105.1817
-250.94000 -128.50000 1.50000 -66.6307
19.96000 -49.48000 1.50000 -55.3544
-195.55000 -35.66000 1.50000 -105.2187
-250.94000 -128.50000 1.50000 -66.6645
19.96000 -49.48000 1.50000 -55.3305
-195.55000 -35.66000 1.50000 -105.2555
-250.94000 -128.50000 1.50000 -66.6982
19.96000 -49.48000 1.50000 -55.3082
-195.55000 -35.66000 1.50000 -105.2923
-250.94000 -128.50000 1.50000 -66.7318
19.96000 -49.48000 1.50000 -95.2876
-195.55000 -35.66000 1.50000 -105.3289
-250.94000 -128.50000 1.50000 -66.7652
19.96000 -49.48000 1.50000 -75.2686
-195.55000 -35.66000 1.50000 -125.3654
-250.94000 -128.50000 1.50000 -86.7985
19.96000 -49.48000 1.50000 -75.3919
-195.55000 -35.66000 1.50000 -125.3800
-250.94000 -128.50000 1.50000 -86.7972
19.96000 -49.48000 1.50000 -95.4103
-195.55000 -35.66000 1.50000 -105.3437
-250.94000 -128.50000 1.50000 -66.7639
19.96000 -49.48000 1.50000 -55.4303
-195.55000 -35.66000 1.50000 -105.3072
-250.94000 -128.50000 1.50000 -66.7305
19.96000 -49.48000 1.50000 -55.4520
-195.55000 -35.66000 1.50000 -105.2706
-250.94000 -128.50000 1.50000 -66.6969
19.96000 -49.48000 1.50000 -55.4753
-195.55000 -35.66000 1.50000 -105.2338
-250.94000 -128.50000 1.50000 -66.6632
19.96000 -49.48000 1.50000 -55.5002
-195.55000 -35.66000 1.50000 -105.1970
-250.94000 -128.50000 1.50000 -66.6294
19.96000 -49.48000 1.50000 -55.5267
-195.55000 -35.66000 1.50000 -105.1600
-250.94000 -128.50000 1.50000 -66.5954
19.96000 -49.48000 1.50000 -55.5547
-195.55000 -35.66000 1.50000 -105.1228
-250.94000 -128.50000 1.50000 -66.5613
19.96000 -49.48000 1.50000 -55.5842
-195.55000 -35.66000 1.50000 -105.0856
-250.94000 -128.50000 1.50000 -66.5271
19.96000 -49.48000 1.50000 -55.6152
-195.55000 -35.66000 1.50000 -105.0482
-250.94000 -128.50000 1.50000 -66.4928