19.96000 -49.48000 1.50000 -56.0146
-195.55000 -35.66000 1.50000 -107.3748
-250.94000 -128.50000 1.50000 -108.7829
19.96000 -49.48000 1.50000 -56.1000
-195.55000 -35.66000 1.50000 -107.4051
-250.94000 -128.50000 1.50000 -108.8092
19.96000 -49.48000 1.50000 -56.1852
-195.55000 -35.66000 1.50000 -107.4352
-250.94000 -128.50000 1.50000 -108.8354
19.96000 -49.48000 1.50000 -56.2702
-195.55000 -35.66000 1.50000 -107.4653
-250.94000 -128.50000 1.50000 -108.8616
19.96000 -49.48000 1.50000 -56.3550
-195.55000 -35.66000 1.50000 -107.4952
-250.94000 -128.50000 1.50000 -108.8877
19.96000 -49.48000 1.50000 -56.4396
-195.55000 -35.66000 1.50000 -107.5250
-250.94000 -128.50000 1.50000 -108.9137
19.96000 -49.48000 1.50000 -56.5239
-195.55000 -35.66000 1.50000 -107.5548
-250.94000 -128.50000 1.50000 -108.9397
19.96000 -49.48000 1.50000 -96.6079
-195.55000 -35.66000 1.50000 -107.5844
-250.94000 -128.50000 1.50000 -108.9655
19.96000 -49.48000 1.50000 -96.6917
-195.55000 -35.66000 1.50000 -107.6140
-250.94000 -128.50000 1.50000 -108.9913
19.96000 -49.48000 1.50000 -96.7751
-195.55000 -35.66000 1.50000 -107.6435
-250.94000 -128.50000 1.50000 -109.0170
19.96000 -49.48000 1.50000 -96.8582
-195.55000 -35.66000 1.50000 -107.6728
-250.94000 -128.50000 1.50000 -109.0426
19.96000 -49.48000 1.50000 -96.9410
-195.55000 -35.66000 1.50000 -107.7021
-250.94000 -128.50000 1.50000 -109.0682
19.96000 -49.48000 1.50000 -97.0034
-195.55000 -35.66000 1.50000 -107.7088
-250.94000 -128.50000 1.50000 -109.0661
19.96000 -49.48000 1.50000 -96.9218
-195.55000 -35.66000 1.50000 -107.6796
-250.94000 -128.50000 1.50000 -109.0405
19.96000 -49.48000 1.50000 -96.8400
-195.55000 -35.66000 1.50000 -107.6503
-250.94000 -128.50000 1.50000 -109.0149
19.96000 -49.48000 1.50000 -96.7578
-195.55000 -35.66000 1.50000 -107.6208
-250.94000 -128.50000 1.50000 -108.9891
19.96000 -49.48000 1.50000 -56.6753
-195.55000 -35.66000 1.50000 -107.5913
-250.94000 -128.50000 1.50000 -108.9633
19.96000 -49.48000 1.50000 -56.5926
-195.55000 -35.66000 1.50000 -107.5617
-250.94000 -128.50000 1.50000 -108.9375
19.96000 -49.48000 1.50000 -56.5096
-195.55000 -35.66000 1.50000 -107.5320
-250.94000 -128.50000 1.50000 -108.9115
19.96000 -49.48000 1.50000 -56.4264
-195.55000 -35.66000 1.50000 -107.5022
-250.94000 -128.50000 1.50000 -108.8855
19.96000 -49.48000 1.50000 -56.3430
-195.55000 -35.66000 1.50000 -107.4723
-250.94000 -128.50000 1.50000 -108.8594
19.96000 -49.48000 1.50000 -56.2594
-195.55000 -35.66000 1.50000 -107.4424
-250.94000 -128.50000 1.50000 -108.8332
19.96000 -49.48000 1.50000 -56.1756
-195.55000 -35.66000 1.50000 -107.4123
-250.94000 -128.50000 1.50000 -108.8069
19.96000 -49.48000 1.50000 -56.0917
-195.55000 -35.66000 1.50000 -107.3821
-250.94000 -128.50000 1.50000 -108.7806
19.96000 -49.48000 1.50000 -56.1690
-195.55000 -35.66000 1.50000 -107.3894
-250.94000 -128.50000 1.50000 -108.7784
19.96000 -49.48000 1.50000 -56.2514
-195.55000 -35.66000 1.50000 -107.4195
-250.94000 -128.50000 1.50000 -108.8048
19.96000 -49.48000 1.50000 -56.3338
-195.55000 -35.66000 1.50000 -107.4496
-250.94000 -128.50000 1.50000 -108.8311
19.96000 -49.48000 1.50000 -56.4160
-195.55000 -35.66000 1.50000 -107.4795
-250.94000 -128.50000 1.50000 -108.8573
19.96000 -49.48000 1.50000 -56.4980
-195.55000 -35.66000 1.50000 -107.5094
-250.94000 -128.50000 1.50000 -108.8834
19.96000 -49.48000 1.50000 -56.5798
-195.55000 -35.66000 1.50000 -107.5391
-250.94000 -128.50000 1.50000 -108.9094
19.96000 -49.48000 1.50000 -56.6615
-195.55000 -35.66000 1.50000 -107.5688
-250.94000 -128.50000 1.50000 -108.9354
19.96000 -49.48000 1.50000 -56.7429
-195.55000 -35.66000 1.50000 -107.5983
-250.94000 -128.50000 1.50000 -108.9613
19.96000 -49.48000 1.50000 -56.8241
-195.55000 -35.66000 1.50000 -107.6278
-250.94000 -128.50000 1.50000 -108.9871
19.96000 -49.48000 1.50000 -96.9051
-195.55000 -35.66000 1.50000 -107.6571
-250.94000 -128.50000 1.50000 -109.0128
19.96000 -49.48000 1.50000 -96.9858
-195.55000 -35.66000 1.50000 -107.6864
-250.94000 -128.50000 1.50000 -109.0385
19.96000 -49.48000 1.50000 -97.0662
-195.55000 -35.66000 1.50000 -107.7156
-250.94000 -128.50000 1.50000 -109.0640
19.96000 -49.48000 1.50000 -97.1292
-195.55000 -35.66000 1.50000 -107.7225
-250.94000 -128.50000 1.50000 -109.0621
19.96000 -49.48000 1.50000 -97.0500
-195.55000 -35.66000 1.50000 -107.6933
-250.94000 -128.50000 1.50000 -109.0365
19.96000 -49.48000 1.50000 -56.9705
-195.55000 -35.66000 1.50000 -107.6641
-250.94000 -128.50000 1.50000 -109.0108
19.96000 -49.48000 1.50000 -56.8907
-195.55000 -35.66000 1.50000 -107.6348
-250.94000 -128.50000 1.50000 -108.9851
19.96000 -49.48000 1.50000 -56.8108
-195.55000 -35.66000 1.50000 -107.6054
-250.94000 -128.50000 1.50000 -108.9592
19.96000 -49.48000 1.50000 -56.7306
-195.55000 -35.66000 1.50000 -107.5759
-250.94000 -128.50000 1.50000 -108.9333
19.96000 -49.48000 1.50000 -56.6503
-195.55000 -35.66000 1.50000 -107.5463
-250.94000 -128.50000 1.50000 -108.9074
19.96000 -49.48000 1.50000 -56.5698
-195.55000 -35.66000 1.50000 -107.5166
-250.94000 -128.50000 1.50000 -108.8813
19.96000 -49.48000 1.50000 -56.4891
-195.55000 -35.66000 1.50000 -107.4868
-250.94000 -128.50000 1.50000 -108.8552
19.96000 -49.48000 1.50000 -56.4083
-195.55000 -35.66000 1.50000 -107.4569
-250.94000 -128.50000 1.50000 -108.8290
19.96000 -49.48000 1.50000 -56.3274
-195.55000 -35.66000 1.50000 -107.4269
-250.94000 -128.50000 1.50000 -108.8027
19.96000 -49.48000 1.50000 -56.4034
-195.55000 -35.66000 1.50000 -107.4344
-250.94000 -128.50000 1.50000 -108.8007
19.96000 -49.48000 1.50000 -56.4829
-195.55000 -35.66000 1.50000 -107.4643
-250.94000 -128.50000 1.50000 -108.8270
19.96000 -49.48000 1.50000 -56.5623
-195.55000 -35.66000 1.50000 -107.4941
-250.94000 -128.50000 1.50000 -108.8532
19.96000 -49.48000 1.50000 -56.6417
-195.55000 -35.66000 1.50000 -107.5239
-250.94000 -128.50000 1.50000 -108.8793
19.96000 -49.48000 1.50000 -56.7209
-195.55000 -35.66000 1.50000 -107.5535
-250.94000 -128.50000 1.50000 -108.9054
19.96000 -49.48000 1.50000 -56.7999
-195.55000 -35.66000 1.50000 -107.5831
-250.94000 -128.50000 1.50000 -108.9314
19.96000 -49.48000 1.50000 -56.8789
-195.55000 -35.66000 1.50000 -107.6125
-250.94000 -128.50000 1.50000 -108.9573
19.96000 -49.48000 1.50000 -56.9576
-195.55000 -35.66000 1.50000 -107.6419
-250.94000 -128.50000 1.50000 -108.9831
19.96000 -49.48000 1.50000 -57.0361
-195.55000 -35.66000 1.50000 -107.6712
-250.94000 -128.50000 1.50000 -109.0089
19.96000 -49.48000 1.50000 -57.1144
-195.55000 -35.66000 1.50000 -107.7004
-250.94000 -128.50000 1.50000 -109.0346
19.96000 -49.48000 1.50000 -97.1925
-195.55000 -35.66000 1.50000 -107.7295
-250.94000 -128.50000 1.50000 -109.0602
19.96000 -49.48000 1.50000 -57.2560
-195.55000 -35.66000 1.50000 -107.7365
-250.94000 -128.50000 1.50000 -109.0584
19.96000 -49.48000 1.50000 -57.1791
-195.55000 -35.66000 1.50000 -107.7075
-250.94000 -128.50000 1.50000 -109.0327
19.96000 -49.48000 1.50000 -57.1019
-195.55000 -35.66000 1.50000 -107.6784
-250.94000 -128.50000 1.50000 -109.0071
19.96000 -49.48000 1.50000 -57.0246
-195.55000 -35.66000 1.50000 -107.6491
-250.94000 -128.50000 1.50000 -108.9813
19.96000 -49.48000 1.50000 -56.9471
-195.55000 -35.66000 1.50000 -107.6198
-250.94000 -128.50000 1.50000 -108.9554
19.96000 -49.48000 1.50000 -56.8694
-195.55000 -35.66000 1.50000 -107.5904
-250.94000 -128.50000 1.50000 -108.9295
19.96000 -49.48000 1.50000 -56.7916
-195.55000 -35.66000 1.50000 -107.5609
-250.94000 -128.50000 1.50000 -108.9035
19.96000 -49.48000 1.50000 -56.7137
-195.55000 -35.66000 1.50000 -107.5313
-250.94000 -128.50000 1.50000 -108.8775
19.96000 -49.48000 1.50000 -56.6357
-195.55000 -35.66000 1.50000 -107.5016
-250.94000 -128.50000 1.50000 -108.8513
19.96000 -49.48000 1.50000 -56.5576
-195.55000 -35.66000 1.50000 -107.4718
-250.94000 -128.50000 1.50000 -108.8251
19.96000 -49.48000 1.50000 -56.4794
-195.55000 -35.66000 1.50000 -107.4419
-250.94000 -128.50000 1.50000 -108.7988
19.96000 -49.48000 1.50000 -56.5556
-195.55000 -35.66000 1.50000 -107.4496
-250.94000 -128.50000 1.50000 -108.7969
19.96000 -49.48000 1.50000 -56.6324
-195.55000 -35.66000 1.50000 -107.4794
-250.94000 -128.50000 1.50000 -108.8232
19.96000 -49.48000 1.50000 -56.7092
-195.55000 -35.66000 1.50000 -107.5092
-250.94000 -128.50000 1.50000 -108.8495
19.96000 -49.48000 1.50000 -56.7859
-195.55000 -35.66000 1.50000 -107.5388
-250.94000 -128.50000 1.50000 -108.8756
19.96000 -49.48000 1.50000 -56.8625
-195.55000 -35.66000 1.50000 -107.5684
-250.94000 -128.50000 1.50000 -108.9017
19.96000 -49.48000 1.50000 -56.9391
-195.55000 -35.66000 1.50000 -107.5978
-250.94000 -128.50000 1.50000 -108.9277
19.96000 -49.48000 1.50000 -57.0155
-195.55000 -35.66000 1.50000 -107.6272
-250.94000 -128.50000 1.50000 -108.9537
19.96000 -49.48000 1.50000 -57.0918
-195.55000 -35.66000 1.50000 -107.6564
-250.94000 -128.50000 1.50000 -108.9795
19.96000 -49.48000 1.50000 -57.1680
-195.55000 -35.66000 1.50000 -107.6856
-250.94000 -128.50000 1.50000 -109.0053
19.96000 -49.48000 1.50000 -57.2440
-195.55000 -35.66000 1.50000 -107.7147
-250.94000 -128.50000 1.50000 -109.0310
19.96000 -49.48000 1.50000 -57.3198
-195.55000 -35.66000 1.50000 -107.7437
-250.94000 -128.50000 1.50000 -109.0566
19.96000 -49.48000 1.50000 -57.3837
-195.55000 -35.66000 1.50000 -107.7509
-250.94000 -128.50000 1.50000 -109.0550
19.96000 -49.48000 1.50000 -57.3090
-195.55000 -35.66000 1.50000 -107.7220
-250.94000 -128.50000 1.50000 -109.0293
19.96000 -49.48000 1.50000 -57.2342
-195.55000 -35.66000 1.50000 -107.6930
-250.94000 -128.50000 1.50000 -109.0036
19.96000 -49.48000 1.50000 -57.1592
-195.55000 -35.66000 1.50000 -107.6638
-250.94000 -128.50000 1.50000 -108.9778
19.96000 -49.48000 1.50000 -57.0840
-195.55000 -35.66000 1.50000 -107.6346
-250.94000 -128.50000 1.50000 -108.9520
19.96000 -49.48000 1.50000 -57.0088
-195.55000 -35.66000 1.50000 -107.6053
-250.94000 -128.50000 1.50000 -108.9260
19.96000 -49.48000 1.50000 -56.9335
-195.55000 -35.66000 1.50000 -107.5759
-250.94000 -128.50000 1.50000 -108.9000
19.96000 -49.48000 1.50000 -56.8581
-195.55000 -35.66000 1.50000 -107.5464
-250.94000 -128.50000 1.50000 -108.8739
19.96000 -49.48000 1.50000 -56.7827
-195.55000 -35.66000 1.50000 -107.5168
-250.94000 -128.50000 1.50000 -108.8477
19.96000 -49.48000 1.50000 -56.7072
-195.55000 -35.66000 1.50000 -107.4871
-250.94000 -128.50000 1.50000 -108.8215
19.96000 -49.48000 1.50000 -56.6317
-195.55000 -35.66000 1.50000 -107.4574
-250.94000 -128.50000 1.50000 -108.7951
19.96000 -49.48000 1.50000 -56.7078
-195.55000 -35.66000 1.50000 -107.4652
-250.94000 -128.50000 1.50000 -108.7935
19.96000 -49.48000 1.50000 -56.7820
-195.55000 -35.66000 1.50000 -107.4949
-250.94000 -128.50000 1.50000 -148.8198
19.96000 -49.48000 1.50000 -56.8562
-195.55000 -35.66000 1.50000 -107.5246
-250.94000 -128.50000 1.50000 -148.8461
19.96000 -49.48000 1.50000 -56.9304
-195.55000 -35.66000 1.50000 -107.5541
-250.94000 -128.50000 1.50000 -148.8722
19.96000 -49.48000 1.50000 -57.0045
-195.55000 -35.66000 1.50000 -107.5835
-250.94000 -128.50000 1.50000 -148.8983
19.96000 -49.48000 1.50000 -57.0787
-195.55000 -35.66000 1.50000 -107.6129
-250.94000 -128.50000 1.50000 -148.9244
19.96000 -49.48000 1.50000 -57.1527
-195.55000 -35.66000 1.50000 -107.6422
-250.94000 -128.50000 1.50000 -148.9503
19.96000 -49.48000 1.50000 -57.2266
-195.55000 -35.66000 1.50000 -107.6713
-250.94000 -128.50000 1.50000 -148.9762
19.96000 -49.48000 1.50000 -57.3005
-195.55000 -35.66000 1.50000 -107.7004
-250.94000 -128.50000 1.50000 -149.0020
19.96000 -49.48000 1.50000 -57.3742
-195.55000 -35.66000 1.50000 -107.7294
-250.94000 -128.50000 1.50000 -149.0277
19.96000 -49.48000 1.50000 -57.4478
-195.55000 -35.66000 1.50000 -107.7583
-250.94000 -128.50000 1.50000 -149.0534
19.96000 -49.48000 1.50000 -57.5121
-195.55000 -35.66000 1.50000 -107.7657
-250.94000 -128.50000 1.50000 -149.0518
19.96000 -49.48000 1.50000 -57.4396
-195.55000 -35.66000 1.50000 -107.7369
-250.94000 -128.50000 1.50000 -149.0262
19.96000 -49.48000 1.50000 -57.3669
-195.55000 -35.66000 1.50000 -107.7079
-250.94000 -128.50000 1.50000 -149.0005
19.96000 -49.48000 1.50000 -57.2942
-195.55000 -35.66000 1.50000 -107.6789
-250.94000 -128.50000 1.50000 -148.9747
19.96000 -49.48000 1.50000 -57.2214
-195.55000 -35.66000 1.50000 -107.6498
-250.94000 -128.50000 1.50000 -148.9488
19.96000 -49.48000 1.50000 -57.1486
-195.55000 -35.66000 1.50000 -107.6206
-250.94000 -128.50000 1.50000 -148.9228
19.96000 -49.48000 1.50000 -57.0756
-195.55000 -35.66000 1.50000 -107.5913
-250.94000 -128.50000 1.50000 -148.8968
19.96000 -49.48000 1.50000 -57.0027
-195.55000 -35.66000 1.50000 -107.5619
-250.94000 -128.50000 1.50000 -148.8707
19.96000 -49.48000 1.50000 -56.9297
-195.55000 -35.66000 1.50000 -107.5324
-250.94000 -128.50000 1.50000 -148.8445
19.96000 -49.48000 1.50000 -56.8568
-195.55000 -35.66000 1.50000 -107.5028
-250.94000 -128.50000 1.50000 -148.8182
19.96000 -49.48000 1.50000 -56.7839
-195.55000 -35.66000 1.50000 -107.4732
-250.94000 -128.50000 1.50000 -148.7918
19.96000 -49.48000 1.50000 -56.8599
-195.55000 -35.66000 1.50000 -107.4812
-250.94000 -128.50000 1.50000 -148.7903
19.96000 -49.48000 1.50000 -56.9316
-195.55000 -35.66000 1.50000 -107.5108
-250.94000 -128.50000 1.50000 -148.8167
19.96000 -49.48000 1.50000 -57.0033
-195.55000 -35.66000 1.50000 -107.5403
-250.94000 -128.50000 1.50000 -148.8430
19.96000 -49.48000 1.50000 -57.0750
-195.55000 -35.66000 1.50000 -107.5698
-250.94000 -128.50000 1.50000 -148.8692
19.96000 -49.48000 1.50000 -57.1468
-195.55000 -35.66000 1.50000 -107.5991
-250.94000 -128.50000 1.50000 -148.8953
19.96000 -49.48000 1.50000 -57.2185
-195.55000 -35.66000 1.50000 -107.6284
-250.94000 -128.50000 1.50000 -148.9213
19.96000 -49.48000 1.50000 -57.2902
-195.55000 -35.66000 1.50000 -107.6575
-250.94000 -128.50000 1.50000 -148.9473
19.96000 -49.48000 1.50000 -57.3619
-195.55000 -35.66000 1.50000 -107.6866
-250.94000 -128.50000 1.50000 -148.9732
19.96000 -49.48000 1.50000 -57.4335
-195.55000 -35.66000 1.50000 -107.7155
-250.94000 -128.50000 1.50000 -148.9990
19.96000 -49.48000 1.50000 -57.5050
-195.55000 -35.66000 1.50000 -107.7444
-250.94000 -128.50000 1.50000 -149.0247
19.96000 -49.48000 1.50000 -57.5764
-195.55000 -35.66000 1.50000 -107.7732
-250.94000 -128.50000 1.50000 -149.0504
19.96000 -49.48000 1.50000 -57.6409
-195.55000 -35.66000 1.50000 -107.7808
-250.94000 -128.50000 1.50000 -149.0490
19.96000 -49.48000 1.50000 -57.5706
-195.55000 -35.66000 1.50000 -107.7521
-250.94000 -128.50000 1.50000 -149.0234
19.96000 -49.48000 1.50000 -57.5001
-195.55000 -35.66000 1.50000 -107.7233
-250.94000 -128.50000 1.50000 -148.9976
19.96000 -49.48000 1.50000 -57.4296
-195.55000 -35.66000 1.50000 -107.6943
-250.94000 -128.50000 1.50000 -148.9718
19.96000 -49.48000 1.50000 -57.3591
-195.55000 -35.66000 1.50000 -107.6653
-250.94000 -128.50000 1.50000 -148.9459
19.96000 -49.48000 1.50000 -57.2885
-195.55000 -35.66000 1.50000 -107.6362
-250.94000 -128.50000 1.50000 -148.9199
19.96000 -49.48000 1.50000 -57.2179
-195.55000 -35.66000 1.50000 -107.6070
-250.94000 -128.50000 1.50000 -148.8939
19.96000 -49.48000 1.50000 -57.1473
-195.55000 -35.66000 1.50000 -107.5778
-250.94000 -128.50000 1.50000 -188.8677
19.96000 -49.48000 1.50000 -57.0768
-195.55000 -35.66000 1.50000 -107.5484
-250.94000 -128.50000 1.50000 -188.8415
19.96000 -49.48000 1.50000 -57.0063
-195.55000 -35.66000 1.50000 -107.5189
-250.94000 -128.50000 1.50000 -188.8152
19.96000 -49.48000 1.50000 -56.9359
-195.55000 -35.66000 1.50000 -107.4893
-250.94000 -128.50000 1.50000 -188.7889
19.96000 -49.48000 1.50000 -57.0117
-195.55000 -35.66000 1.50000 -107.4976
-250.94000 -128.50000 1.50000 -148.7875
19.96000 -49.48000 1.50000 -57.0809
-195.55000 -35.66000 1.50000 -107.5271
-250.94000 -128.50000 1.50000 -148.8139
19.96000 -49.48000 1.50000 -57.1502
-195.55000 -35.66000 1.50000 -107.5565
-250.94000 -128.50000 1.50000 -148.8402
19.96000 -49.48000 1.50000 -57.2196
-195.55000 -35.66000 1.50000 -107.5858
-250.94000 -128.50000 1.50000 -148.8664
19.96000 -49.48000 1.50000 -57.2890
-195.55000 -35.66000 1.50000 -107.6150
-250.94000 -128.50000 1.50000 -148.8925
19.96000 -49.48000 1.50000 -57.3585
-195.55000 -35.66000 1.50000 -107.6442
-250.94000 -128.50000 1.50000 -148.9186
19.96000 -49.48000 1.50000 -57.4279
-195.55000 -35.66000 1.50000 -107.6732
-250.94000 -128.50000 1.50000 -148.9446
19.96000 -49.48000 1.50000 -57.4974
-195.55000 -35.66000 1.50000 -107.7022
-250.94000 -128.50000 1.50000 -148.9705
19.96000 -49.48000 1.50000 -57.5668
-195.55000 -35.66000 1.50000 -107.7311
-250.94000 -128.50000 1.50000 -148.9963
19.96000 -49.48000 1.50000 -57.6362
-195.55000 -35.66000 1.50000 -107.7598
-250.94000 -128.50000 1.50000 -149.0221
19.96000 -49.48000 1.50000 -57.7055
-195.55000 -35.66000 1.50000 -107.7885
-250.94000 -128.50000 1.50000 -149.0478
19.96000 -49.48000 1.50000 -57.7702
-195.55000 -35.66000 1.50000 -107.7963
-250.94000 -128.50000 1.50000 -149.0465
19.96000 -49.48000 1.50000 -57.7019
-195.55000 -35.66000 1.50000 -107.7677
-250.94000 -128.50000 1.50000 -149.0209
19.96000 -49.48000 1.50000 -57.6335
-195.55000 -35.66000 1.50000 -107.7390
-250.94000 -128.50000 1.50000 -148.9951
19.96000 -49.48000 1.50000 -57.5652
-195.55000 -35.66000 1.50000 -107.7101
-250.94000 -128.50000 1.50000 -148.9693
19.96000 -49.48000 1.50000 -57.4968
-195.55000 -35.66000 1.50000 -107.6812
-250.94000 -128.50000 1.50000 -148.9433
19.96000 -49.48000 1.50000 -57.4285
-195.55000 -35.66000 1.50000 -107.6522
-250.94000 -128.50000 1.50000 -148.9173
19.96000 -49.48000 1.50000 -57.3601
-195.55000 -35.66000 1.50000 -107.6231
-250.94000 -128.50000 1.50000 -148.8913
19.96000 -49.48000 1.50000 -57.2919
-195.55000 -35.66000 1.50000 -107.5940
-250.94000 -128.50000 1.50000 -148.8651
19.96000 -49.48000 1.50000 -57.2236
-195.55000 -35.66000 1.50000 -107.5647
-250.94000 -128.50000 1.50000 -148.8389
19.96000 -49.48000 1.50000 -57.1555
-195.55000 -35.66000 1.50000 -107.5354
-250.94000 -128.50000 1.50000 -148.8126
19.96000 -49.48000 1.50000 -57.0875
-195.55000 -35.66000 1.50000 -107.5059
-250.94000 -128.50000 1.50000 -148.7862
19.96000 -49.48000 1.50000 -57.1631
-195.55000 -35.66000 1.50000 -107.5143
-250.94000 -128.50000 1.50000 -148.7850
19.96000 -49.48000 1.50000 -57.2300
-195.55000 -35.66000 1.50000 -107.5437
-250.94000 -128.50000 1.50000 -148.8114
19.96000 -49.48000 1.50000 -57.2969
-195.55000 -35.66000 1.50000 -107.5730
-250.94000 -128.50000 1.50000 -148.8377
19.96000 -49.48000 1.50000 -57.3640
-195.55000 -35.66000 1.50000 -107.6022
-250.94000 -128.50000 1.50000 -148.8639
19.96000 -49.48000 1.50000 -57.4312
-195.55000 -35.66000 1.50000 -107.6313
-250.94000 -128.50000 1.50000 -148.8901
19.96000 -49.48000 1.50000 -57.4984
-195.55000 -35.66000 1.50000 -107.6604
-250.94000 -128.50000 1.50000 -148.9162
19.96000 -49.48000 1.50000 -57.5657
-195.55000 -35.66000 1.50000 -107.6893
-250.94000 -128.50000 1.50000 -148.9422
19.96000 -49.48000 1.50000 -57.6330
-195.55000 -35.66000 1.50000 -107.7182
-250.94000 -128.50000 1.50000 -148.9681
19.96000 -49.48000 1.50000 -57.7003
-195.55000 -35.66000 1.50000 -107.7469
-250.94000 -128.50000 1.50000 -148.9939
19.96000 -49.48000 1.50000 -57.7676
-195.55000 -35.66000 1.50000 -107.7756
-250.94000 -128.50000 1.50000 -149.0197
19.96000 -49.48000 1.50000 -57.8349
-195.55000 -35.66000 1.50000 -107.8042
-250.94000 -128.50000 1.50000 -149.0454
19.96000 -49.48000 1.50000 -57.9021
-195.55000 -35.66000 1.50000 -107.8327
-250.94000 -128.50000 1.50000 -149.0710
19.96000 -49.48000 1.50000 -77.9659
-195.55000 -35.66000 1.50000 -127.8406
-250.94000 -128.50000 1.50000 -149.0700
19.96000 -49.48000 1.50000 -77.8996
-195.55000 -35.66000 1.50000 -127.8121
-250.94000 -128.50000 1.50000 -149.0443
19.96000 -49.48000 1.50000 -77.8333
-195.55000 -35.66000 1.50000 -127.7836
-250.94000 -128.50000 1.50000 -149.0186
19.96000 -49.48000 1.50000 -77.7671
-195.55000 -35.66000 1.50000 -127.7550
-250.94000 -128.50000 1.50000 -148.9929
19.96000 -49.48000 1.50000 -77.7008
-195.55000 -35.66000 1.50000 -127.7263
-250.94000 -128.50000 1.50000 -148.9670
19.96000 -49.48000 1.50000 -77.6345
-195.55000 -35.66000 1.50000 -127.6975
-250.94000 -128.50000 1.50000 -148.9411
19.96000 -49.48000 1.50000 -77.5683
-195.55000 -35.66000 1.50000 -127.6686
-250.94000 -128.50000 1.50000 -148.9151
19.96000 -49.48000 1.50000 -77.5022
-195.55000 -35.66000 1.50000 -127.6396
-250.94000 -128.50000 1.50000 -148.8890
19.96000 -49.48000 1.50000 -77.4361
-195.55000 -35.66000 1.50000 -127.6105
-250.94000 -128.50000 1.50000 -148.8628
19.96000 -49.48000 1.50000 -77.3702
-195.55000 -35.66000 1.50000 -127.5814
-250.94000 -128.50000 1.50000 -168.8366
19.96000 -49.48000 1.50000 -57.3043
-195.55000 -35.66000 1.50000 -107.5522
-250.94000 -128.50000 1.50000 -148.8103
19.96000 -49.48000 1.50000 -57.2386
-195.55000 -35.66000 1.50000 -107.5228
-250.94000 -128.50000 1.50000 -148.7839
19.96000 -49.48000 1.50000 -77.3139
-195.55000 -35.66000 1.50000 -107.5314
-250.94000 -128.50000 1.50000 -148.7828
19.96000 -49.48000 1.50000 -77.3785
-195.55000 -35.66000 1.50000 -107.5607
-250.94000 -128.50000 1.50000 -148.8092
19.96000 -49.48000 1.50000 -77.4432
-195.55000 -35.66000 1.50000 -127.5899
-250.94000 -128.50000 1.50000 -148.8356
19.96000 -49.48000 1.50000 -77.5081
-195.55000 -35.66000 1.50000 -127.6190
-250.94000 -128.50000 1.50000 -148.8618
19.96000 -49.48000 1.50000 -77.5731
-195.55000 -35.66000 1.50000 -127.6480
-250.94000 -128.50000 1.50000 -148.8880
19.96000 -49.48000 1.50000 -77.6382
-195.55000 -35.66000 1.50000 -127.6769
-250.94000 -128.50000 1.50000 -148.9141
19.96000 -49.48000 1.50000 -77.7034
-195.55000 -35.66000 1.50000 -127.7057
-250.94000 -128.50000 1.50000 -148.9401
19.96000 -49.48000 1.50000 -77.7686
-195.55000 -35.66000 1.50000 -127.7345
-250.94000 -128.50000 1.50000 -148.9660
19.96000 -49.48000 1.50000 -77.8338
-195.55000 -35.66000 1.50000 -127.7631
-250.94000 -128.50000 1.50000 -148.9919
19.96000 -49.48000 1.50000 -77.8991
-195.55000 -35.66000 1.50000 -127.7917
-250.94000 -128.50000 1.50000 -149.0177
19.96000 -49.48000 1.50000 -77.9644
-195.55000 -35.66000 1.50000 -127.8202
-250.94000 -128.50000 1.50000 -149.0434
19.96000 -49.48000 1.50000 -78.0296
-195.55000 -35.66000 1.50000 -127.8486
-250.94000 -128.50000 1.50000 -149.0690
19.96000 -49.48000 1.50000 -78.0949
-195.55000 -35.66000 1.50000 -127.8769
-250.94000 -128.50000 1.50000 -149.0945
19.96000 -49.48000 1.50000 -78.1601
-195.55000 -35.66000 1.50000 -127.9051
-250.94000 -128.50000 1.50000 -149.1200
19.96000 -49.48000 1.50000 -78.2253
-195.55000 -35.66000 1.50000 -127.9333
-250.94000 -128.50000 1.50000 -149.1454
19.96000 -49.48000 1.50000 -98.2904
-195.55000 -35.66000 1.50000 -127.9613
-250.94000 -128.50000 1.50000 -149.1707
19.96000 -49.48000 1.50000 -98.3554
-195.55000 -35.66000 1.50000 -127.9893
-250.94000 -128.50000 1.50000 -149.1960
19.96000 -49.48000 1.50000 -98.4204
-195.55000 -35.66000 1.50000 -128.0172
-250.94000 -128.50000 1.50000 -149.2212
19.96000 -49.48000 1.50000 -98.4852
-195.55000 -35.66000 1.50000 -148.0450
-250.94000 -128.50000 1.50000 -149.2463
19.96000 -49.48000 1.50000 -98.5500
-195.55000 -35.66000 1.50000 -148.0728
-250.94000 -128.50000 1.50000 -149.2713
19.96000 -49.48000 1.50000 -98.6146
-195.55000 -35.66000 1.50000 -148.1004
-250.94000 -128.50000 1.50000 -149.2963
19.96000 -49.48000 1.50000 -98.6792
-195.55000 -35.66000 1.50000 -148.1280
-250.94000 -128.50000 1.50000 -149.3212
19.96000 -49.48000 1.50000 -98.7435
-195.55000 -35.66000 1.50000 -148.1555
-250.94000 -128.50000 1.50000 -149.3460
19.96000 -49.48000 1.50000 -98.8078
-195.55000 -35.66000 1.50000 -148.1829
-250.94000 -128.50000 1.50000 -149.3708
19.96000 -49.48000 1.50000 -98.8719
-195.55000 -35.66000 1.50000 -148.2102
-250.94000 -128.50000 1.50000 -149.3955
19.96000 -49.48000 1.50000 -138.9359
-195.55000 -35.66000 1.50000 -148.2374
-250.94000 -128.50000 1.50000 -149.4201
19.96000 -49.48000 1.50000 -138.9996
-195.55000 -35.66000 1.50000 -148.2646
-250.94000 -128.50000 1.50000 -149.4446
19.96000 -49.48000 1.50000 -139.0633
-195.55000 -35.66000 1.50000 -148.2917
-250.94000 -128.50000 1.50000 -149.4691
19.96000 -49.48000 1.50000 -139.1267
-195.55000 -35.66000 1.50000 -148.3187
-250.94000 -128.50000 1.50000 -149.4935
19.96000 -49.48000 1.50000 -139.1900
-195.55000 -35.66000 1.50000 -148.3456
-250.94000 -128.50000 1.50000 -149.5179
19.96000 -49.48000 1.50000 -139.2531
-195.55000 -35.66000 1.50000 -148.3725
-250.94000 -128.50000 1.50000 -149.5421
19.96000 -49.48000 1.50000 -139.3160
-195.55000 -35.66000 1.50000 -148.3993
-250.94000 -128.50000 1.50000 -149.5663
19.96000 -49.48000 1.50000 -139.3787
-195.55000 -35.66000 1.50000 -148.4260
-250.94000 -128.50000 1.50000 -149.5905
19.96000 -49.48000 1.50000 -139.4412
-195.55000 -35.66000 1.50000 -148.4526
-250.94000 -128.50000 1.50000 -149.6145
19.96000 -49.48000 1.50000 -139.5035
-195.55000 -35.66000 1.50000 -148.4792
-250.94000 -128.50000 1.50000 -149.6385
19.96000 -49.48000 1.50000 -139.5656
-195.55000 -35.66000 1.50000 -148.5056
-250.94000 -128.50000 1.50000 -149.6625
19.96000 -49.48000 1.50000 -139.6274
-195.55000 -35.66000 1.50000 -148.5320
-250.94000 -128.50000 1.50000 -149.6863
19.96000 -49.48000 1.50000 -139.6891
-195.55000 -35.66000 1.50000 -148.5583
-250.94000 -128.50000 1.50000 -149.7101
19.96000 -49.48000 1.50000 -99.7506
-195.55000 -35.66000 1.50000 -148.5846
-250.94000 -128.50000 1.50000 -149.7339
19.96000 -49.48000 1.50000 -99.8118
-195.55000 -35.66000 1.50000 -148.6108
-250.94000 -128.50000 1.50000 -149.7576
19.96000 -49.48000 1.50000 -99.8728
-195.55000 -35.66000 1.50000 -148.6369
-250.94000 -128.50000 1.50000 -149.7812
19.96000 -49.48000 1.50000 -99.9336
-195.55000 -35.66000 1.50000 -148.6629
-250.94000 -128.50000 1.50000 -149.8047
19.96000 -49.48000 1.50000 -99.9941
-195.55000 -35.66000 1.50000 -148.6889
-250.94000 -128.50000 1.50000 -149.8282
19.96000 -49.48000 1.50000 -100.0544
-195.55000 -35.66000 1.50000 -148.7148
-250.94000 -128.50000 1.50000 -149.8516
19.96000 -49.48000 1.50000 -100.0946
-195.55000 -35.66000 1.50000 -148.7214
-250.94000 -128.50000 1.50000 -109.8509
19.96000 -49.48000 1.50000 -100.0348
-195.55000 -35.66000 1.50000 -148.6955
-250.94000 -128.50000 1.50000 -109.8274
19.96000 -49.48000 1.50000 -99.9748
-195.55000 -35.66000 1.50000 -148.6696
-250.94000 -128.50000 1.50000 -109.8040
19.96000 -49.48000 1.50000 -99.9146
-195.55000 -35.66000 1.50000 -148.6436
-250.94000 -128.50000 1.50000 -109.7804
19.96000 -49.48000 1.50000 -99.8542
-195.55000 -35.66000 1.50000 -148.6176
-250.94000 -128.50000 1.50000 -109.7568
19.96000 -49.48000 1.50000 -139.7936
-195.55000 -35.66000 1.50000 -148.5914
-250.94000 -128.50000 1.50000 -109.7331
19.96000 -49.48000 1.50000 -139.7328
-195.55000 -35.66000 1.50000 -148.5652
-250.94000 -128.50000 1.50000 -109.7094
19.96000 -49.48000 1.50000 -139.6717
-195.55000 -35.66000 1.50000 -148.5389
-250.94000 -128.50000 1.50000 -109.6855
19.96000 -49.48000 1.50000 -139.6105
-195.55000 -35.66000 1.50000 -148.5126
-250.94000 -128.50000 1.50000 -109.6617
19.96000 -49.48000 1.50000 -139.5490
-195.55000 -35.66000 1.50000 -148.4861
-250.94000 -128.50000 1.50000 -109.6377
19.96000 -49.48000 1.50000 -139.4874
-195.55000 -35.66000 1.50000 -148.4596
-250.94000 -128.50000 1.50000 -109.6137
19.96000 -49.48000 1.50000 -139.4255
-195.55000 -35.66000 1.50000 -148.4330
-250.94000 -128.50000 1.50000 -109.5897
19.96000 -49.48000 1.50000 -139.3635
-195.55000 -35.66000 1.50000 -148.4064
-250.94000 -128.50000 1.50000 -109.5655
19.96000 -49.48000 1.50000 -139.3013
-195.55000 -35.66000 1.50000 -148.3797
-250.94000 -128.50000 1.50000 -149.5413
19.96000 -49.48000 1.50000 -139.2389
-195.55000 -35.66000 1.50000 -148.3528
-250.94000 -128.50000 1.50000 -149.5170
19.96000 -49.48000 1.50000 -139.1764
-195.55000 -35.66000 1.50000 -148.3260
-250.94000 -128.50000 1.50000 -149.4927
19.96000 -49.48000 1.50000 -139.1136
-195.55000 -35.66000 1.50000 -148.2990
-250.94000 -128.50000 1.50000 -149.4683
19.96000 -49.48000 1.50000 -139.0508
-195.55000 -35.66000 1.50000 -148.2719
-250.94000 -128.50000 1.50000 -149.4438
19.96000 -49.48000 1.50000 -98.9877
-195.55000 -35.66000 1.50000 -148.2448
-250.94000 -128.50000 1.50000 -149.4193
19.96000 -49.48000 1.50000 -98.9245
-195.55000 -35.66000 1.50000 -148.2176
-250.94000 -128.50000 1.50000 -149.3946
19.96000 -49.48000 1.50000 -98.8612
-195.55000 -35.66000 1.50000 -148.1903
-250.94000 -128.50000 1.50000 -149.3699
19.96000 -49.48000 1.50000 -98.7977
-195.55000 -35.66000 1.50000 -148.1630
-250.94000 -128.50000 1.50000 -149.3452
19.96000 -49.48000 1.50000 -98.7342
-195.55000 -35.66000 1.50000 -128.1355
-250.94000 -128.50000 1.50000 -149.3204
19.96000 -49.48000 1.50000 -98.6705
-195.55000 -35.66000 1.50000 -128.1080
-250.94000 -128.50000 1.50000 -149.2955
19.96000 -49.48000 1.50000 -98.6066
-195.55000 -35.66000 1.50000 -128.0804
-250.94000 -128.50000 1.50000 -149.2705
19.96000 -49.48000 1.50000 -98.5427
-195.55000 -35.66000 1.50000 -128.0527
-250.94000 -128.50000 1.50000 -149.2454
19.96000 -49.48000 1.50000 -98.4787
-195.55000 -35.66000 1.50000 -128.0250
-250.94000 -128.50000 1.50000 -149.2203
19.96000 -49.48000 1.50000 -98.4147
-195.55000 -35.66000 1.50000 -127.9971
-250.94000 -128.50000 1.50000 -149.1951
19.96000 -49.48000 1.50000 -78.3505
-195.55000 -35.66000 1.50000 -127.9692
-250.94000 -128.50000 1.50000 -149.1699
19.96000 -49.48000 1.50000 -78.2863
-195.55000 -35.66000 1.50000 -127.9412
-250.94000 -128.50000 1.50000 -149.1445
19.96000 -49.48000 1.50000 -78.2220
-195.55000 -35.66000 1.50000 -127.9131
-250.94000 -128.50000 1.50000 -149.1191
19.96000 -49.48000 1.50000 -78.1578
-195.55000 -35.66000 1.50000 -127.8849
-250.94000 -128.50000 1.50000 -149.0936
19.96000 -49.48000 1.50000 -78.0935
-195.55000 -35.66000 1.50000 -127.8567
-250.94000 -128.50000 1.50000 -149.0681
19.96000 -49.48000 1.50000 -78.0291
-195.55000 -35.66000 1.50000 -127.8283
-250.94000 -128.50000 1.50000 -149.0424
19.96000 -49.48000 1.50000 -77.9648
-195.55000 -35.66000 1.50000 -127.7999
-250.94000 -128.50000 1.50000 -149.0167
19.96000 -49.48000 1.50000 -77.9006
-195.55000 -35.66000 1.50000 -127.7714
-250.94000 -128.50000 1.50000 -148.9910
19.96000 -49.48000 1.50000 -77.8363
-195.55000 -35.66000 1.50000 -127.7428
-250.94000 -128.50000 1.50000 -148.9651
19.96000 -49.48000 1.50000 -77.7721
-195.55000 -35.66000 1.50000 -127.7141
-250.94000 -128.50000 1.50000 -148.9391
19.96000 -49.48000 1.50000 -77.7080
-195.55000 -35.66000 1.50000 -127.6853
-250.94000 -128.50000 1.50000 -148.9131
19.96000 -49.48000 1.50000 -77.6440
-195.55000 -35.66000 1.50000 -107.6564
-250.94000 -128.50000 1.50000 -148.8870
19.96000 -49.48000 1.50000 -77.5800
-195.55000 -35.66000 1.50000 -107.6275
-250.94000 -128.50000 1.50000 -148.8609
19.96000 -49.48000 1.50000 -77.5162
-195.55000 -35.66000 1.50000 -107.5984
-250.94000 -128.50000 1.50000 -148.8346
19.96000 -49.48000 1.50000 -77.4525
-195.55000 -35.66000 1.50000 -107.5693
-250.94000 -128.50000 1.50000 -148.8083
19.96000 -49.48000 1.50000 -57.3890
-195.55000 -35.66000 1.50000 -107.5401
-250.94000 -128.50000 1.50000 -148.7818
19.96000 -49.48000 1.50000 -57.3257
-195.55000 -35.66000 1.50000 -107.5108
-250.94000 -128.50000 1.50000 -148.7554
19.96000 -49.48000 1.50000 -57.2626
-195.55000 -35.66000 1.50000 -107.4814
-250.94000 -128.50000 1.50000 -148.7288
19.96000 -49.48000 1.50000 -57.1998
-195.55000 -35.66000 1.50000 -107.4519
-250.94000 -128.50000 1.50000 -148.7021
19.96000 -49.48000 1.50000 -57.1371
-195.55000 -35.66000 1.50000 -147.4223
-250.94000 -128.50000 1.50000 -148.6754
19.96000 -49.48000 1.50000 -57.0748
-195.55000 -35.66000 1.50000 -147.3927
-250.94000 -128.50000 1.50000 -148.6486
19.96000 -49.48000 1.50000 -57.0128
-195.55000 -35.66000 1.50000 -147.3629
-250.94000 -128.50000 1.50000 -148.6217
19.96000 -49.48000 1.50000 -56.9511
-195.55000 -35.66000 1.50000 -147.3330
-250.94000 -128.50000 1.50000 -148.5947
19.96000 -49.48000 1.50000 -56.8897
-195.55000 -35.66000 1.50000 -147.3031
-250.94000 -128.50000 1.50000 -148.5676
19.96000 -49.48000 1.50000 -56.8288
-195.55000 -35.66000 1.50000 -147.2731
-250.94000 -128.50000 1.50000 -148.5405
19.96000 -49.48000 1.50000 -56.7682
-195.55000 -35.66000 1.50000 -147.2429
-250.94000 -128.50000 1.50000 -148.5132
19.96000 -49.48000 1.50000 -56.7081
-195.55000 -35.66000 1.50000 -147.2127
-250.94000 -128.50000 1.50000 -148.4859
19.96000 -49.48000 1.50000 -56.6485
-195.55000 -35.66000 1.50000 -147.1824
-250.94000 -128.50000 1.50000 -148.4585
19.96000 -49.48000 1.50000 -56.5894
-195.55000 -35.66000 1.50000 -147.1519
-250.94000 -128.50000 1.50000 -148.4310
19.96000 -49.48000 1.50000 -56.6793
-195.55000 -35.66000 1.50000 -147.1615
-250.94000 -128.50000 1.50000 -148.4300
19.96000 -49.48000 1.50000 -56.7372
-195.55000 -35.66000 1.50000 -147.1919
-250.94000 -128.50000 1.50000 -148.4575
19.96000 -49.48000 1.50000 -56.7957
-195.55000 -35.66000 1.50000 -147.2222
-250.94000 -128.50000 1.50000 -148.4849
19.96000 -49.48000 1.50000 -56.8546
-195.55000 -35.66000 1.50000 -147.2523
-250.94000 -128.50000 1.50000 -148.5123
19.96000 -49.48000 1.50000 -56.9139
-195.55000 -35.66000 1.50000 -147.2824
-250.94000 -128.50000 1.50000 -148.5395
19.96000 -49.48000 1.50000 -56.9737
-195.55000 -35.66000 1.50000 -147.3124
-250.94000 -128.50000 1.50000 -148.5667
19.96000 -49.48000 1.50000 -57.0339
-195.55000 -35.66000 1.50000 -147.3423
-250.94000 -128.50000 1.50000 -148.5938
19.96000 -49.48000 1.50000 -57.0945
-195.55000 -35.66000 1.50000 -147.3720
-250.94000 -128.50000 1.50000 -148.6207
19.96000 -49.48000 1.50000 -57.1553
-195.55000 -35.66000 1.50000 -147.4017
-250.94000 -128.50000 1.50000 -148.6477
19.96000 -49.48000 1.50000 -57.2165
-195.55000 -35.66000 1.50000 -147.4314
-250.94000 -128.50000 1.50000 -148.6745
19.96000 -49.48000 1.50000 -57.2780
-195.55000 -35.66000 1.50000 -147.4609
-250.94000 -128.50000 1.50000 -148.7012
19.96000 -49.48000 1.50000 -57.3398
-195.55000 -35.66000 1.50000 -147.4903
-250.94000 -128.50000 1.50000 -148.7279
19.96000 -49.48000 1.50000 -57.4018
-195.55000 -35.66000 1.50000 -147.5196
-250.94000 -128.50000 1.50000 -148.7545
19.96000 -49.48000 1.50000 -57.4640
-195.55000 -35.66000 1.50000 -107.5489
-250.94000 -128.50000 1.50000 -108.7810
19.96000 -49.48000 1.50000 -77.5264
-195.55000 -35.66000 1.50000 -107.5780
-250.94000 -128.50000 1.50000 -108.8074
19.96000 -49.48000 1.50000 -77.5890
-195.55000 -35.66000 1.50000 -107.6071
-250.94000 -128.50000 1.50000 -108.8337
19.96000 -49.48000 1.50000 -77.6518
-195.55000 -35.66000 1.50000 -107.6361
-250.94000 -128.50000 1.50000 -108.8600
19.96000 -49.48000 1.50000 -77.7147
-195.55000 -35.66000 1.50000 -107.6650
-250.94000 -128.50000 1.50000 -108.8862
19.96000 -49.48000 1.50000 -77.7777
-195.55000 -35.66000 1.50000 -107.6938
-250.94000 -128.50000 1.50000 -108.9123
19.96000 -49.48000 1.50000 -77.8408
-195.55000 -35.66000 1.50000 -107.7225
-250.94000 -128.50000 1.50000 -108.9383
19.96000 -49.48000 1.50000 -77.9040
-195.55000 -35.66000 1.50000 -107.7512
-250.94000 -128.50000 1.50000 -108.9642
19.96000 -49.48000 1.50000 -77.9672
-195.55000 -35.66000 1.50000 -107.7797
-250.94000 -128.50000 1.50000 -108.9901
19.96000 -49.48000 1.50000 -78.0306
-195.55000 -35.66000 1.50000 -127.8082
-250.94000 -128.50000 1.50000 -109.0159
19.96000 -49.48000 1.50000 -78.0939
-195.55000 -35.66000 1.50000 -127.8365
-250.94000 -128.50000 1.50000 -109.0416
19.96000 -49.48000 1.50000 -78.1573
-195.55000 -35.66000 1.50000 -127.8648
-250.94000 -128.50000 1.50000 -109.0672
19.96000 -49.48000 1.50000 -78.2206
-195.55000 -35.66000 1.50000 -127.8930
-250.94000 -128.50000 1.50000 -109.0928
19.96000 -49.48000 1.50000 -78.2840
-195.55000 -35.66000 1.50000 -127.9212
-250.94000 -128.50000 1.50000 -109.1183
19.96000 -49.48000 1.50000 -78.3474
-195.55000 -35.66000 1.50000 -127.9492
-250.94000 -128.50000 1.50000 -109.1437
19.96000 -49.48000 1.50000 -78.4107
-195.55000 -35.66000 1.50000 -127.9772
-250.94000 -128.50000 1.50000 -109.1691
19.96000 -49.48000 1.50000 -78.4740
-195.55000 -35.66000 1.50000 -128.0050
-250.94000 -128.50000 1.50000 -109.1943
19.96000 -49.48000 1.50000 -98.5372
-195.55000 -35.66000 1.50000 -128.0328
-250.94000 -128.50000 1.50000 -109.2195
19.96000 -49.48000 1.50000 -98.6003
-195.55000 -35.66000 1.50000 -128.0605
-250.94000 -128.50000 1.50000 -109.2446
19.96000 -49.48000 1.50000 -98.6634
-195.55000 -35.66000 1.50000 -128.0882
-250.94000 -128.50000 1.50000 -109.2697
19.96000 -49.48000 1.50000 -98.7264
-195.55000 -35.66000 1.50000 -128.1157
-250.94000 -128.50000 1.50000 -109.2947
19.96000 -49.48000 1.50000 -98.7893
-195.55000 -35.66000 1.50000 -128.1432
-250.94000 -128.50000 1.50000 -109.3196
19.96000 -49.48000 1.50000 -98.8521
-195.55000 -35.66000 1.50000 -128.1706
-250.94000 -128.50000 1.50000 -109.3444
19.96000 -49.48000 1.50000 -98.9147
-195.55000 -35.66000 1.50000 -128.1979
-250.94000 -128.50000 1.50000 -109.3692
19.96000 -49.48000 1.50000 -98.9773
-195.55000 -35.66000 1.50000 -128.2251
-250.94000 -128.50000 1.50000 -109.3939
19.96000 -49.48000 1.50000 -99.0397
-195.55000 -35.66000 1.50000 -128.2523
-250.94000 -128.50000 1.50000 -109.4185
19.96000 -49.48000 1.50000 -99.1020
-195.55000 -35.66000 1.50000 -148.2794
-250.94000 -128.50000 1.50000 -109.4430
19.96000 -49.48000 1.50000 -99.1642
-195.55000 -35.66000 1.50000 -148.3064
-250.94000 -128.50000 1.50000 -109.4675
19.96000 -49.48000 1.50000 -139.2262
-195.55000 -35.66000 1.50000 -148.3333
-250.94000 -128.50000 1.50000 -109.4919
19.96000 -49.48000 1.50000 -139.2880
-195.55000 -35.66000 1.50000 -148.3601
-250.94000 -128.50000 1.50000 -109.5163
19.96000 -49.48000 1.50000 -139.3497
-195.55000 -35.66000 1.50000 -148.3869
-250.94000 -128.50000 1.50000 -109.5406
19.96000 -49.48000 1.50000 -139.4112
-195.55000 -35.66000 1.50000 -148.4136
-250.94000 -128.50000 1.50000 -109.5648
19.96000 -49.48000 1.50000 -139.4726
-195.55000 -35.66000 1.50000 -148.4402
-250.94000 -128.50000 1.50000 -109.5889
19.96000 -49.48000 1.50000 -139.5338
-195.55000 -35.66000 1.50000 -148.4667
-250.94000 -128.50000 1.50000 -109.6130
19.96000 -49.48000 1.50000 -139.5948
-195.55000 -35.66000 1.50000 -148.4932
-250.94000 -128.50000 1.50000 -109.6370
19.96000 -49.48000 1.50000 -139.6556
-195.55000 -35.66000 1.50000 -148.5196
-250.94000 -128.50000 1.50000 -109.6609
19.96000 -49.48000 1.50000 -139.7162
-195.55000 -35.66000 1.50000 -148.5459
-250.94000 -128.50000 1.50000 -109.6848
19.96000 -49.48000 1.50000 -139.7766
-195.55000 -35.66000 1.50000 -148.5721
-250.94000 -128.50000 1.50000 -109.7086
19.96000 -49.48000 1.50000 -139.8369
-195.55000 -35.66000 1.50000 -148.5983
-250.94000 -128.50000 1.50000 -109.7324
19.96000 -49.48000 1.50000 -139.8969
-195.55000 -35.66000 1.50000 -148.6244
-250.94000 -128.50000 1.50000 -109.7561
19.96000 -49.48000 1.50000 -139.9567
-195.55000 -35.66000 1.50000 -148.6504
-250.94000 -128.50000 1.50000 -109.7797
19.96000 -49.48000 1.50000 -100.0163
-195.55000 -35.66000 1.50000 -148.6764
-250.94000 -128.50000 1.50000 -109.8033
19.96000 -49.48000 1.50000 -100.0757
-195.55000 -35.66000 1.50000 -148.7023
-250.94000 -128.50000 1.50000 -109.8267
19.96000 -49.48000 1.50000 -100.1349
-195.55000 -35.66000 1.50000 -148.7281
-250.94000 -128.50000 1.50000 -109.8502
19.96000 -49.48000 1.50000 -100.1755
-195.55000 -35.66000 1.50000 -148.7348
-250.94000 -128.50000 1.50000 -69.8495
19.96000 -49.48000 1.50000 -100.1169
-195.55000 -35.66000 1.50000 -148.7091
-250.94000 -128.50000 1.50000 -69.8261
19.96000 -49.48000 1.50000 -140.0580
-195.55000 -35.66000 1.50000 -148.6832
-250.94000 -128.50000 1.50000 -69.8026
19.96000 -49.48000 1.50000 -139.9990
-195.55000 -35.66000 1.50000 -148.6573
-250.94000 -128.50000 1.50000 -69.7791
19.96000 -49.48000 1.50000 -139.9397
-195.55000 -35.66000 1.50000 -148.6313
-250.94000 -128.50000 1.50000 -69.7554
19.96000 -49.48000 1.50000 -139.8803
-195.55000 -35.66000 1.50000 -148.6053
-250.94000 -128.50000 1.50000 -69.7317
19.96000 -49.48000 1.50000 -139.8207
-195.55000 -35.66000 1.50000 -148.5792
-250.94000 -128.50000 1.50000 -69.7080
19.96000 -49.48000 1.50000 -139.7609
-195.55000 -35.66000 1.50000 -148.5529
-250.94000 -128.50000 1.50000 -69.6842
19.96000 -49.48000 1.50000 -139.7009
-195.55000 -35.66000 1.50000 -148.5267
-250.94000 -128.50000 1.50000 -69.6603
19.96000 -49.48000 1.50000 -139.6407
-195.55000 -35.66000 1.50000 -148.5003
-250.94000 -128.50000 1.50000 -69.6363
19.96000 -49.48000 1.50000 -139.5803
-195.55000 -35.66000 1.50000 -148.4739
-250.94000 -128.50000 1.50000 -69.6123
19.96000 -49.48000 1.50000 -139.5198
-195.55000 -35.66000 1.50000 -148.4474
-250.94000 -128.50000 1.50000 -69.5882
19.96000 -49.48000 1.50000 -139.4591
-195.55000 -35.66000 1.50000 -148.4209
-250.94000 -128.50000 1.50000 -69.5641
19.96000 -49.48000 1.50000 -139.3983
-195.55000 -35.66000 1.50000 -148.3942
-250.94000 -128.50000 1.50000 -69.5399
19.96000 -49.48000 1.50000 -139.3373
-195.55000 -35.66000 1.50000 -148.3675
-250.94000 -128.50000 1.50000 -69.5156
19.96000 -49.48000 1.50000 -99.2762
-195.55000 -35.66000 1.50000 -128.3407
-250.94000 -128.50000 1.50000 -69.4912
19.96000 -49.48000 1.50000 -99.2149
-195.55000 -35.66000 1.50000 -128.3138
-250.94000 -128.50000 1.50000 -69.4668
19.96000 -49.48000 1.50000 -99.1534
-195.55000 -35.66000 1.50000 -128.2868
-250.94000 -128.50000 1.50000 -69.4423
19.96000 -49.48000 1.50000 -99.0919
-195.55000 -35.66000 1.50000 -128.2598
-250.94000 -128.50000 1.50000 -69.4178
19.96000 -49.48000 1.50000 -99.0302
-195.55000 -35.66000 1.50000 -128.2327
-250.94000 -128.50000 1.50000 -69.3932
19.96000 -49.48000 1.50000 -98.9684
-195.55000 -35.66000 1.50000 -128.2055
-250.94000 -128.50000 1.50000 -69.3685
19.96000 -49.48000 1.50000 -98.9065
-195.55000 -35.66000 1.50000 -128.1783
-250.94000 -128.50000 1.50000 -69.3437
19.96000 -49.48000 1.50000 -98.8445
-195.55000 -35.66000 1.50000 -128.1509
-250.94000 -128.50000 1.50000 -69.3189
19.96000 -49.48000 1.50000 -98.7824
-195.55000 -35.66000 1.50000 -128.1235
-250.94000 -128.50000 1.50000 -69.2939
19.96000 -49.48000 1.50000 -98.7202
-195.55000 -35.66000 1.50000 -128.0960
-250.94000 -128.50000 1.50000 -69.2690
19.96000 -49.48000 1.50000 -98.6580
-195.55000 -35.66000 1.50000 -128.0684
-250.94000 -128.50000 1.50000 -109.2439
19.96000 -49.48000 1.50000 -78.5957
-195.55000 -35.66000 1.50000 -128.0408
-250.94000 -128.50000 1.50000 -109.2188
19.96000 -49.48000 1.50000 -78.5333
-195.55000 -35.66000 1.50000 -128.0130
-250.94000 -128.50000 1.50000 -109.1936
19.96000 -49.48000 1.50000 -78.4709
-195.55000 -35.66000 1.50000 -127.9852
-250.94000 -128.50000 1.50000 -109.1683
19.96000 -49.48000 1.50000 -78.4085
-195.55000 -35.66000 1.50000 -127.9573
-250.94000 -128.50000 1.50000 -109.1430
19.96000 -49.48000 1.50000 -78.3460
-195.55000 -35.66000 1.50000 -127.9293
-250.94000 -128.50000 1.50000 -109.1176
19.96000 -49.48000 1.50000 -78.2835
-195.55000 -35.66000 1.50000 -127.9012
-250.94000 -128.50000 1.50000 -109.0921
19.96000 -49.48000 1.50000 -78.2211
-195.55000 -35.66000 1.50000 -107.8731
-250.94000 -128.50000 1.50000 -109.0665
19.96000 -49.48000 1.50000 -78.1587
-195.55000 -35.66000 1.50000 -107.8448
-250.94000 -128.50000 1.50000 -109.0408
19.96000 -49.48000 1.50000 -78.0963
-195.55000 -35.66000 1.50000 -107.8165
-250.94000 -128.50000 1.50000 -109.0151
19.96000 -49.48000 1.50000 -78.0339
-195.55000 -35.66000 1.50000 -107.7881
-250.94000 -128.50000 1.50000 -108.9893
19.96000 -49.48000 1.50000 -77.9716
-195.55000 -35.66000 1.50000 -107.7596
-250.94000 -128.50000 1.50000 -108.9635
19.96000 -49.48000 1.50000 -77.9094
-195.55000 -35.66000 1.50000 -107.7310
-250.94000 -128.50000 1.50000 -108.9375
19.96000 -49.48000 1.50000 -77.8473
-195.55000 -35.66000 1.50000 -107.7024
-250.94000 -128.50000 1.50000 -108.9115
19.96000 -49.48000 1.50000 -77.7853
-195.55000 -35.66000 1.50000 -107.6736
-250.94000 -128.50000 1.50000 -108.8854
19.96000 -49.48000 1.50000 -77.7234
-195.55000 -35.66000 1.50000 -107.6448
-250.94000 -128.50000 1.50000 -108.8592
19.96000 -49.48000 1.50000 -77.6617
-195.55000 -35.66000 1.50000 -147.6159
-250.94000 -128.50000 1.50000 -108.8329
19.96000 -49.48000 1.50000 -57.6001
-195.55000 -35.66000 1.50000 -147.5869
-250.94000 -128.50000 1.50000 -108.8066
19.96000 -49.48000 1.50000 -57.5388
-195.55000 -35.66000 1.50000 -147.5578
-250.94000 -128.50000 1.50000 -108.7802
19.96000 -49.48000 1.50000 -57.4776
-195.55000 -35.66000 1.50000 -147.5286
-250.94000 -128.50000 1.50000 -108.7537
19.96000 -49.48000 1.50000 -57.4167
-195.55000 -35.66000 1.50000 -147.4993
-250.94000 -128.50000 1.50000 -108.7271
19.96000 -49.48000 1.50000 -57.3560
-195.55000 -35.66000 1.50000 -147.4699
-250.94000 -128.50000 1.50000 -108.7004
19.96000 -49.48000 1.50000 -57.2957
-195.55000 -35.66000 1.50000 -147.4405
-250.94000 -128.50000 1.50000 -108.6737
19.96000 -49.48000 1.50000 -57.2356
-195.55000 -35.66000 1.50000 -147.4109
-250.94000 -128.50000 1.50000 -108.6468
19.96000 -49.48000 1.50000 -57.1758
-195.55000 -35.66000 1.50000 -147.3813
-250.94000 -128.50000 1.50000 -108.6199
19.96000 -49.48000 1.50000 -57.1164
-195.55000 -35.66000 1.50000 -147.3515
-250.94000 -128.50000 1.50000 -108.5929
19.96000 -49.48000 1.50000 -57.0573
-195.55000 -35.66000 1.50000 -147.3217
-250.94000 -128.50000 1.50000 -108.5658
19.96000 -49.48000 1.50000 -56.9987
-195.55000 -35.66000 1.50000 -147.2918
-250.94000 -128.50000 1.50000 -108.5387
19.96000 -49.48000 1.50000 -56.9405
-195.55000 -35.66000 1.50000 -147.2618
-250.94000 -128.50000 1.50000 -108.5114
19.96000 -49.48000 1.50000 -56.8828
-195.55000 -35.66000 1.50000 -147.2317
-250.94000 -128.50000 1.50000 -108.4841
19.96000 -49.48000 1.50000 -56.8255
-195.55000 -35.66000 1.50000 -147.2015
-250.94000 -128.50000 1.50000 -108.4566
19.96000 -49.48000 1.50000 -56.7688
-195.55000 -35.66000 1.50000 -147.1712
-250.94000 -128.50000 1.50000 -108.4291
19.96000 -49.48000 1.50000 -56.7126
-195.55000 -35.66000 1.50000 -147.1408
-250.94000 -128.50000 1.50000 -108.4015
19.96000 -49.48000 1.50000 -56.6569
-195.55000 -35.66000 1.50000 -147.1104
-250.94000 -128.50000 1.50000 -108.3739
19.96000 -49.48000 1.50000 -56.6019
-195.55000 -35.66000 1.50000 -147.0798
-250.94000 -128.50000 1.50000 -108.3461
19.96000 -49.48000 1.50000 -56.5476
-195.55000 -35.66000 1.50000 -147.0491
-250.94000 -128.50000 1.50000 -108.3182
19.96000 -49.48000 1.50000 -56.4939
-195.55000 -35.66000 1.50000 -147.0183
-250.94000 -128.50000 1.50000 -108.2903
19.96000 -49.48000 1.50000 -56.4409
-195.55000 -35.66000 1.50000 -146.9875
-250.94000 -128.50000 1.50000 -108.2622
19.96000 -49.48000 1.50000 -56.3887
-195.55000 -35.66000 1.50000 -146.9565
-250.94000 -128.50000 1.50000 -108.2341
19.96000 -49.48000 1.50000 -56.3373
-195.55000 -35.66000 1.50000 -146.9254
-250.94000 -128.50000 1.50000 -108.2059
19.96000 -49.48000 1.50000 -56.2866
-195.55000 -35.66000 1.50000 -146.8943
-250.94000 -128.50000 1.50000 -108.1775
19.96000 -49.48000 1.50000 -56.2368
-195.55000 -35.66000 1.50000 -146.8630
-250.94000 -128.50000 1.50000 -108.1491
19.96000 -49.48000 1.50000 -56.3372
-195.55000 -35.66000 1.50000 -146.8735
-250.94000 -128.50000 1.50000 -108.1483
19.96000 -49.48000 1.50000 -56.3858
-195.55000 -35.66000 1.50000 -146.9047
-250.94000 -128.50000 1.50000 -108.1767
19.96000 -49.48000 1.50000 -56.4353
-195.55000 -35.66000 1.50000 -146.9358
-250.94000 -128.50000 1.50000 -108.2050
19.96000 -49.48000 1.50000 -56.4856
-195.55000 -35.66000 1.50000 -146.9668
-250.94000 -128.50000 1.50000 -108.2333
19.96000 -49.48000 1.50000 -56.5367
-195.55000 -35.66000 1.50000 -146.9977
-250.94000 -128.50000 1.50000 -108.2614
19.96000 -49.48000 1.50000 -56.5885
-195.55000 -35.66000 1.50000 -147.0285
-250.94000 -128.50000 1.50000 -108.2894
19.96000 -49.48000 1.50000 -56.6410
-195.55000 -35.66000 1.50000 -147.0592
-250.94000 -128.50000 1.50000 -68.3174
19.96000 -49.48000 1.50000 -56.6943
-195.55000 -35.66000 1.50000 -147.0898
-250.94000 -128.50000 1.50000 -68.3453
19.96000 -49.48000 1.50000 -56.7481
-195.55000 -35.66000 1.50000 -147.1203
-250.94000 -128.50000 1.50000 -68.3731
19.96000 -49.48000 1.50000 -56.8026
-195.55000 -35.66000 1.50000 -147.1507
-250.94000 -128.50000 1.50000 -68.4007
19.96000 -49.48000 1.50000 -56.8576
-195.55000 -35.66000 1.50000 -147.1810
-250.94000 -128.50000 1.50000 -68.4284
19.96000 -49.48000 1.50000 -56.9132
-195.55000 -35.66000 1.50000 -147.2112
-250.94000 -128.50000 1.50000 -68.4559
19.96000 -49.48000 1.50000 -56.9693
-195.55000 -35.66000 1.50000 -147.2414
-250.94000 -128.50000 1.50000 -68.4833
19.96000 -49.48000 1.50000 -57.0260
-195.55000 -35.66000 1.50000 -147.2714
-250.94000 -128.50000 1.50000 -68.5106
19.96000 -49.48000 1.50000 -57.0830
-195.55000 -35.66000 1.50000 -147.3013
-250.94000 -128.50000 1.50000 -68.5379
19.96000 -49.48000 1.50000 -57.1406
-195.55000 -35.66000 1.50000 -147.3312
-250.94000 -128.50000 1.50000 -68.5651
19.96000 -49.48000 1.50000 -57.1985
-195.55000 -35.66000 1.50000 -147.3609
-250.94000 -128.50000 1.50000 -68.5921
19.96000 -49.48000 1.50000 -57.2568
-195.55000 -35.66000 1.50000 -147.3906
-250.94000 -128.50000 1.50000 -68.6192
19.96000 -49.48000 1.50000 -57.3155
-195.55000 -35.66000 1.50000 -147.4202
-250.94000 -128.50000 1.50000 -68.6461
19.96000 -49.48000 1.50000 -57.3745
-195.55000 -35.66000 1.50000 -147.4497
-250.94000 -128.50000 1.50000 -68.6729
19.96000 -49.48000 1.50000 -57.4338
-195.55000 -35.66000 1.50000 -147.4791
-250.94000 -128.50000 1.50000 -68.6997
19.96000 -49.48000 1.50000 -57.4934
-195.55000 -35.66000 1.50000 -147.5084
-250.94000 -128.50000 1.50000 -68.7263
19.96000 -49.48000 1.50000 -57.5532
-195.55000 -35.66000 1.50000 -147.5376
-250.94000 -128.50000 1.50000 -68.7529
19.96000 -49.48000 1.50000 -57.6133
-195.55000 -35.66000 1.50000 -147.5667
-250.94000 -128.50000 1.50000 -68.7794
19.96000 -49.48000 1.50000 -57.6737
-195.55000 -35.66000 1.50000 -147.5957
-250.94000 -128.50000 1.50000 -68.8059
19.96000 -49.48000 1.50000 -57.7342
-195.55000 -35.66000 1.50000 -147.6247
-250.94000 -128.50000 1.50000 -68.8322
19.96000 -49.48000 1.50000 -77.7949
-195.55000 -35.66000 1.50000 -147.6536
-250.94000 -128.50000 1.50000 -68.8585
19.96000 -49.48000 1.50000 -77.8558
-195.55000 -35.66000 1.50000 -147.6823
-250.94000 -128.50000 1.50000 -68.8847
19.96000 -49.48000 1.50000 -77.9168
-195.55000 -35.66000 1.50000 -147.7110
-250.94000 -128.50000 1.50000 -68.9108
19.96000 -49.48000 1.50000 -77.9779
-195.55000 -35.66000 1.50000 -147.7396
-250.94000 -128.50000 1.50000 -68.9368
19.96000 -49.48000 1.50000 -78.0391
-195.55000 -35.66000 1.50000 -107.7682
-250.94000 -128.50000 1.50000 -68.9628
19.96000 -49.48000 1.50000 -78.1005
-195.55000 -35.66000 1.50000 -107.7966
-250.94000 -128.50000 1.50000 -68.9886
19.96000 -49.48000 1.50000 -78.1619
-195.55000 -35.66000 1.50000 -107.8250
-250.94000 -128.50000 1.50000 -69.0144
19.96000 -49.48000 1.50000 -78.2234
-195.55000 -35.66000 1.50000 -107.8532
-250.94000 -128.50000 1.50000 -69.0402
19.96000 -49.48000 1.50000 -78.2849
-195.55000 -35.66000 1.50000 -107.8814
-250.94000 -128.50000 1.50000 -69.0658
19.96000 -49.48000 1.50000 -78.3464
-195.55000 -35.66000 1.50000 -107.9095
-250.94000 -128.50000 1.50000 -69.0914
19.96000 -49.48000 1.50000 -78.4080
-195.55000 -35.66000 1.50000 -107.9375
-250.94000 -128.50000 1.50000 -69.1169
19.96000 -49.48000 1.50000 -78.4696
-195.55000 -35.66000 1.50000 -107.9655
-250.94000 -128.50000 1.50000 -69.1423
19.96000 -49.48000 1.50000 -78.5312
-195.55000 -35.66000 1.50000 -107.9933
-250.94000 -128.50000 1.50000 -69.1677
19.96000 -49.48000 1.50000 -78.5927
-195.55000 -35.66000 1.50000 -128.0211
-250.94000 -128.50000 1.50000 -69.1929
19.96000 -49.48000 1.50000 -78.6542
-195.55000 -35.66000 1.50000 -128.0488
-250.94000 -128.50000 1.50000 -69.2181
19.96000 -49.48000 1.50000 -78.7157
-195.55000 -35.66000 1.50000 -128.0764
-250.94000 -128.50000 1.50000 -69.2433
19.96000 -49.48000 1.50000 -98.7772
-195.55000 -35.66000 1.50000 -128.1039
-250.94000 -128.50000 1.50000 -69.2683
19.96000 -49.48000 1.50000 -98.8385
-195.55000 -35.66000 1.50000 -128.1314
-250.94000 -128.50000 1.50000 -69.2933
19.96000 -49.48000 1.50000 -98.8998
-195.55000 -35.66000 1.50000 -128.1587
-250.94000 -128.50000 1.50000 -69.3182
19.96000 -49.48000 1.50000 -98.9611
-195.55000 -35.66000 1.50000 -128.1860
-250.94000 -128.50000 1.50000 -69.3431
19.96000 -49.48000 1.50000 -99.0222
-195.55000 -35.66000 1.50000 -128.2133
-250.94000 -128.50000 1.50000 -69.3678
19.96000 -49.48000 1.50000 -99.0832
-195.55000 -35.66000 1.50000 -128.2404
-250.94000 -128.50000 1.50000 -69.3925
19.96000 -49.48000 1.50000 -99.1442
-195.55000 -35.66000 1.50000 -128.2674
-250.94000 -128.50000 1.50000 -69.4172
19.96000 -49.48000 1.50000 -99.2050
-195.55000 -35.66000 1.50000 -128.2944
-250.94000 -128.50000 1.50000 -69.4417
19.96000 -49.48000 1.50000 -99.2657
-195.55000 -35.66000 1.50000 -128.3213
-250.94000 -128.50000 1.50000 -69.4662
19.96000 -49.48000 1.50000 -99.3263
-195.55000 -35.66000 1.50000 -128.3482
-250.94000 -128.50000 1.50000 -69.4906
19.96000 -49.48000 1.50000 -99.3867
-195.55000 -35.66000 1.50000 -128.3749
-250.94000 -128.50000 1.50000 -69.5150
19.96000 -49.48000 1.50000 -139.4470
-195.55000 -35.66000 1.50000 -128.4016
-250.94000 -128.50000 1.50000 -69.5393
19.96000 -49.48000 1.50000 -139.5072
-195.55000 -35.66000 1.50000 -128.4282
-250.94000 -128.50000 1.50000 -69.5635
19.96000 -49.48000 1.50000 -139.5672
-195.55000 -35.66000 1.50000 -128.4547
-250.94000 -128.50000 1.50000 -69.5876
19.96000 -49.48000 1.50000 -139.6271
-195.55000 -35.66000 1.50000 -148.4812
-250.94000 -128.50000 1.50000 -69.6117
19.96000 -49.48000 1.50000 -139.6868
-195.55000 -35.66000 1.50000 -148.5075
-250.94000 -128.50000 1.50000 -69.6357
19.96000 -49.48000 1.50000 -139.7463
-195.55000 -35.66000 1.50000 -148.5338
-250.94000 -128.50000 1.50000 -69.6597
19.96000 -49.48000 1.50000 -139.8057
-195.55000 -35.66000 1.50000 -148.5601
-250.94000 -128.50000 1.50000 -69.6836
19.96000 -49.48000 1.50000 -139.8649
-195.55000 -35.66000 1.50000 -148.5862
-250.94000 -128.50000 1.50000 -69.7074
19.96000 -49.48000 1.50000 -139.9239
-195.55000 -35.66000 1.50000 -148.6123
-250.94000 -128.50000 1.50000 -69.7312
19.96000 -49.48000 1.50000 -139.9828
-195.55000 -35.66000 1.50000 -148.6383
-250.94000 -128.50000 1.50000 -69.7549
19.96000 -49.48000 1.50000 -140.0414
-195.55000 -35.66000 1.50000 -148.6643
-250.94000 -128.50000 1.50000 -69.7785
19.96000 -49.48000 1.50000 -140.0999
-195.55000 -35.66000 1.50000 -148.6901
-250.94000 -128.50000 1.50000 -69.8020
19.96000 -49.48000 1.50000 -140.1582
-195.55000 -35.66000 1.50000 -148.7159
-250.94000 -128.50000 1.50000 -69.8255
19.96000 -49.48000 1.50000 -140.2163
-195.55000 -35.66000 1.50000 -148.7417
-250.94000 -128.50000 1.50000 -69.8490
19.96000 -49.48000 1.50000 -140.2573
-195.55000 -35.66000 1.50000 -148.7486
-250.94000 -128.50000 1.50000 -69.8485
19.96000 -49.48000 1.50000 -140.1997
-195.55000 -35.66000 1.50000 -148.7229
-250.94000 -128.50000 1.50000 -69.8250
19.96000 -49.48000 1.50000 -140.1420
-195.55000 -35.66000 1.50000 -148.6971
-250.94000 -128.50000 1.50000 -69.8015
19.96000 -49.48000 1.50000 -140.0841
-195.55000 -35.66000 1.50000 -148.6713
-250.94000 -128.50000 1.50000 -69.7780
19.96000 -49.48000 1.50000 -140.0260
-195.55000 -35.66000 1.50000 -148.6454
-250.94000 -128.50000 1.50000 -69.7543
19.96000 -49.48000 1.50000 -139.9678
-195.55000 -35.66000 1.50000 -148.6194
-250.94000 -128.50000 1.50000 -69.7306
19.96000 -49.48000 1.50000 -139.9093
-195.55000 -35.66000 1.50000 -148.5934
-250.94000 -128.50000 1.50000 -69.7069
19.96000 -49.48000 1.50000 -139.8507
-195.55000 -35.66000 1.50000 -128.5673
-250.94000 -128.50000 1.50000 -69.6831
19.96000 -49.48000 1.50000 -139.7920
-195.55000 -35.66000 1.50000 -128.5411
-250.94000 -128.50000 1.50000 -69.6592
19.96000 -49.48000 1.50000 -139.7331
-195.55000 -35.66000 1.50000 -128.5148
-250.94000 -128.50000 1.50000 -69.6352
19.96000 -49.48000 1.50000 -139.6740
-195.55000 -35.66000 1.50000 -128.4885
-250.94000 -128.50000 1.50000 -69.6112
19.96000 -49.48000 1.50000 -139.6148
-195.55000 -35.66000 1.50000 -128.4621
-250.94000 -128.50000 1.50000 -69.5871
19.96000 -49.48000 1.50000 -139.5554
-195.55000 -35.66000 1.50000 -128.4356
-250.94000 -128.50000 1.50000 -69.5630
19.96000 -49.48000 1.50000 -99.4959
-195.55000 -35.66000 1.50000 -128.4091
-250.94000 -128.50000 1.50000 -69.5387
19.96000 -49.48000 1.50000 -99.4363
-195.55000 -35.66000 1.50000 -128.3824
-250.94000 -128.50000 1.50000 -69.5144
19.96000 -49.48000 1.50000 -99.3765
-195.55000 -35.66000 1.50000 -128.3557
-250.94000 -128.50000 1.50000 -69.4901
19.96000 -49.48000 1.50000 -99.3166
-195.55000 -35.66000 1.50000 -128.3289
-250.94000 -128.50000 1.50000 -69.4657
19.96000 -49.48000 1.50000 -99.2567
-195.55000 -35.66000 1.50000 -128.3021
-250.94000 -128.50000 1.50000 -69.4412
19.96000 -49.48000 1.50000 -99.1965
-195.55000 -35.66000 1.50000 -128.2751
-250.94000 -128.50000 1.50000 -69.4166
19.96000 -49.48000 1.50000 -99.1364
-195.55000 -35.66000 1.50000 -128.2481
-250.94000 -128.50000 1.50000 -69.3920
19.96000 -49.48000 1.50000 -99.0761
-195.55000 -35.66000 1.50000 -128.2210
-250.94000 -128.50000 1.50000 -69.3673
19.96000 -49.48000 1.50000 -99.0157
-195.55000 -35.66000 1.50000 -128.1939
-250.94000 -128.50000 1.50000 -69.3425
19.96000 -49.48000 1.50000 -98.9552
-195.55000 -35.66000 1.50000 -128.1666
-250.94000 -128.50000 1.50000 -69.3176
19.96000 -49.48000 1.50000 -98.8947
-195.55000 -35.66000 1.50000 -128.1393
-250.94000 -128.50000 1.50000 -69.2927
19.96000 -49.48000 1.50000 -78.8341
-195.55000 -35.66000 1.50000 -128.1119
-250.94000 -128.50000 1.50000 -69.2677
19.96000 -49.48000 1.50000 -78.7735
-195.55000 -35.66000 1.50000 -108.0844
-250.94000 -128.50000 1.50000 -69.2427
19.96000 -49.48000 1.50000 -78.7128
-195.55000 -35.66000 1.50000 -108.0569
-250.94000 -128.50000 1.50000 -69.2175
19.96000 -49.48000 1.50000 -78.6521
-195.55000 -35.66000 1.50000 -108.0292
-250.94000 -128.50000 1.50000 -69.1923
19.96000 -49.48000 1.50000 -78.5914
-195.55000 -35.66000 1.50000 -108.0015
-250.94000 -128.50000 1.50000 -69.1671
19.96000 -49.48000 1.50000 -78.5307
-195.55000 -35.66000 1.50000 -107.9737
-250.94000 -128.50000 1.50000 -69.1417
19.96000 -49.48000 1.50000 -78.4700
-195.55000 -35.66000 1.50000 -107.9458
-250.94000 -128.50000 1.50000 -69.1163
19.96000 -49.48000 1.50000 -78.4093
-195.55000 -35.66000 1.50000 -107.9179
-250.94000 -128.50000 1.50000 -69.0908
19.96000 -49.48000 1.50000 -78.3486
-195.55000 -35.66000 1.50000 -107.8898
-250.94000 -128.50000 1.50000 -69.0652
19.96000 -49.48000 1.50000 -78.2880
-195.55000 -35.66000 1.50000 -107.8617
-250.94000 -128.50000 1.50000 -69.0396
19.96000 -49.48000 1.50000 -78.2275
-195.55000 -35.66000 1.50000 -147.8335
-250.94000 -128.50000 1.50000 -69.0138
19.96000 -49.48000 1.50000 -78.1670
-195.55000 -35.66000 1.50000 -147.8052
-250.94000 -128.50000 1.50000 -68.9880
19.96000 -49.48000 1.50000 -78.1066
-195.55000 -35.66000 1.50000 -147.7768
-250.94000 -128.50000 1.50000 -68.9621
19.96000 -49.48000 1.50000 -78.0463
-195.55000 -35.66000 1.50000 -147.7483
-250.94000 -128.50000 1.50000 -68.9362
19.96000 -49.48000 1.50000 -77.9861
-195.55000 -35.66000 1.50000 -147.7198
-250.94000 -128.50000 1.50000 -68.9101
19.96000 -49.48000 1.50000 -77.9261
-195.55000 -35.66000 1.50000 -147.6911
-250.94000 -128.50000 1.50000 -68.8840
19.96000 -49.48000 1.50000 -57.8662
-195.55000 -35.66000 1.50000 -147.6624
-250.94000 -128.50000 1.50000 -68.8578
19.96000 -49.48000 1.50000 -57.8065
-195.55000 -35.66000 1.50000 -147.6336
-250.94000 -128.50000 1.50000 -68.8316
19.96000 -49.48000 1.50000 -57.7470
-195.55000 -35.66000 1.50000 -147.6047
-250.94000 -128.50000 1.50000 -68.8052
19.96000 -49.48000 1.50000 -57.6877
-195.55000 -35.66000 1.50000 -147.5758
-250.94000 -128.50000 1.50000 -68.7788
19.96000 -49.48000 1.50000 -57.6286
-195.55000 -35.66000 1.50000 -147.5467
-250.94000 -128.50000 1.50000 -68.7523
19.96000 -49.48000 1.50000 -57.5698
-195.55000 -35.66000 1.50000 -147.5175
-250.94000 -128.50000 1.50000 -68.7257
19.96000 -49.48000 1.50000 -57.5112
-195.55000 -35.66000 1.50000 -147.4883
-250.94000 -128.50000 1.50000 -68.6990
19.96000 -49.48000 1.50000 -57.4530
-195.55000 -35.66000 1.50000 -147.4590
-250.94000 -128.50000 1.50000 -68.6722
19.96000 -49.48000 1.50000 -57.3950
-195.55000 -35.66000 1.50000 -147.4295
-250.94000 -128.50000 1.50000 -68.6454
19.96000 -49.48000 1.50000 -57.3374
-195.55000 -35.66000 1.50000 -147.4000
-250.94000 -128.50000 1.50000 -68.6185
19.96000 -49.48000 1.50000 -57.2802
-195.55000 -35.66000 1.50000 -147.3704
-250.94000 -128.50000 1.50000 -68.5915
19.96000 -49.48000 1.50000 -57.2234
-195.55000 -35.66000 1.50000 -147.3407
-250.94000 -128.50000 1.50000 -68.5644
19.96000 -49.48000 1.50000 -57.1669
-195.55000 -35.66000 1.50000 -147.3109
-250.94000 -128.50000 1.50000 -68.5372
19.96000 -49.48000 1.50000 -57.1110
-195.55000 -35.66000 1.50000 -147.2811
-250.94000 -128.50000 1.50000 -68.5099
19.96000 -49.48000 1.50000 -57.0555
-195.55000 -35.66000 1.50000 -147.2511
-250.94000 -128.50000 1.50000 -68.4826
19.96000 -49.48000 1.50000 -57.0004
-195.55000 -35.66000 1.50000 -147.2210
-250.94000 -128.50000 1.50000 -68.4552
19.96000 -49.48000 1.50000 -56.9459
-195.55000 -35.66000 1.50000 -147.1909
-250.94000 -128.50000 1.50000 -68.4277
19.96000 -49.48000 1.50000 -56.8920
-195.55000 -35.66000 1.50000 -147.1606
-250.94000 -128.50000 1.50000 -68.4000
19.96000 -49.48000 1.50000 -56.8387
-195.55000 -35.66000 1.50000 -147.1303
-250.94000 -128.50000 1.50000 -68.3723
19.96000 -49.48000 1.50000 -56.7859
-195.55000 -35.66000 1.50000 -147.0999
-250.94000 -128.50000 1.50000 -68.3446
19.96000 -49.48000 1.50000 -56.7338
-195.55000 -35.66000 1.50000 -147.0693
-250.94000 -128.50000 1.50000 -68.3167
19.96000 -49.48000 1.50000 -56.6824
-195.55000 -35.66000 1.50000 -147.0387
-250.94000 -128.50000 1.50000 -68.2887
19.96000 -49.48000 1.50000 -56.6317
-195.55000 -35.66000 1.50000 -147.0080
-250.94000 -128.50000 1.50000 -68.2607
19.96000 -49.48000 1.50000 -56.5817
-195.55000 -35.66000 1.50000 -146.9772
-250.94000 -128.50000 1.50000 -68.2325
19.96000 -49.48000 1.50000 -56.5325
-195.55000 -35.66000 1.50000 -146.9463
-250.94000 -128.50000 1.50000 -68.2043
19.96000 -49.48000 1.50000 -56.4842
-195.55000 -35.66000 1.50000 -146.9152
-250.94000 -128.50000 1.50000 -68.1760
19.96000 -49.48000 1.50000 -56.4366
-195.55000 -35.66000 1.50000 -186.8841
-250.94000 -128.50000 1.50000 -68.1475
19.96000 -49.48000 1.50000 -56.5352
-195.55000 -35.66000 1.50000 -186.8948
-250.94000 -128.50000 1.50000 -68.1469
19.96000 -49.48000 1.50000 -56.5817
-195.55000 -35.66000 1.50000 -186.9259
-250.94000 -128.50000 1.50000 -68.1753
19.96000 -49.48000 1.50000 -56.6290
-195.55000 -35.66000 1.50000 -186.9568
-250.94000 -128.50000 1.50000 -68.2037
19.96000 -49.48000 1.50000 -56.6771
-195.55000 -35.66000 1.50000 -186.9876
-250.94000 -128.50000 1.50000 -68.2319
19.96000 -49.48000 1.50000 -56.7260
-195.55000 -35.66000 1.50000 -147.0184
-250.94000 -128.50000 1.50000 -68.2600
19.96000 -49.48000 1.50000 -56.7756
-195.55000 -35.66000 1.50000 -147.0490
-250.94000 -128.50000 1.50000 -68.2881
19.96000 -49.48000 1.50000 -56.8260
-195.55000 -35.66000 1.50000 -147.0796
-250.94000 -128.50000 1.50000 -68.3161
19.96000 -49.48000 1.50000 -56.8770
-195.55000 -35.66000 1.50000 -147.1101
-250.94000 -128.50000 1.50000 -68.3439
19.96000 -49.48000 1.50000 -56.9286
-195.55000 -35.66000 1.50000 -147.1404
-250.94000 -128.50000 1.50000 -68.3717
19.96000 -49.48000 1.50000 -56.9809
-195.55000 -35.66000 1.50000 -147.1707
-250.94000 -128.50000 1.50000 -68.3994
19.96000 -49.48000 1.50000 -57.0337
-195.55000 -35.66000 1.50000 -147.2009
-250.94000 -128.50000 1.50000 -68.4270
19.96000 -49.48000 1.50000 -57.0871
-195.55000 -35.66000 1.50000 -147.2310
-250.94000 -128.50000 1.50000 -68.4546
19.96000 -49.48000 1.50000 -57.1411
-195.55000 -35.66000 1.50000 -147.2609
-250.94000 -128.50000 1.50000 -68.4820
19.96000 -49.48000 1.50000 -57.1955
-195.55000 -35.66000 1.50000 -147.2908
-250.94000 -128.50000 1.50000 -68.5093
19.96000 -49.48000 1.50000 -57.2504
-195.55000 -35.66000 1.50000 -147.3206
-250.94000 -128.50000 1.50000 -68.5366
19.96000 -49.48000 1.50000 -57.3057
-195.55000 -35.66000 1.50000 -147.3504
-250.94000 -128.50000 1.50000 -68.5638
19.96000 -49.48000 1.50000 -57.3615
-195.55000 -35.66000 1.50000 -147.3800
-250.94000 -128.50000 1.50000 -68.5909
19.96000 -49.48000 1.50000 -57.4177
-195.55000 -35.66000 1.50000 -147.4095
-250.94000 -128.50000 1.50000 -68.6179
19.96000 -49.48000 1.50000 -57.4743
-195.55000 -35.66000 1.50000 -147.4390
-250.94000 -128.50000 1.50000 -68.6448
19.96000 -49.48000 1.50000 -57.5311
-195.55000 -35.66000 1.50000 -147.4683
-250.94000 -128.50000 1.50000 -68.6717
19.96000 -49.48000 1.50000 -57.5884
-195.55000 -35.66000 1.50000 -147.4976
-250.94000 -128.50000 1.50000 -68.6984
19.96000 -49.48000 1.50000 -57.6459
-195.55000 -35.66000 1.50000 -147.5268
-250.94000 -128.50000 1.50000 -68.7251
19.96000 -49.48000 1.50000 -57.7037
-195.55000 -35.66000 1.50000 -147.5559
-250.94000 -128.50000 1.50000 -68.7517
19.96000 -49.48000 1.50000 -57.7618
-195.55000 -35.66000 1.50000 -147.5849
-250.94000 -128.50000 1.50000 -68.7782
19.96000 -49.48000 1.50000 -57.8201
-195.55000 -35.66000 1.50000 -147.6138
-250.94000 -128.50000 1.50000 -68.8047
19.96000 -49.48000 1.50000 -57.8786
-195.55000 -35.66000 1.50000 -147.6426
-250.94000 -128.50000 1.50000 -68.8310
19.96000 -49.48000 1.50000 -57.9373
-195.55000 -35.66000 1.50000 -147.6714
-250.94000 -128.50000 1.50000 -68.8573
19.96000 -49.48000 1.50000 -57.9963
-195.55000 -35.66000 1.50000 -147.7000
-250.94000 -128.50000 1.50000 -68.8835
19.96000 -49.48000 1.50000 -78.0553
-195.55000 -35.66000 1.50000 -147.7286
-250.94000 -128.50000 1.50000 -68.9096
19.96000 -49.48000 1.50000 -78.1146
-195.55000 -35.66000 1.50000 -147.7571
-250.94000 -128.50000 1.50000 -68.9356
19.96000 -49.48000 1.50000 -78.1739
-195.55000 -35.66000 1.50000 -147.7855
-250.94000 -128.50000 1.50000 -68.9616
19.96000 -49.48000 1.50000 -78.2334
-195.55000 -35.66000 1.50000 -147.8138
-250.94000 -128.50000 1.50000 -68.9875
19.96000 -49.48000 1.50000 -78.2930
-195.55000 -35.66000 1.50000 -147.8421
-250.94000 -128.50000 1.50000 -69.0133
19.96000 -49.48000 1.50000 -78.3526
-195.55000 -35.66000 1.50000 -147.8702
-250.94000 -128.50000 1.50000 -69.0390
19.96000 -49.48000 1.50000 -78.4124
-195.55000 -35.66000 1.50000 -147.8983
-250.94000 -128.50000 1.50000 -69.0647
19.96000 -49.48000 1.50000 -78.4722
-195.55000 -35.66000 1.50000 -147.9263
-250.94000 -128.50000 1.50000 -69.0903
19.96000 -49.48000 1.50000 -78.5320
-195.55000 -35.66000 1.50000 -107.9542
-250.94000 -128.50000 1.50000 -69.1158
19.96000 -49.48000 1.50000 -78.5918
-195.55000 -35.66000 1.50000 -107.9820
-250.94000 -128.50000 1.50000 -69.1412
19.96000 -49.48000 1.50000 -78.6517
-195.55000 -35.66000 1.50000 -108.0098
-250.94000 -128.50000 1.50000 -69.1665
19.96000 -49.48000 1.50000 -78.7116
-195.55000 -35.66000 1.50000 -108.0375
-250.94000 -128.50000 1.50000 -69.1918
19.96000 -49.48000 1.50000 -78.7715
-195.55000 -35.66000 1.50000 -108.0650
-250.94000 -128.50000 1.50000 -69.2170
19.96000 -49.48000 1.50000 -78.8313
-195.55000 -35.66000 1.50000 -108.0926
-250.94000 -128.50000 1.50000 -69.2422
19.96000 -49.48000 1.50000 -78.8912
-195.55000 -35.66000 1.50000 -108.1200
-250.94000 -128.50000 1.50000 -69.2672
19.96000 -49.48000 1.50000 -78.9510
-195.55000 -35.66000 1.50000 -108.1473
-250.94000 -128.50000 1.50000 -69.2922
19.96000 -49.48000 1.50000 -99.0107
-195.55000 -35.66000 1.50000 -108.1746
-250.94000 -128.50000 1.50000 -69.3171
19.96000 -49.48000 1.50000 -99.0704
-195.55000 -35.66000 1.50000 -128.2018
-250.94000 -128.50000 1.50000 -69.3420
19.96000 -49.48000 1.50000 -99.1300
-195.55000 -35.66000 1.50000 -128.2289
-250.94000 -128.50000 1.50000 -69.3668
19.96000 -49.48000 1.50000 -99.1896
-195.55000 -35.66000 1.50000 -128.2560
-250.94000 -128.50000 1.50000 -69.3915
19.96000 -49.48000 1.50000 -99.2490
-195.55000 -35.66000 1.50000 -128.2829
-250.94000 -128.50000 1.50000 -69.4161
19.96000 -49.48000 1.50000 -99.3084
-195.55000 -35.66000 1.50000 -128.3098
-250.94000 -128.50000 1.50000 -69.4407
19.96000 -49.48000 1.50000 -99.3677
-195.55000 -35.66000 1.50000 -128.3366
-250.94000 -128.50000 1.50000 -69.4652
19.96000 -49.48000 1.50000 -99.4269
-195.55000 -35.66000 1.50000 -128.3633
-250.94000 -128.50000 1.50000 -69.4896
19.96000 -49.48000 1.50000 -99.4860
-195.55000 -35.66000 1.50000 -128.3900
-250.94000 -128.50000 1.50000 -69.5140
19.96000 -49.48000 1.50000 -99.5449
-195.55000 -35.66000 1.50000 -128.4166
-250.94000 -128.50000 1.50000 -69.5383
19.96000 -49.48000 1.50000 -99.6038
-195.55000 -35.66000 1.50000 -128.4431
-250.94000 -128.50000 1.50000 -69.5625
19.96000 -49.48000 1.50000 -99.6625
-195.55000 -35.66000 1.50000 -128.4695
-250.94000 -128.50000 1.50000 -69.5866
19.96000 -49.48000 1.50000 -139.7210
-195.55000 -35.66000 1.50000 -128.4959
-250.94000 -128.50000 1.50000 -69.6107
19.96000 -49.48000 1.50000 -139.7795
-195.55000 -35.66000 1.50000 -128.5222
-250.94000 -128.50000 1.50000 -109.6348
19.96000 -49.48000 1.50000 -139.8378
-195.55000 -35.66000 1.50000 -128.5484
-250.94000 -128.50000 1.50000 -109.6587
19.96000 -49.48000 1.50000 -139.8959
-195.55000 -35.66000 1.50000 -128.5745
-250.94000 -128.50000 1.50000 -109.6826
19.96000 -49.48000 1.50000 -139.9539
-195.55000 -35.66000 1.50000 -128.6006
-250.94000 -128.50000 1.50000 -109.7064
19.96000 -49.48000 1.50000 -140.0117
-195.55000 -35.66000 1.50000 -128.6266
-250.94000 -128.50000 1.50000 -109.7302
19.96000 -49.48000 1.50000 -140.0694
-195.55000 -35.66000 1.50000 -128.6525
-250.94000 -128.50000 1.50000 -109.7539
19.96000 -49.48000 1.50000 -140.1269
-195.55000 -35.66000 1.50000 -148.6784
-250.94000 -128.50000 1.50000 -109.7775
19.96000 -49.48000 1.50000 -140.1843
-195.55000 -35.66000 1.50000 -148.7042
-250.94000 -128.50000 1.50000 -109.8011
19.96000 -49.48000 1.50000 -140.2415
-195.55000 -35.66000 1.50000 -148.7299
-250.94000 -128.50000 1.50000 -109.8246
19.96000 -49.48000 1.50000 -140.2984
-195.55000 -35.66000 1.50000 -148.7555
-250.94000 -128.50000 1.50000 -109.8480
19.96000 -49.48000 1.50000 -140.3398
-195.55000 -35.66000 1.50000 -128.7626
-250.94000 -128.50000 1.50000 -109.8476
19.96000 -49.48000 1.50000 -140.2833
-195.55000 -35.66000 1.50000 -128.7370
-250.94000 -128.50000 1.50000 -109.8242
19.96000 -49.48000 1.50000 -140.2267
-195.55000 -35.66000 1.50000 -128.7113
-250.94000 -128.50000 1.50000 -109.8007
19.96000 -49.48000 1.50000 -140.1699
-195.55000 -35.66000 1.50000 -128.6856
-250.94000 -128.50000 1.50000 -109.7771
19.96000 -49.48000 1.50000 -140.1130
-195.55000 -35.66000 1.50000 -128.6597
-250.94000 -128.50000 1.50000 -109.7535
19.96000 -49.48000 1.50000 -140.0559
-195.55000 -35.66000 1.50000 -128.6339
-250.94000 -128.50000 1.50000 -109.7298
19.96000 -49.48000 1.50000 -139.9986
-195.55000 -35.66000 1.50000 -128.6079
-250.94000 -128.50000 1.50000 -109.7060
19.96000 -49.48000 1.50000 -139.9413
-195.55000 -35.66000 1.50000 -128.5819
-250.94000 -128.50000 1.50000 -109.6822
19.96000 -49.48000 1.50000 -139.8837
-195.55000 -35.66000 1.50000 -128.5558
-250.94000 -128.50000 1.50000 -109.6583
19.96000 -49.48000 1.50000 -139.8260
-195.55000 -35.66000 1.50000 -128.5296
-250.94000 -128.50000 1.50000 -109.6344
19.96000 -49.48000 1.50000 -99.7682
-195.55000 -35.66000 1.50000 -128.5034
-250.94000 -128.50000 1.50000 -109.6103
19.96000 -49.48000 1.50000 -99.7103
-195.55000 -35.66000 1.50000 -128.4771
-250.94000 -128.50000 1.50000 -109.5862
19.96000 -49.48000 1.50000 -99.6522
-195.55000 -35.66000 1.50000 -128.4507
-250.94000 -128.50000 1.50000 -109.5621
19.96000 -49.48000 1.50000 -99.5941
-195.55000 -35.66000 1.50000 -128.4242
-250.94000 -128.50000 1.50000 -109.5378
19.96000 -49.48000 1.50000 -99.5358
-195.55000 -35.66000 1.50000 -128.3977
-250.94000 -128.50000 1.50000 -109.5136
19.96000 -49.48000 1.50000 -99.4774
-195.55000 -35.66000 1.50000 -128.3711
-250.94000 -128.50000 1.50000 -109.4892
19.96000 -49.48000 1.50000 -99.4189
-195.55000 -35.66000 1.50000 -128.3444
-250.94000 -128.50000 1.50000 -109.4648
19.96000 -49.48000 1.50000 -99.3603
-195.55000 -35.66000 1.50000 -128.3176
-250.94000 -128.50000 1.50000 -109.4403
19.96000 -49.48000 1.50000 -99.3016
-195.55000 -35.66000 1.50000 -108.2908
-250.94000 -128.50000 1.50000 -109.4157
19.96000 -49.48000 1.50000 -99.2429
-195.55000 -35.66000 1.50000 -108.2639
-250.94000 -128.50000 1.50000 -109.3911
19.96000 -49.48000 1.50000 -99.1840
-195.55000 -35.66000 1.50000 -108.2369
-250.94000 -128.50000 1.50000 -109.3663
19.96000 -49.48000 1.50000 -99.1252
-195.55000 -35.66000 1.50000 -108.2098
-250.94000 -128.50000 1.50000 -109.3416
19.96000 -49.48000 1.50000 -79.0662
-195.55000 -35.66000 1.50000 -108.1827
-250.94000 -128.50000 1.50000 -109.3167
19.96000 -49.48000 1.50000 -79.0072
-195.55000 -35.66000 1.50000 -108.1554
-250.94000 -128.50000 1.50000 -109.2918
19.96000 -49.48000 1.50000 -78.9482
-195.55000 -35.66000 1.50000 -108.1281
-250.94000 -128.50000 1.50000 -109.2668
19.96000 -49.48000 1.50000 -78.8892
-195.55000 -35.66000 1.50000 -108.1008
-250.94000 -128.50000 1.50000 -109.2417
19.96000 -49.48000 1.50000 -78.8301
-195.55000 -35.66000 1.50000 -108.0733
-250.94000 -128.50000 1.50000 -109.2166
19.96000 -49.48000 1.50000 -78.7710
-195.55000 -35.66000 1.50000 -148.0458
-250.94000 -128.50000 1.50000 -109.1914
19.96000 -49.48000 1.50000 -78.7120
-195.55000 -35.66000 1.50000 -148.0182
-250.94000 -128.50000 1.50000 -109.1661
19.96000 -49.48000 1.50000 -78.6529
-195.55000 -35.66000 1.50000 -147.9904
-250.94000 -128.50000 1.50000 -109.1407
19.96000 -49.48000 1.50000 -78.5939
-195.55000 -35.66000 1.50000 -147.9627
-250.94000 -128.50000 1.50000 -109.1153
19.96000 -49.48000 1.50000 -78.5350
-195.55000 -35.66000 1.50000 -147.9348
-250.94000 -128.50000 1.50000 -109.0898
19.96000 -49.48000 1.50000 -78.4760
-195.55000 -35.66000 1.50000 -147.9069
-250.94000 -128.50000 1.50000 -109.0642
19.96000 -49.48000 1.50000 -78.4172
-195.55000 -35.66000 1.50000 -147.8789
-250.94000 -128.50000 1.50000 -109.0386
19.96000 -49.48000 1.50000 -78.3584
-195.55000 -35.66000 1.50000 -147.8508
-250.94000 -128.50000 1.50000 -109.0128
19.96000 -49.48000 1.50000 -78.2997
-195.55000 -35.66000 1.50000 -147.8226
-250.94000 -128.50000 1.50000 -108.9870
19.96000 -49.48000 1.50000 -78.2412
-195.55000 -35.66000 1.50000 -147.7943
-250.94000 -128.50000 1.50000 -108.9611
19.96000 -49.48000 1.50000 -78.1827
-195.55000 -35.66000 1.50000 -147.7660
-250.94000 -128.50000 1.50000 -108.9352
19.96000 -49.48000 1.50000 -58.1244
-195.55000 -35.66000 1.50000 -147.7375
-250.94000 -128.50000 1.50000 -108.9091
19.96000 -49.48000 1.50000 -58.0663
-195.55000 -35.66000 1.50000 -147.7090
-250.94000 -128.50000 1.50000 -108.8830
19.96000 -49.48000 1.50000 -58.0083
-195.55000 -35.66000 1.50000 -147.6804
-250.94000 -128.50000 1.50000 -108.8568
19.96000 -49.48000 1.50000 -57.9505
-195.55000 -35.66000 1.50000 -147.6517
-250.94000 -128.50000 1.50000 -108.8305
19.96000 -49.48000 1.50000 -57.8930
-195.55000 -35.66000 1.50000 -147.6230
-250.94000 -128.50000 1.50000 -108.8042
19.96000 -49.48000 1.50000 -57.8356
-195.55000 -35.66000 1.50000 -147.5941
-250.94000 -128.50000 1.50000 -108.7777
19.96000 -49.48000 1.50000 -57.7786
-195.55000 -35.66000 1.50000 -147.5652
-250.94000 -128.50000 1.50000 -108.7512
19.96000 -49.48000 1.50000 -57.7217
-195.55000 -35.66000 1.50000 -147.5361
-250.94000 -128.50000 1.50000 -108.7246
19.96000 -49.48000 1.50000 -57.6652
-195.55000 -35.66000 1.50000 -147.5070
-250.94000 -128.50000 1.50000 -108.6979
19.96000 -49.48000 1.50000 -57.6090
-195.55000 -35.66000 1.50000 -147.4778
-250.94000 -128.50000 1.50000 -108.6712
19.96000 -49.48000 1.50000 -57.5531
-195.55000 -35.66000 1.50000 -147.4485
-250.94000 -128.50000 1.50000 -108.6443
19.96000 -49.48000 1.50000 -57.4976
-195.55000 -35.66000 1.50000 -147.4191
-250.94000 -128.50000 1.50000 -108.6174
19.96000 -49.48000 1.50000 -57.4425
-195.55000 -35.66000 1.50000 -147.3897
-250.94000 -128.50000 1.50000 -108.5904
19.96000 -49.48000 1.50000 -57.3877
-195.55000 -35.66000 1.50000 -147.3601
-250.94000 -128.50000 1.50000 -108.5633
19.96000 -49.48000 1.50000 -57.3334
-195.55000 -35.66000 1.50000 -147.3304
-250.94000 -128.50000 1.50000 -108.5361
19.96000 -49.48000 1.50000 -57.2795
-195.55000 -35.66000 1.50000 -147.3007
-250.94000 -128.50000 1.50000 -108.5088
19.96000 -49.48000 1.50000 -57.2262
-195.55000 -35.66000 1.50000 -147.2709
-250.94000 -128.50000 1.50000 -108.4815
19.96000 -49.48000 1.50000 -57.1733
-195.55000 -35.66000 1.50000 -147.2410
-250.94000 -128.50000 1.50000 -108.4540
19.96000 -49.48000 1.50000 -57.1209
-195.55000 -35.66000 1.50000 -147.2109
-250.94000 -128.50000 1.50000 -108.4265
19.96000 -49.48000 1.50000 -57.0691
-195.55000 -35.66000 1.50000 -147.1808
-250.94000 -128.50000 1.50000 -108.3989
19.96000 -49.48000 1.50000 -57.0179
-195.55000 -35.66000 1.50000 -147.1506
-250.94000 -128.50000 1.50000 -108.3712
19.96000 -49.48000 1.50000 -56.9673
-195.55000 -35.66000 1.50000 -147.1203
-250.94000 -128.50000 1.50000 -108.3434
19.96000 -49.48000 1.50000 -56.9174
-195.55000 -35.66000 1.50000 -187.0900
-250.94000 -128.50000 1.50000 -108.3155
19.96000 -49.48000 1.50000 -56.8681
-195.55000 -35.66000 1.50000 -187.0595
-250.94000 -128.50000 1.50000 -108.2876
19.96000 -49.48000 1.50000 -56.8195
-195.55000 -35.66000 1.50000 -187.0289
-250.94000 -128.50000 1.50000 -108.2595
19.96000 -49.48000 1.50000 -56.7717
-195.55000 -35.66000 1.50000 -186.9982
-250.94000 -128.50000 1.50000 -108.2313
19.96000 -49.48000 1.50000 -56.7246
-195.55000 -35.66000 1.50000 -186.9675
-250.94000 -128.50000 1.50000 -108.2031
19.96000 -49.48000 1.50000 -56.6783
-195.55000 -35.66000 1.50000 -186.9366
-250.94000 -128.50000 1.50000 -68.1748
19.96000 -49.48000 1.50000 -56.6329
-195.55000 -35.66000 1.50000 -226.9056
-250.94000 -128.50000 1.50000 -68.1463