19.96000 -49.48000 1.50000 -100.5068
-195.55000 -35.66000 1.50000 -148.9454
-250.94000 -128.50000 1.50000 -190.0859
19.96000 -49.48000 1.50000 -100.5663
-195.55000 -35.66000 1.50000 -148.9707
-250.94000 -128.50000 1.50000 -190.1086
19.96000 -49.48000 1.50000 -100.6256
-195.55000 -35.66000 1.50000 -148.9959
-250.94000 -128.50000 1.50000 -190.1313
19.96000 -49.48000 1.50000 -100.6846
-195.55000 -35.66000 1.50000 -149.0210
-250.94000 -128.50000 1.50000 -190.1539
19.96000 -49.48000 1.50000 -100.7433
-195.55000 -35.66000 1.50000 -149.0461
-250.94000 -128.50000 1.50000 -190.1765
19.96000 -49.48000 1.50000 -100.8017
-195.55000 -35.66000 1.50000 -149.0710
-250.94000 -128.50000 1.50000 -190.1989
19.96000 -49.48000 1.50000 -100.8598
-195.55000 -35.66000 1.50000 -149.0959
-250.94000 -128.50000 1.50000 -190.2214
19.96000 -49.48000 1.50000 -100.9177
-195.55000 -35.66000 1.50000 -149.1208
-250.94000 -128.50000 1.50000 -190.2438
19.96000 -49.48000 1.50000 -100.9753
-195.55000 -35.66000 1.50000 -149.1456
-250.94000 -128.50000 1.50000 -190.2661
19.96000 -49.48000 1.50000 -101.0326
-195.55000 -35.66000 1.50000 -149.1703
-250.94000 -128.50000 1.50000 -190.2883
19.96000 -49.48000 1.50000 -101.0897
-195.55000 -35.66000 1.50000 -149.1949
-250.94000 -128.50000 1.50000 -190.3105
19.96000 -49.48000 1.50000 -101.1465
-195.55000 -35.66000 1.50000 -149.2195
-250.94000 -128.50000 1.50000 -190.3327
19.96000 -49.48000 1.50000 -101.2030
-195.55000 -35.66000 1.50000 -149.2440
-250.94000 -128.50000 1.50000 -190.3548
19.96000 -49.48000 1.50000 -101.2592
-195.55000 -35.66000 1.50000 -149.2685
-250.94000 -128.50000 1.50000 -190.3768
19.96000 -49.48000 1.50000 -101.3152
-195.55000 -35.66000 1.50000 -149.2928
-250.94000 -128.50000 1.50000 -190.3988
19.96000 -49.48000 1.50000 -101.3709
-195.55000 -35.66000 1.50000 -149.3172
-250.94000 -128.50000 1.50000 -190.4207
19.96000 -49.48000 1.50000 -101.4263
-195.55000 -35.66000 1.50000 -149.3414
-250.94000 -128.50000 1.50000 -190.4426
19.96000 -49.48000 1.50000 -101.4815
-195.55000 -35.66000 1.50000 -149.3656
-250.94000 -128.50000 1.50000 -190.4644
19.96000 -49.48000 1.50000 -101.5364
-195.55000 -35.66000 1.50000 -149.3897
-250.94000 -128.50000 1.50000 -190.4862
19.96000 -49.48000 1.50000 -101.5910
-195.55000 -35.66000 1.50000 -149.4138
-250.94000 -128.50000 1.50000 -190.5079
19.96000 -49.48000 1.50000 -101.6454
-195.55000 -35.66000 1.50000 -149.4378
-250.94000 -128.50000 1.50000 -210.5295
19.96000 -49.48000 1.50000 -101.6995
-195.55000 -35.66000 1.50000 -149.4617
-250.94000 -128.50000 1.50000 -210.5511
19.96000 -49.48000 1.50000 -101.7534
-195.55000 -35.66000 1.50000 -149.4856
-250.94000 -128.50000 1.50000 -210.5727
19.96000 -49.48000 1.50000 -101.7790
-195.55000 -35.66000 1.50000 -149.4909
-250.94000 -128.50000 1.50000 -190.5718
19.96000 -49.48000 1.50000 -101.7254
-195.55000 -35.66000 1.50000 -149.4670
-250.94000 -128.50000 1.50000 -190.5503
19.96000 -49.48000 1.50000 -101.6716
-195.55000 -35.66000 1.50000 -149.4431
-250.94000 -128.50000 1.50000 -190.5287
19.96000 -49.48000 1.50000 -101.6176
-195.55000 -35.66000 1.50000 -149.4192
-250.94000 -128.50000 1.50000 -190.5070
19.96000 -49.48000 1.50000 -101.5633
-195.55000 -35.66000 1.50000 -149.3951
-250.94000 -128.50000 1.50000 -190.4853
19.96000 -49.48000 1.50000 -101.5087
-195.55000 -35.66000 1.50000 -149.3710
-250.94000 -128.50000 1.50000 -190.4635
19.96000 -49.48000 1.50000 -101.4539
-195.55000 -35.66000 1.50000 -149.3469
-250.94000 -128.50000 1.50000 -190.4417
19.96000 -49.48000 1.50000 -101.3988
-195.55000 -35.66000 1.50000 -149.3226
-250.94000 -128.50000 1.50000 -190.4199
19.96000 -49.48000 1.50000 -101.3435
-195.55000 -35.66000 1.50000 -149.2984
-250.94000 -128.50000 1.50000 -190.3979
19.96000 -49.48000 1.50000 -101.2879
-195.55000 -35.66000 1.50000 -149.2740
-250.94000 -128.50000 1.50000 -190.3759
19.96000 -49.48000 1.50000 -101.2320
-195.55000 -35.66000 1.50000 -149.2496
-250.94000 -128.50000 1.50000 -190.3539
19.96000 -49.48000 1.50000 -101.1759
-195.55000 -35.66000 1.50000 -149.2251
-250.94000 -128.50000 1.50000 -190.3318
19.96000 -49.48000 1.50000 -101.1195
-195.55000 -35.66000 1.50000 -149.2006
-250.94000 -128.50000 1.50000 -190.3096
19.96000 -49.48000 1.50000 -101.0628
-195.55000 -35.66000 1.50000 -149.1759
-250.94000 -128.50000 1.50000 -190.2874
19.96000 -49.48000 1.50000 -101.0059
-195.55000 -35.66000 1.50000 -149.1513
-250.94000 -128.50000 1.50000 -190.2652
19.96000 -49.48000 1.50000 -100.9487
-195.55000 -35.66000 1.50000 -149.1265
-250.94000 -128.50000 1.50000 -190.2428
19.96000 -49.48000 1.50000 -100.8912
-195.55000 -35.66000 1.50000 -149.1017
-250.94000 -128.50000 1.50000 -190.2205
19.96000 -49.48000 1.50000 -100.8335
-195.55000 -35.66000 1.50000 -149.0768
-250.94000 -128.50000 1.50000 -190.1980
19.96000 -49.48000 1.50000 -100.7755
-195.55000 -35.66000 1.50000 -149.0519
-250.94000 -128.50000 1.50000 -190.1755
19.96000 -49.48000 1.50000 -100.7173
-195.55000 -35.66000 1.50000 -149.0269
-250.94000 -128.50000 1.50000 -190.1530
19.96000 -49.48000 1.50000 -100.6587
-195.55000 -35.66000 1.50000 -149.0018
-250.94000 -128.50000 1.50000 -190.1303
19.96000 -49.48000 1.50000 -100.5999
-195.55000 -35.66000 1.50000 -148.9766
-250.94000 -128.50000 1.50000 -190.1077
19.96000 -49.48000 1.50000 -100.6338
-195.55000 -35.66000 1.50000 -148.9826
-250.94000 -128.50000 1.50000 -190.1068
19.96000 -49.48000 1.50000 -100.6921
-195.55000 -35.66000 1.50000 -149.0078
-250.94000 -128.50000 1.50000 -190.1295
19.96000 -49.48000 1.50000 -100.7502
-195.55000 -35.66000 1.50000 -149.0328
-250.94000 -128.50000 1.50000 -190.1521
19.96000 -49.48000 1.50000 -100.8080
-195.55000 -35.66000 1.50000 -149.0578
-250.94000 -128.50000 1.50000 -190.1746
19.96000 -49.48000 1.50000 -100.8656
-195.55000 -35.66000 1.50000 -149.0827
-250.94000 -128.50000 1.50000 -190.1971
19.96000 -49.48000 1.50000 -100.9229
-195.55000 -35.66000 1.50000 -149.1075
-250.94000 -128.50000 1.50000 -190.2196
19.96000 -49.48000 1.50000 -100.9799
-195.55000 -35.66000 1.50000 -149.1323
-250.94000 -128.50000 1.50000 -190.2420
19.96000 -49.48000 1.50000 -101.0367
-195.55000 -35.66000 1.50000 -149.1570
-250.94000 -128.50000 1.50000 -190.2643
19.96000 -49.48000 1.50000 -101.0932
-195.55000 -35.66000 1.50000 -149.1817
-250.94000 -128.50000 1.50000 -190.2866
19.96000 -49.48000 1.50000 -101.1495
-195.55000 -35.66000 1.50000 -149.2063
-250.94000 -128.50000 1.50000 -190.3088
19.96000 -49.48000 1.50000 -101.2055
-195.55000 -35.66000 1.50000 -149.2308
-250.94000 -128.50000 1.50000 -190.3309
19.96000 -49.48000 1.50000 -101.2613
-195.55000 -35.66000 1.50000 -149.2552
-250.94000 -128.50000 1.50000 -190.3531
19.96000 -49.48000 1.50000 -101.3168
-195.55000 -35.66000 1.50000 -149.2796
-250.94000 -128.50000 1.50000 -190.3751
19.96000 -49.48000 1.50000 -101.3720
-195.55000 -35.66000 1.50000 -149.3039
-250.94000 -128.50000 1.50000 -190.3971
19.96000 -49.48000 1.50000 -101.4270
-195.55000 -35.66000 1.50000 -149.3282
-250.94000 -128.50000 1.50000 -190.4190
19.96000 -49.48000 1.50000 -101.4817
-195.55000 -35.66000 1.50000 -149.3524
-250.94000 -128.50000 1.50000 -190.4409
19.96000 -49.48000 1.50000 -101.5362
-195.55000 -35.66000 1.50000 -149.3765
-250.94000 -128.50000 1.50000 -190.4627
19.96000 -49.48000 1.50000 -101.5904
-195.55000 -35.66000 1.50000 -149.4006
-250.94000 -128.50000 1.50000 -190.4845
19.96000 -49.48000 1.50000 -101.6444
-195.55000 -35.66000 1.50000 -149.4246
-250.94000 -128.50000 1.50000 -190.5062
19.96000 -49.48000 1.50000 -101.6981
-195.55000 -35.66000 1.50000 -149.4485
-250.94000 -128.50000 1.50000 -190.5279
19.96000 -49.48000 1.50000 -101.7516
-195.55000 -35.66000 1.50000 -149.4724
-250.94000 -128.50000 1.50000 -190.5495
19.96000 -49.48000 1.50000 -101.8048
-195.55000 -35.66000 1.50000 -149.4962
-250.94000 -128.50000 1.50000 -190.5710
19.96000 -49.48000 1.50000 -101.8309
-195.55000 -35.66000 1.50000 -149.5016
-250.94000 -128.50000 1.50000 -190.5703
19.96000 -49.48000 1.50000 -101.7780
-195.55000 -35.66000 1.50000 -149.4778
-250.94000 -128.50000 1.50000 -190.5487
19.96000 -49.48000 1.50000 -101.7248
-195.55000 -35.66000 1.50000 -149.4540
-250.94000 -128.50000 1.50000 -190.5271
19.96000 -49.48000 1.50000 -101.6714
-195.55000 -35.66000 1.50000 -149.4301
-250.94000 -128.50000 1.50000 -190.5055
19.96000 -49.48000 1.50000 -101.6178
-195.55000 -35.66000 1.50000 -149.4061
-250.94000 -128.50000 1.50000 -190.4837
19.96000 -49.48000 1.50000 -101.5639
-195.55000 -35.66000 1.50000 -149.3820
-250.94000 -128.50000 1.50000 -190.4620
19.96000 -49.48000 1.50000 -101.5098
-195.55000 -35.66000 1.50000 -149.3580
-250.94000 -128.50000 1.50000 -190.4401
19.96000 -49.48000 1.50000 -101.4554
-195.55000 -35.66000 1.50000 -149.3338
-250.94000 -128.50000 1.50000 -190.4182
19.96000 -49.48000 1.50000 -101.4008
-195.55000 -35.66000 1.50000 -149.3096
-250.94000 -128.50000 1.50000 -190.3963
19.96000 -49.48000 1.50000 -101.3459
-195.55000 -35.66000 1.50000 -149.2853
-250.94000 -128.50000 1.50000 -190.3743
19.96000 -49.48000 1.50000 -101.2908
-195.55000 -35.66000 1.50000 -149.2609
-250.94000 -128.50000 1.50000 -190.3523
19.96000 -49.48000 1.50000 -101.2354
-195.55000 -35.66000 1.50000 -149.2365
-250.94000 -128.50000 1.50000 -190.3302
19.96000 -49.48000 1.50000 -101.1798
-195.55000 -35.66000 1.50000 -149.2120
-250.94000 -128.50000 1.50000 -190.3080
19.96000 -49.48000 1.50000 -101.1239
-195.55000 -35.66000 1.50000 -149.1875
-250.94000 -128.50000 1.50000 -190.2858
19.96000 -49.48000 1.50000 -101.0678
-195.55000 -35.66000 1.50000 -149.1629
-250.94000 -128.50000 1.50000 -190.2635
19.96000 -49.48000 1.50000 -101.0114
-195.55000 -35.66000 1.50000 -149.1382
-250.94000 -128.50000 1.50000 -190.2412
19.96000 -49.48000 1.50000 -100.9548
-195.55000 -35.66000 1.50000 -149.1134
-250.94000 -128.50000 1.50000 -190.2188
19.96000 -49.48000 1.50000 -100.8979
-195.55000 -35.66000 1.50000 -149.0886
-250.94000 -128.50000 1.50000 -190.1963
19.96000 -49.48000 1.50000 -100.8408
-195.55000 -35.66000 1.50000 -149.0638
-250.94000 -128.50000 1.50000 -190.1738
19.96000 -49.48000 1.50000 -100.7834
-195.55000 -35.66000 1.50000 -149.0388
-250.94000 -128.50000 1.50000 -190.1512
19.96000 -49.48000 1.50000 -100.7258
-195.55000 -35.66000 1.50000 -149.0138
-250.94000 -128.50000 1.50000 -190.1286
19.96000 -49.48000 1.50000 -100.6679
-195.55000 -35.66000 1.50000 -148.9887
-250.94000 -128.50000 1.50000 -190.1059
19.96000 -49.48000 1.50000 -100.7022
-195.55000 -35.66000 1.50000 -188.9948
-250.94000 -128.50000 1.50000 -190.1052
19.96000 -49.48000 1.50000 -100.7597
-195.55000 -35.66000 1.50000 -189.0199
-250.94000 -128.50000 1.50000 -190.1279
19.96000 -49.48000 1.50000 -100.8169
-195.55000 -35.66000 1.50000 -149.0449
-250.94000 -128.50000 1.50000 -190.1505
19.96000 -49.48000 1.50000 -100.8738
-195.55000 -35.66000 1.50000 -149.0698
-250.94000 -128.50000 1.50000 -190.1730
19.96000 -49.48000 1.50000 -100.9305
-195.55000 -35.66000 1.50000 -149.0946
-250.94000 -128.50000 1.50000 -190.1956
19.96000 -49.48000 1.50000 -100.9870
-195.55000 -35.66000 1.50000 -149.1194
-250.94000 -128.50000 1.50000 -190.2180
19.96000 -49.48000 1.50000 -101.0432
-195.55000 -35.66000 1.50000 -149.1441
-250.94000 -128.50000 1.50000 -190.2404
19.96000 -49.48000 1.50000 -101.0992
-195.55000 -35.66000 1.50000 -149.1688
-250.94000 -128.50000 1.50000 -190.2628
19.96000 -49.48000 1.50000 -101.1549
-195.55000 -35.66000 1.50000 -149.1933
-250.94000 -128.50000 1.50000 -150.2850
19.96000 -49.48000 1.50000 -101.2104
-195.55000 -35.66000 1.50000 -149.2178
-250.94000 -128.50000 1.50000 -150.3073
19.96000 -49.48000 1.50000 -101.2656
-195.55000 -35.66000 1.50000 -149.2423
-250.94000 -128.50000 1.50000 -150.3294
19.96000 -49.48000 1.50000 -101.3206
-195.55000 -35.66000 1.50000 -149.2667
-250.94000 -128.50000 1.50000 -150.3515
19.96000 -49.48000 1.50000 -101.3753
-195.55000 -35.66000 1.50000 -149.2910
-250.94000 -128.50000 1.50000 -150.3736
19.96000 -49.48000 1.50000 -101.4298
-195.55000 -35.66000 1.50000 -149.3153
-250.94000 -128.50000 1.50000 -150.3956
19.96000 -49.48000 1.50000 -101.4841
-195.55000 -35.66000 1.50000 -149.3395
-250.94000 -128.50000 1.50000 -150.4175
19.96000 -49.48000 1.50000 -101.5381
-195.55000 -35.66000 1.50000 -149.3636
-250.94000 -128.50000 1.50000 -150.4394
19.96000 -49.48000 1.50000 -101.5919
-195.55000 -35.66000 1.50000 -149.3876
-250.94000 -128.50000 1.50000 -150.4612
19.96000 -49.48000 1.50000 -101.6454
-195.55000 -35.66000 1.50000 -149.4117
-250.94000 -128.50000 1.50000 -150.4830
19.96000 -49.48000 1.50000 -101.6987
-195.55000 -35.66000 1.50000 -149.4356
-250.94000 -128.50000 1.50000 -150.5047
19.96000 -49.48000 1.50000 -101.7518
-195.55000 -35.66000 1.50000 -149.4595
-250.94000 -128.50000 1.50000 -150.5264
19.96000 -49.48000 1.50000 -101.8046
-195.55000 -35.66000 1.50000 -149.4833
-250.94000 -128.50000 1.50000 -150.5480
19.96000 -49.48000 1.50000 -101.8572
-195.55000 -35.66000 1.50000 -149.5070
-250.94000 -128.50000 1.50000 -150.5696
19.96000 -49.48000 1.50000 -101.8837
-195.55000 -35.66000 1.50000 -149.5126
-250.94000 -128.50000 1.50000 -150.5690
19.96000 -49.48000 1.50000 -101.8315
-195.55000 -35.66000 1.50000 -149.4888
-250.94000 -128.50000 1.50000 -150.5474
19.96000 -49.48000 1.50000 -101.7790
-195.55000 -35.66000 1.50000 -149.4651
-250.94000 -128.50000 1.50000 -150.5258
19.96000 -49.48000 1.50000 -101.7263
-195.55000 -35.66000 1.50000 -149.4412
-250.94000 -128.50000 1.50000 -150.5041
19.96000 -49.48000 1.50000 -101.6733
-195.55000 -35.66000 1.50000 -149.4173
-250.94000 -128.50000 1.50000 -150.4824
19.96000 -49.48000 1.50000 -101.6201
-195.55000 -35.66000 1.50000 -149.3933
-250.94000 -128.50000 1.50000 -150.4606
19.96000 -49.48000 1.50000 -101.5667
-195.55000 -35.66000 1.50000 -149.3693
-250.94000 -128.50000 1.50000 -150.4388
19.96000 -49.48000 1.50000 -101.5130
-195.55000 -35.66000 1.50000 -149.3452
-250.94000 -128.50000 1.50000 -150.4169
19.96000 -49.48000 1.50000 -101.4591
-195.55000 -35.66000 1.50000 -149.3210
-250.94000 -128.50000 1.50000 -150.3949
19.96000 -49.48000 1.50000 -101.4050
-195.55000 -35.66000 1.50000 -149.2968
-250.94000 -128.50000 1.50000 -150.3729
19.96000 -49.48000 1.50000 -101.3506
-195.55000 -35.66000 1.50000 -149.2725
-250.94000 -128.50000 1.50000 -150.3509
19.96000 -49.48000 1.50000 -101.2960
-195.55000 -35.66000 1.50000 -149.2482
-250.94000 -128.50000 1.50000 -150.3288
19.96000 -49.48000 1.50000 -101.2412
-195.55000 -35.66000 1.50000 -149.2238
-250.94000 -128.50000 1.50000 -150.3066
19.96000 -49.48000 1.50000 -101.1861
-195.55000 -35.66000 1.50000 -149.1993
-250.94000 -128.50000 1.50000 -150.2843
19.96000 -49.48000 1.50000 -101.1308
-195.55000 -35.66000 1.50000 -149.1747
-250.94000 -128.50000 1.50000 -150.2621
19.96000 -49.48000 1.50000 -101.0752
-195.55000 -35.66000 1.50000 -189.1501
-250.94000 -128.50000 1.50000 -150.2397
19.96000 -49.48000 1.50000 -101.0194
-195.55000 -35.66000 1.50000 -189.1254
-250.94000 -128.50000 1.50000 -150.2173
19.96000 -49.48000 1.50000 -100.9634
-195.55000 -35.66000 1.50000 -189.1007
-250.94000 -128.50000 1.50000 -150.1949
19.96000 -49.48000 1.50000 -100.9071
-195.55000 -35.66000 1.50000 -189.0759
-250.94000 -128.50000 1.50000 -150.1723
19.96000 -49.48000 1.50000 -100.8506
-195.55000 -35.66000 1.50000 -189.0510
-250.94000 -128.50000 1.50000 -150.1498
19.96000 -49.48000 1.50000 -100.7938
-195.55000 -35.66000 1.50000 -189.0261
-250.94000 -128.50000 1.50000 -150.1272
19.96000 -49.48000 1.50000 -100.7368
-195.55000 -35.66000 1.50000 -189.0011
-250.94000 -128.50000 1.50000 -150.1045
19.96000 -49.48000 1.50000 -100.7717
-195.55000 -35.66000 1.50000 -189.0073
-250.94000 -128.50000 1.50000 -150.1038
19.96000 -49.48000 1.50000 -100.8282
-195.55000 -35.66000 1.50000 -189.0323
-250.94000 -128.50000 1.50000 -150.1265
19.96000 -49.48000 1.50000 -100.8845
-195.55000 -35.66000 1.50000 -189.0572
-250.94000 -128.50000 1.50000 -110.1491
19.96000 -49.48000 1.50000 -100.9406
-195.55000 -35.66000 1.50000 -189.0820
-250.94000 -128.50000 1.50000 -110.1717
19.96000 -49.48000 1.50000 -100.9964
-195.55000 -35.66000 1.50000 -189.1068
-250.94000 -128.50000 1.50000 -110.1942
19.96000 -49.48000 1.50000 -101.0520
-195.55000 -35.66000 1.50000 -189.1315
-250.94000 -128.50000 1.50000 -110.2167
19.96000 -49.48000 1.50000 -101.1074
-195.55000 -35.66000 1.50000 -189.1562
-250.94000 -128.50000 1.50000 -110.2391
19.96000 -49.48000 1.50000 -101.1626
-195.55000 -35.66000 1.50000 -189.1808
-250.94000 -128.50000 1.50000 -110.2614
19.96000 -49.48000 1.50000 -101.2175
-195.55000 -35.66000 1.50000 -189.2053
-250.94000 -128.50000 1.50000 -110.2837
19.96000 -49.48000 1.50000 -101.2722
-195.55000 -35.66000 1.50000 -189.2297
-250.94000 -128.50000 1.50000 -110.3060
19.96000 -49.48000 1.50000 -101.3266
-195.55000 -35.66000 1.50000 -189.2541
-250.94000 -128.50000 1.50000 -110.3281
19.96000 -49.48000 1.50000 -101.3809
-195.55000 -35.66000 1.50000 -149.2784
-250.94000 -128.50000 1.50000 -110.3502
19.96000 -49.48000 1.50000 -101.4349
-195.55000 -35.66000 1.50000 -149.3027
-250.94000 -128.50000 1.50000 -110.3723
19.96000 -49.48000 1.50000 -101.4886
-195.55000 -35.66000 1.50000 -149.3269
-250.94000 -128.50000 1.50000 -110.3943
19.96000 -49.48000 1.50000 -101.5422
-195.55000 -35.66000 1.50000 -149.3510
-250.94000 -128.50000 1.50000 -110.4163
19.96000 -49.48000 1.50000 -101.5955
-195.55000 -35.66000 1.50000 -149.3750
-250.94000 -128.50000 1.50000 -110.4381
19.96000 -49.48000 1.50000 -101.6486
-195.55000 -35.66000 1.50000 -149.3990
-250.94000 -128.50000 1.50000 -110.4600
19.96000 -49.48000 1.50000 -101.7014
-195.55000 -35.66000 1.50000 -149.4230
-250.94000 -128.50000 1.50000 -110.4818
19.96000 -49.48000 1.50000 -101.7540
-195.55000 -35.66000 1.50000 -149.4469
-250.94000 -128.50000 1.50000 -110.5035
19.96000 -49.48000 1.50000 -101.8064
-195.55000 -35.66000 1.50000 -149.4707
-250.94000 -128.50000 1.50000 -110.5252
19.96000 -49.48000 1.50000 -101.8586
-195.55000 -35.66000 1.50000 -149.4944
-250.94000 -128.50000 1.50000 -110.5468
19.96000 -49.48000 1.50000 -101.9105
-195.55000 -35.66000 1.50000 -149.5181
-250.94000 -128.50000 1.50000 -110.5684
19.96000 -49.48000 1.50000 -101.9622
-195.55000 -35.66000 1.50000 -149.5418
-250.94000 -128.50000 1.50000 -110.5899
19.96000 -49.48000 1.50000 -101.9889
-195.55000 -35.66000 1.50000 -149.5474
-250.94000 -128.50000 1.50000 -110.5894
19.96000 -49.48000 1.50000 -101.9375
-195.55000 -35.66000 1.50000 -149.5238
-250.94000 -128.50000 1.50000 -110.5678
19.96000 -49.48000 1.50000 -101.8859
-195.55000 -35.66000 1.50000 -149.5001
-250.94000 -128.50000 1.50000 -110.5463
19.96000 -49.48000 1.50000 -101.8341
-195.55000 -35.66000 1.50000 -149.4764
-250.94000 -128.50000 1.50000 -110.5246
19.96000 -49.48000 1.50000 -101.7820
-195.55000 -35.66000 1.50000 -149.4526
-250.94000 -128.50000 1.50000 -110.5030
19.96000 -49.48000 1.50000 -101.7297
-195.55000 -35.66000 1.50000 -149.4288
-250.94000 -128.50000 1.50000 -110.4812
19.96000 -49.48000 1.50000 -101.6772
-195.55000 -35.66000 1.50000 -149.4048
-250.94000 -128.50000 1.50000 -110.4594
19.96000 -49.48000 1.50000 -101.6245
-195.55000 -35.66000 1.50000 -149.3809
-250.94000 -128.50000 1.50000 -110.4376
19.96000 -49.48000 1.50000 -101.5716
-195.55000 -35.66000 1.50000 -189.3568
-250.94000 -128.50000 1.50000 -110.4157
19.96000 -49.48000 1.50000 -101.5184
-195.55000 -35.66000 1.50000 -189.3327
-250.94000 -128.50000 1.50000 -110.3938
19.96000 -49.48000 1.50000 -101.4650
-195.55000 -35.66000 1.50000 -189.3086
-250.94000 -128.50000 1.50000 -110.3717
19.96000 -49.48000 1.50000 -101.4114
-195.55000 -35.66000 1.50000 -189.2844
-250.94000 -128.50000 1.50000 -110.3497
19.96000 -49.48000 1.50000 -101.3575
-195.55000 -35.66000 1.50000 -189.2601
-250.94000 -128.50000 1.50000 -110.3276
19.96000 -49.48000 1.50000 -101.3035
-195.55000 -35.66000 1.50000 -189.2357
-250.94000 -128.50000 1.50000 -110.3054
19.96000 -49.48000 1.50000 -101.2492
-195.55000 -35.66000 1.50000 -189.2113
-250.94000 -128.50000 1.50000 -110.2831
19.96000 -49.48000 1.50000 -101.1946
-195.55000 -35.66000 1.50000 -189.1868
-250.94000 -128.50000 1.50000 -110.2609
19.96000 -49.48000 1.50000 -101.1399
-195.55000 -35.66000 1.50000 -189.1623
-250.94000 -128.50000 1.50000 -110.2385
19.96000 -49.48000 1.50000 -101.0849
-195.55000 -35.66000 1.50000 -189.1377
-250.94000 -128.50000 1.50000 -110.2161
19.96000 -49.48000 1.50000 -101.0297
-195.55000 -35.66000 1.50000 -189.1130
-250.94000 -128.50000 1.50000 -110.1936
19.96000 -49.48000 1.50000 -100.9743
-195.55000 -35.66000 1.50000 -189.0883
-250.94000 -128.50000 1.50000 -110.1711
19.96000 -49.48000 1.50000 -100.9187
-195.55000 -35.66000 1.50000 -189.0635
-250.94000 -128.50000 1.50000 -110.1485
19.96000 -49.48000 1.50000 -100.8628
-195.55000 -35.66000 1.50000 -189.0386
-250.94000 -128.50000 1.50000 -110.1259
19.96000 -49.48000 1.50000 -140.8067
-195.55000 -35.66000 1.50000 -189.0137
-250.94000 -128.50000 1.50000 -110.1032
19.96000 -49.48000 1.50000 -140.8420
-195.55000 -35.66000 1.50000 -189.0201
-250.94000 -128.50000 1.50000 -110.1027
19.96000 -49.48000 1.50000 -140.8977
-195.55000 -35.66000 1.50000 -189.0450
-250.94000 -128.50000 1.50000 -110.1254
19.96000 -49.48000 1.50000 -100.9531
-195.55000 -35.66000 1.50000 -189.0698
-250.94000 -128.50000 1.50000 -110.1480
19.96000 -49.48000 1.50000 -101.0083
-195.55000 -35.66000 1.50000 -189.0946
-250.94000 -128.50000 1.50000 -110.1706
19.96000 -49.48000 1.50000 -101.0633
-195.55000 -35.66000 1.50000 -189.1193
-250.94000 -128.50000 1.50000 -110.1931
19.96000 -49.48000 1.50000 -101.1180
-195.55000 -35.66000 1.50000 -189.1439
-250.94000 -128.50000 1.50000 -110.2156
19.96000 -49.48000 1.50000 -101.1726
-195.55000 -35.66000 1.50000 -189.1685
-250.94000 -128.50000 1.50000 -110.2380
19.96000 -49.48000 1.50000 -101.2269
-195.55000 -35.66000 1.50000 -189.1930
-250.94000 -128.50000 1.50000 -110.2603
19.96000 -49.48000 1.50000 -101.2811
-195.55000 -35.66000 1.50000 -189.2174
-250.94000 -128.50000 1.50000 -110.2826
19.96000 -49.48000 1.50000 -101.3349
-195.55000 -35.66000 1.50000 -189.2418
-250.94000 -128.50000 1.50000 -110.3049
19.96000 -49.48000 1.50000 -101.3886
-195.55000 -35.66000 1.50000 -189.2661
-250.94000 -128.50000 1.50000 -110.3270
19.96000 -49.48000 1.50000 -101.4421
-195.55000 -35.66000 1.50000 -189.2904
-250.94000 -128.50000 1.50000 -110.3492
19.96000 -49.48000 1.50000 -101.4953
-195.55000 -35.66000 1.50000 -189.3146
-250.94000 -128.50000 1.50000 -110.3712
19.96000 -49.48000 1.50000 -101.5484
-195.55000 -35.66000 1.50000 -189.3387
-250.94000 -128.50000 1.50000 -110.3932
19.96000 -49.48000 1.50000 -101.6012
-195.55000 -35.66000 1.50000 -189.3628
-250.94000 -128.50000 1.50000 -110.4152
19.96000 -49.48000 1.50000 -101.6538
-195.55000 -35.66000 1.50000 -189.3868
-250.94000 -128.50000 1.50000 -110.4371
19.96000 -49.48000 1.50000 -101.7061
-195.55000 -35.66000 1.50000 -189.4107
-250.94000 -128.50000 1.50000 -110.4589
19.96000 -49.48000 1.50000 -101.7583
-195.55000 -35.66000 1.50000 -189.4346
-250.94000 -128.50000 1.50000 -110.4807
19.96000 -49.48000 1.50000 -101.8102
-195.55000 -35.66000 1.50000 -189.4584
-250.94000 -128.50000 1.50000 -110.5025
19.96000 -49.48000 1.50000 -101.8619
-195.55000 -35.66000 1.50000 -149.4821
-250.94000 -128.50000 1.50000 -110.5242
19.96000 -49.48000 1.50000 -101.9135
-195.55000 -35.66000 1.50000 -149.5058
-250.94000 -128.50000 1.50000 -110.5458
19.96000 -49.48000 1.50000 -101.9647
-195.55000 -35.66000 1.50000 -149.5295
-250.94000 -128.50000 1.50000 -110.5674
19.96000 -49.48000 1.50000 -101.9922
-195.55000 -35.66000 1.50000 -189.5352
-250.94000 -128.50000 1.50000 -110.5669
19.96000 -49.48000 1.50000 -101.9412
-195.55000 -35.66000 1.50000 -189.5116
-250.94000 -128.50000 1.50000 -110.5453
19.96000 -49.48000 1.50000 -101.8900
-195.55000 -35.66000 1.50000 -189.4880
-250.94000 -128.50000 1.50000 -110.5237
19.96000 -49.48000 1.50000 -101.8387
-195.55000 -35.66000 1.50000 -189.4642
-250.94000 -128.50000 1.50000 -110.5020
19.96000 -49.48000 1.50000 -101.7871
-195.55000 -35.66000 1.50000 -189.4405
-250.94000 -128.50000 1.50000 -110.4803
19.96000 -49.48000 1.50000 -101.7353
-195.55000 -35.66000 1.50000 -189.4166
-250.94000 -128.50000 1.50000 -110.4585
19.96000 -49.48000 1.50000 -101.6832
-195.55000 -35.66000 1.50000 -189.3927
-250.94000 -128.50000 1.50000 -110.4367
19.96000 -49.48000 1.50000 -101.6310
-195.55000 -35.66000 1.50000 -189.3687
-250.94000 -128.50000 1.50000 -110.4148
19.96000 -49.48000 1.50000 -101.5786
-195.55000 -35.66000 1.50000 -189.3447
-250.94000 -128.50000 1.50000 -110.3928
19.96000 -49.48000 1.50000 -101.5259
-195.55000 -35.66000 1.50000 -189.3206
-250.94000 -128.50000 1.50000 -110.3708
19.96000 -49.48000 1.50000 -101.4730
-195.55000 -35.66000 1.50000 -189.2965
-250.94000 -128.50000 1.50000 -110.3487
19.96000 -49.48000 1.50000 -101.4200
-195.55000 -35.66000 1.50000 -189.2722
-250.94000 -128.50000 1.50000 -110.3266
19.96000 -49.48000 1.50000 -101.3667
-195.55000 -35.66000 1.50000 -189.2480
-250.94000 -128.50000 1.50000 -110.3044
19.96000 -49.48000 1.50000 -101.3132
-195.55000 -35.66000 1.50000 -189.2236
-250.94000 -128.50000 1.50000 -110.2822
19.96000 -49.48000 1.50000 -101.2594
-195.55000 -35.66000 1.50000 -189.1992
-250.94000 -128.50000 1.50000 -110.2599
19.96000 -49.48000 1.50000 -101.2055
-195.55000 -35.66000 1.50000 -189.1747
-250.94000 -128.50000 1.50000 -110.2375
19.96000 -49.48000 1.50000 -101.1514
-195.55000 -35.66000 1.50000 -189.1502
-250.94000 -128.50000 1.50000 -110.2151
19.96000 -49.48000 1.50000 -101.0970
-195.55000 -35.66000 1.50000 -189.1256
-250.94000 -128.50000 1.50000 -110.1926
19.96000 -49.48000 1.50000 -141.0425
-195.55000 -35.66000 1.50000 -189.1009
-250.94000 -128.50000 1.50000 -110.1701
19.96000 -49.48000 1.50000 -140.9877
-195.55000 -35.66000 1.50000 -189.0762
-250.94000 -128.50000 1.50000 -110.1475
19.96000 -49.48000 1.50000 -140.9327
-195.55000 -35.66000 1.50000 -189.0514
-250.94000 -128.50000 1.50000 -110.1249
19.96000 -49.48000 1.50000 -140.9680
-195.55000 -35.66000 1.50000 -189.0579
-250.94000 -128.50000 1.50000 -150.1245
19.96000 -49.48000 1.50000 -141.0225
-195.55000 -35.66000 1.50000 -189.0827
-250.94000 -128.50000 1.50000 -150.1471
19.96000 -49.48000 1.50000 -141.0768
-195.55000 -35.66000 1.50000 -189.1074
-250.94000 -128.50000 1.50000 -150.1697
19.96000 -49.48000 1.50000 -141.1310
-195.55000 -35.66000 1.50000 -189.1320
-250.94000 -128.50000 1.50000 -150.1922
19.96000 -49.48000 1.50000 -101.1849
-195.55000 -35.66000 1.50000 -189.1566
-250.94000 -128.50000 1.50000 -150.2147
19.96000 -49.48000 1.50000 -101.2386
-195.55000 -35.66000 1.50000 -189.1811
-250.94000 -128.50000 1.50000 -150.2371
19.96000 -49.48000 1.50000 -101.2921
-195.55000 -35.66000 1.50000 -189.2055
-250.94000 -128.50000 1.50000 -150.2595
19.96000 -49.48000 1.50000 -101.3455
-195.55000 -35.66000 1.50000 -189.2299
-250.94000 -128.50000 1.50000 -150.2818
19.96000 -49.48000 1.50000 -101.3986
-195.55000 -35.66000 1.50000 -189.2542
-250.94000 -128.50000 1.50000 -150.3040
19.96000 -49.48000 1.50000 -101.4515
-195.55000 -35.66000 1.50000 -189.2784
-250.94000 -128.50000 1.50000 -150.3262
19.96000 -49.48000 1.50000 -101.5042
-195.55000 -35.66000 1.50000 -189.3026
-250.94000 -128.50000 1.50000 -150.3483
19.96000 -49.48000 1.50000 -101.5567
-195.55000 -35.66000 1.50000 -189.3267
-250.94000 -128.50000 1.50000 -150.3704
19.96000 -49.48000 1.50000 -101.6090
-195.55000 -35.66000 1.50000 -189.3508
-250.94000 -128.50000 1.50000 -150.3924
19.96000 -49.48000 1.50000 -101.6610
-195.55000 -35.66000 1.50000 -189.3748
-250.94000 -128.50000 1.50000 -150.4144
19.96000 -49.48000 1.50000 -101.7129
-195.55000 -35.66000 1.50000 -189.3987
-250.94000 -128.50000 1.50000 -150.4363
19.96000 -49.48000 1.50000 -101.7646
-195.55000 -35.66000 1.50000 -189.4226
-250.94000 -128.50000 1.50000 -150.4581
19.96000 -49.48000 1.50000 -101.8160
-195.55000 -35.66000 1.50000 -189.4464
-250.94000 -128.50000 1.50000 -150.4799
19.96000 -49.48000 1.50000 -101.8673
-195.55000 -35.66000 1.50000 -189.4702
-250.94000 -128.50000 1.50000 -150.5017
19.96000 -49.48000 1.50000 -101.9184
-195.55000 -35.66000 1.50000 -189.4939
-250.94000 -128.50000 1.50000 -150.5233
19.96000 -49.48000 1.50000 -101.9692
-195.55000 -35.66000 1.50000 -189.5175
-250.94000 -128.50000 1.50000 -150.5450
19.96000 -49.48000 1.50000 -102.0198
-195.55000 -35.66000 1.50000 -189.5410
-250.94000 -128.50000 1.50000 -150.5665
19.96000 -49.48000 1.50000 -102.0477
-195.55000 -35.66000 1.50000 -189.5469
-250.94000 -128.50000 1.50000 -150.5662
19.96000 -49.48000 1.50000 -101.9974
-195.55000 -35.66000 1.50000 -189.5234
-250.94000 -128.50000 1.50000 -150.5446
19.96000 -49.48000 1.50000 -101.9469
-195.55000 -35.66000 1.50000 -189.4998
-250.94000 -128.50000 1.50000 -150.5230
19.96000 -49.48000 1.50000 -101.8961
-195.55000 -35.66000 1.50000 -189.4761
-250.94000 -128.50000 1.50000 -150.5013
19.96000 -49.48000 1.50000 -101.8452
-195.55000 -35.66000 1.50000 -189.4524
-250.94000 -128.50000 1.50000 -150.4796
19.96000 -49.48000 1.50000 -101.7941
-195.55000 -35.66000 1.50000 -189.4286
-250.94000 -128.50000 1.50000 -150.4578
19.96000 -49.48000 1.50000 -101.7428
-195.55000 -35.66000 1.50000 -189.4048
-250.94000 -128.50000 1.50000 -150.4359
19.96000 -49.48000 1.50000 -101.6913
-195.55000 -35.66000 1.50000 -189.3809
-250.94000 -128.50000 1.50000 -150.4140
19.96000 -49.48000 1.50000 -101.6396
-195.55000 -35.66000 1.50000 -189.3569
-250.94000 -128.50000 1.50000 -150.3921
19.96000 -49.48000 1.50000 -101.5877
-195.55000 -35.66000 1.50000 -189.3329
-250.94000 -128.50000 1.50000 -150.3701
19.96000 -49.48000 1.50000 -101.5355
-195.55000 -35.66000 1.50000 -189.3088
-250.94000 -128.50000 1.50000 -150.3480
19.96000 -49.48000 1.50000 -101.4832
-195.55000 -35.66000 1.50000 -189.2847
-250.94000 -128.50000 1.50000 -150.3259
19.96000 -49.48000 1.50000 -101.4307
-195.55000 -35.66000 1.50000 -189.2605
-250.94000 -128.50000 1.50000 -150.3037
19.96000 -49.48000 1.50000 -101.3780
-195.55000 -35.66000 1.50000 -189.2362
-250.94000 -128.50000 1.50000 -150.2814
19.96000 -49.48000 1.50000 -101.3251
-195.55000 -35.66000 1.50000 -189.2119
-250.94000 -128.50000 1.50000 -150.2591
19.96000 -49.48000 1.50000 -141.2720
-195.55000 -35.66000 1.50000 -189.1875
-250.94000 -128.50000 1.50000 -150.2368
19.96000 -49.48000 1.50000 -141.2186
-195.55000 -35.66000 1.50000 -189.1630
-250.94000 -128.50000 1.50000 -150.2144
19.96000 -49.48000 1.50000 -141.1651
-195.55000 -35.66000 1.50000 -189.1385
-250.94000 -128.50000 1.50000 -150.1919
19.96000 -49.48000 1.50000 -141.1114
-195.55000 -35.66000 1.50000 -189.1139
-250.94000 -128.50000 1.50000 -150.1694
19.96000 -49.48000 1.50000 -141.0575
-195.55000 -35.66000 1.50000 -189.0892
-250.94000 -128.50000 1.50000 -150.1468
19.96000 -49.48000 1.50000 -141.0034
-195.55000 -35.66000 1.50000 -189.0645
-250.94000 -128.50000 1.50000 -150.1241