19.96000 -49.48000 1.50000 -76.1787
-195.55000 -35.66000 1.50000 -58.7994
-250.94000 -128.50000 1.50000 -133.9560
19.96000 -49.48000 1.50000 -76.1926
-195.55000 -35.66000 1.50000 -58.8302
-250.94000 -128.50000 1.50000 -133.9765
19.96000 -49.48000 1.50000 -88.2871
-195.55000 -35.66000 1.50000 -70.9408
-250.94000 -128.50000 1.50000 -146.0770
19.96000 -49.48000 1.50000 -76.1353
-195.55000 -35.66000 1.50000 -58.8478
-250.94000 -128.50000 1.50000 -133.9835
19.96000 -49.48000 1.50000 -76.1206
-195.55000 -35.66000 1.50000 -58.8170
-250.94000 -128.50000 1.50000 -133.9629
19.96000 -49.48000 1.50000 -76.1064
-195.55000 -35.66000 1.50000 -58.7861
-250.94000 -128.50000 1.50000 -133.9424
19.96000 -49.48000 1.50000 -76.0929
-195.55000 -35.66000 1.50000 -58.7552
-250.94000 -128.50000 1.50000 -133.9218
19.96000 -49.48000 1.50000 -76.0198
-195.55000 -35.66000 1.50000 -58.7419
-250.94000 -128.50000 1.50000 -133.9081
19.96000 -49.48000 1.50000 -76.0336
-195.55000 -35.66000 1.50000 -58.7729
-250.94000 -128.50000 1.50000 -133.9287
19.96000 -49.48000 1.50000 -76.0479
-195.55000 -35.66000 1.50000 -58.8039
-250.94000 -128.50000 1.50000 -133.9493
19.96000 -49.48000 1.50000 -76.0629
-195.55000 -35.66000 1.50000 -58.8348
-250.94000 -128.50000 1.50000 -133.9699
19.96000 -49.48000 1.50000 -75.9900
-195.55000 -35.66000 1.50000 -58.8219
-250.94000 -128.50000 1.50000 -133.9565
19.96000 -49.48000 1.50000 -75.9747
-195.55000 -35.66000 1.50000 -58.7909
-250.94000 -128.50000 1.50000 -133.9358
19.96000 -49.48000 1.50000 -75.9601
-195.55000 -35.66000 1.50000 -58.7599
-250.94000 -128.50000 1.50000 -133.9151
19.96000 -49.48000 1.50000 -75.9461
-195.55000 -35.66000 1.50000 -58.7287
-250.94000 -128.50000 1.50000 -133.8944
19.96000 -49.48000 1.50000 -75.9327
-195.55000 -35.66000 1.50000 -58.6975
-250.94000 -128.50000 1.50000 -133.8736
19.96000 -49.48000 1.50000 -75.9199
-195.55000 -35.66000 1.50000 -58.6662
-250.94000 -128.50000 1.50000 -133.8528
19.96000 -49.48000 1.50000 -75.9077
-195.55000 -35.66000 1.50000 -58.6348
-250.94000 -128.50000 1.50000 -133.8320
19.96000 -49.48000 1.50000 -75.8327
-195.55000 -35.66000 1.50000 -58.6214
-250.94000 -128.50000 1.50000 -133.8182
19.96000 -49.48000 1.50000 -75.8451
-195.55000 -35.66000 1.50000 -58.6529
-250.94000 -128.50000 1.50000 -133.8390
19.96000 -49.48000 1.50000 -75.8581
-195.55000 -35.66000 1.50000 -58.6843
-250.94000 -128.50000 1.50000 -133.8599
19.96000 -49.48000 1.50000 -75.8718
-195.55000 -35.66000 1.50000 -58.7156
-250.94000 -128.50000 1.50000 -133.8807
19.96000 -49.48000 1.50000 -75.8860
-195.55000 -35.66000 1.50000 -58.7469
-250.94000 -128.50000 1.50000 -133.9015
19.96000 -49.48000 1.50000 -75.9009
-195.55000 -35.66000 1.50000 -58.7780
-250.94000 -128.50000 1.50000 -133.9222
19.96000 -49.48000 1.50000 -75.9164
-195.55000 -35.66000 1.50000 -58.8090
-250.94000 -128.50000 1.50000 -133.9430
19.96000 -49.48000 1.50000 -75.9325
-195.55000 -35.66000 1.50000 -58.8400
-250.94000 -128.50000 1.50000 -133.9637
19.96000 -49.48000 1.50000 -75.8586
-195.55000 -35.66000 1.50000 -58.8274
-250.94000 -128.50000 1.50000 -133.9503
19.96000 -49.48000 1.50000 -75.8423
-195.55000 -35.66000 1.50000 -58.7963
-250.94000 -128.50000 1.50000 -133.9295
19.96000 -49.48000 1.50000 -75.8265
-195.55000 -35.66000 1.50000 -58.7652
-250.94000 -128.50000 1.50000 -133.9088
19.96000 -49.48000 1.50000 -75.8114
-195.55000 -35.66000 1.50000 -58.7339
-250.94000 -128.50000 1.50000 -133.8879
19.96000 -49.48000 1.50000 -75.7969
-195.55000 -35.66000 1.50000 -58.7026
-250.94000 -128.50000 1.50000 -133.8671
19.96000 -49.48000 1.50000 -75.7830
-195.55000 -35.66000 1.50000 -58.6712
-250.94000 -128.50000 1.50000 -133.8462
19.96000 -49.48000 1.50000 -75.7697
-195.55000 -35.66000 1.50000 -58.6397
-250.94000 -128.50000 1.50000 -133.8253
19.96000 -49.48000 1.50000 -75.7571
-195.55000 -35.66000 1.50000 -58.6081
-250.94000 -128.50000 1.50000 -133.8043
19.96000 -49.48000 1.50000 -75.7452
-195.55000 -35.66000 1.50000 -58.5764
-250.94000 -128.50000 1.50000 -133.7834
19.96000 -49.48000 1.50000 -99.8939
-195.55000 -35.66000 1.50000 -58.5446
-250.94000 -128.50000 1.50000 -133.7624
19.96000 -49.48000 1.50000 -75.7232
-195.55000 -35.66000 1.50000 -58.5127
-250.94000 -128.50000 1.50000 -133.7413
19.96000 -49.48000 1.50000 -75.6464
-195.55000 -35.66000 1.50000 -58.4992
-250.94000 -128.50000 1.50000 -133.7274
19.96000 -49.48000 1.50000 -99.8172
-195.55000 -35.66000 1.50000 -58.5312
-250.94000 -128.50000 1.50000 -133.7484
19.96000 -49.48000 1.50000 -75.6687
-195.55000 -35.66000 1.50000 -58.5631
-250.94000 -128.50000 1.50000 -133.7695
19.96000 -49.48000 1.50000 -75.6809
-195.55000 -35.66000 1.50000 -58.5949
-250.94000 -128.50000 1.50000 -133.7905
19.96000 -49.48000 1.50000 -75.6937
-195.55000 -35.66000 1.50000 -58.6266
-250.94000 -128.50000 1.50000 -133.8116
19.96000 -49.48000 1.50000 -75.7072
-195.55000 -35.66000 1.50000 -58.6582
-250.94000 -128.50000 1.50000 -133.8325
19.96000 -49.48000 1.50000 -75.7213
-195.55000 -35.66000 1.50000 -58.6897
-250.94000 -128.50000 1.50000 -133.8535
19.96000 -49.48000 1.50000 -75.7361
-195.55000 -35.66000 1.50000 -58.7211
-250.94000 -128.50000 1.50000 -133.8744
19.96000 -49.48000 1.50000 -75.7515
-195.55000 -35.66000 1.50000 -58.7525
-250.94000 -128.50000 1.50000 -133.8953
19.96000 -49.48000 1.50000 -75.7675
-195.55000 -35.66000 1.50000 -58.7837
-250.94000 -128.50000 1.50000 -133.9161
19.96000 -49.48000 1.50000 -75.7841
-195.55000 -35.66000 1.50000 -58.8148
-250.94000 -128.50000 1.50000 -133.9370
19.96000 -49.48000 1.50000 -75.8014
-195.55000 -35.66000 1.50000 -83.0059
-250.94000 -128.50000 1.50000 -133.9578
19.96000 -49.48000 1.50000 -75.7266
-195.55000 -35.66000 1.50000 -82.9935
-250.94000 -128.50000 1.50000 -133.9445
19.96000 -49.48000 1.50000 -75.7091
-195.55000 -35.66000 1.50000 -82.9624
-250.94000 -128.50000 1.50000 -133.9236
19.96000 -49.48000 1.50000 -75.6921
-195.55000 -35.66000 1.50000 -82.9312
-250.94000 -128.50000 1.50000 -133.9028
19.96000 -49.48000 1.50000 -75.6758
-195.55000 -35.66000 1.50000 -58.7398
-250.94000 -128.50000 1.50000 -133.8818
19.96000 -49.48000 1.50000 -75.6602
-195.55000 -35.66000 1.50000 -58.7084
-250.94000 -128.50000 1.50000 -133.8609
19.96000 -49.48000 1.50000 -75.6451
-195.55000 -35.66000 1.50000 -58.6769
-250.94000 -128.50000 1.50000 -133.8399
19.96000 -49.48000 1.50000 -75.6308
-195.55000 -35.66000 1.50000 -58.6453
-250.94000 -128.50000 1.50000 -133.8189
19.96000 -49.48000 1.50000 -75.6170
-195.55000 -35.66000 1.50000 -58.6136
-250.94000 -128.50000 1.50000 -133.7978
19.96000 -49.48000 1.50000 -75.6040
-195.55000 -35.66000 1.50000 -58.5818
-250.94000 -128.50000 1.50000 -133.7768
19.96000 -49.48000 1.50000 -75.5916
-195.55000 -35.66000 1.50000 -58.5499
-250.94000 -128.50000 1.50000 -133.7557
19.96000 -49.48000 1.50000 -99.7399
-195.55000 -35.66000 1.50000 -58.5179
-250.94000 -128.50000 1.50000 -133.7345
19.96000 -49.48000 1.50000 -99.7288
-195.55000 -35.66000 1.50000 -58.4858
-250.94000 -128.50000 1.50000 -133.7134
19.96000 -49.48000 1.50000 -75.5585
-195.55000 -35.66000 1.50000 -58.4536
-250.94000 -128.50000 1.50000 -133.6922
19.96000 -49.48000 1.50000 -75.5488
-195.55000 -35.66000 1.50000 -58.4213
-250.94000 -128.50000 1.50000 -133.6710
19.96000 -49.48000 1.50000 -75.5398
-195.55000 -35.66000 1.50000 -58.3890
-250.94000 -128.50000 1.50000 -133.6497
19.96000 -49.48000 1.50000 -75.4611
-195.55000 -35.66000 1.50000 -58.3754
-250.94000 -128.50000 1.50000 -133.6356
19.96000 -49.48000 1.50000 -75.4702
-195.55000 -35.66000 1.50000 -58.4079
-250.94000 -128.50000 1.50000 -133.6569
19.96000 -49.48000 1.50000 -75.4801
-195.55000 -35.66000 1.50000 -58.4402
-250.94000 -128.50000 1.50000 -133.6782
19.96000 -49.48000 1.50000 -99.6506
-195.55000 -35.66000 1.50000 -58.4725
-250.94000 -128.50000 1.50000 -133.6994
19.96000 -49.48000 1.50000 -99.6619
-195.55000 -35.66000 1.50000 -58.5047
-250.94000 -128.50000 1.50000 -133.7207
19.96000 -49.48000 1.50000 -75.5138
-195.55000 -35.66000 1.50000 -58.5368
-250.94000 -128.50000 1.50000 -133.7419
19.96000 -49.48000 1.50000 -75.5264
-195.55000 -35.66000 1.50000 -58.5688
-250.94000 -128.50000 1.50000 -133.7630
19.96000 -49.48000 1.50000 -75.5397
-195.55000 -35.66000 1.50000 -58.6007
-250.94000 -128.50000 1.50000 -133.7842
19.96000 -49.48000 1.50000 -75.5537
-195.55000 -35.66000 1.50000 -58.6325
-250.94000 -128.50000 1.50000 -133.8053
19.96000 -49.48000 1.50000 -75.5683
-195.55000 -35.66000 1.50000 -82.8242
-250.94000 -128.50000 1.50000 -133.8264
19.96000 -49.48000 1.50000 -75.5836
-195.55000 -35.66000 1.50000 -82.8558
-250.94000 -128.50000 1.50000 -133.8474
19.96000 -49.48000 1.50000 -75.5995
-195.55000 -35.66000 1.50000 -82.8873
-250.94000 -128.50000 1.50000 -133.8684
19.96000 -49.48000 1.50000 -75.6161
-195.55000 -35.66000 1.50000 -82.9187
-250.94000 -128.50000 1.50000 -133.8894
19.96000 -49.48000 1.50000 -75.6334
-195.55000 -35.66000 1.50000 -82.9500
-250.94000 -128.50000 1.50000 -133.9104
19.96000 -49.48000 1.50000 -75.6512
-195.55000 -35.66000 1.50000 -82.9812
-250.94000 -128.50000 1.50000 -133.9313
19.96000 -49.48000 1.50000 -75.6697
-195.55000 -35.66000 1.50000 -83.0124
-250.94000 -128.50000 1.50000 -133.9522
19.96000 -49.48000 1.50000 -75.6888
-195.55000 -35.66000 1.50000 -83.0434
-250.94000 -128.50000 1.50000 -133.9731
19.96000 -49.48000 1.50000 -75.6135
-195.55000 -35.66000 1.50000 -83.0314
-250.94000 -128.50000 1.50000 -133.9600
19.96000 -49.48000 1.50000 -75.5940
-195.55000 -35.66000 1.50000 -83.0003
-250.94000 -128.50000 1.50000 -133.9391
19.96000 -49.48000 1.50000 -75.5752
-195.55000 -35.66000 1.50000 -82.9691
-250.94000 -128.50000 1.50000 -133.9181
19.96000 -49.48000 1.50000 -75.5570
-195.55000 -35.66000 1.50000 -82.9378
-250.94000 -128.50000 1.50000 -133.8971
19.96000 -49.48000 1.50000 -75.5395
-195.55000 -35.66000 1.50000 -82.9064
-250.94000 -128.50000 1.50000 -133.8761
19.96000 -49.48000 1.50000 -75.5226
-195.55000 -35.66000 1.50000 -82.8749
-250.94000 -128.50000 1.50000 -133.8550
19.96000 -49.48000 1.50000 -75.5064
-195.55000 -35.66000 1.50000 -82.8433
-250.94000 -128.50000 1.50000 -133.8340
19.96000 -49.48000 1.50000 -75.4908
-195.55000 -35.66000 1.50000 -82.8116
-250.94000 -128.50000 1.50000 -133.8128
19.96000 -49.48000 1.50000 -75.4759
-195.55000 -35.66000 1.50000 -82.7798
-250.94000 -128.50000 1.50000 -133.7917
19.96000 -49.48000 1.50000 -75.4617
-195.55000 -35.66000 1.50000 -82.7479
-250.94000 -128.50000 1.50000 -133.7705
19.96000 -49.48000 1.50000 -75.4482
-195.55000 -35.66000 1.50000 -58.5559
-250.94000 -128.50000 1.50000 -133.7493
19.96000 -49.48000 1.50000 -75.4353
-195.55000 -35.66000 1.50000 -58.5238
-250.94000 -128.50000 1.50000 -133.7281
19.96000 -49.48000 1.50000 -75.4232
-195.55000 -35.66000 1.50000 -58.4916
-250.94000 -128.50000 1.50000 -133.7068
19.96000 -49.48000 1.50000 -99.5717
-195.55000 -35.66000 1.50000 -58.4594
-250.94000 -128.50000 1.50000 -133.6855
19.96000 -49.48000 1.50000 -75.4010
-195.55000 -35.66000 1.50000 -58.4270
-250.94000 -128.50000 1.50000 -133.6642
19.96000 -49.48000 1.50000 -75.3910
-195.55000 -35.66000 1.50000 -58.3945
-250.94000 -128.50000 1.50000 -133.6428
19.96000 -49.48000 1.50000 -75.3817
-195.55000 -35.66000 1.50000 -58.3619
-250.94000 -128.50000 1.50000 -133.6215
19.96000 -49.48000 1.50000 -75.3731
-195.55000 -35.66000 1.50000 -58.3292
-250.94000 -128.50000 1.50000 -133.6000
19.96000 -49.48000 1.50000 -75.2928
-195.55000 -35.66000 1.50000 -58.3157
-250.94000 -128.50000 1.50000 -133.5859
19.96000 -49.48000 1.50000 -75.3015
-195.55000 -35.66000 1.50000 -58.3485
-250.94000 -128.50000 1.50000 -133.6074
19.96000 -49.48000 1.50000 -75.3110
-195.55000 -35.66000 1.50000 -58.3812
-250.94000 -128.50000 1.50000 -133.6288
19.96000 -49.48000 1.50000 -75.3212
-195.55000 -35.66000 1.50000 -58.4138
-250.94000 -128.50000 1.50000 -133.6502
19.96000 -49.48000 1.50000 -99.4921
-195.55000 -35.66000 1.50000 -58.4463
-250.94000 -128.50000 1.50000 -133.6716
19.96000 -49.48000 1.50000 -75.3438
-195.55000 -35.66000 1.50000 -82.6386
-250.94000 -128.50000 1.50000 -133.6930
19.96000 -49.48000 1.50000 -75.3561
-195.55000 -35.66000 1.50000 -82.6709
-250.94000 -128.50000 1.50000 -133.7143
19.96000 -49.48000 1.50000 -75.3692
-195.55000 -35.66000 1.50000 -82.7031
-250.94000 -128.50000 1.50000 -133.7356
19.96000 -49.48000 1.50000 -75.3830
-195.55000 -35.66000 1.50000 -82.7352
-250.94000 -128.50000 1.50000 -133.7569
19.96000 -49.48000 1.50000 -75.3975
-195.55000 -35.66000 1.50000 -82.7672
-250.94000 -128.50000 1.50000 -133.7782
19.96000 -49.48000 1.50000 -75.4127
-195.55000 -35.66000 1.50000 -82.7991
-250.94000 -128.50000 1.50000 -133.7994
19.96000 -49.48000 1.50000 -75.4285
-195.55000 -35.66000 1.50000 -82.8308
-250.94000 -128.50000 1.50000 -133.8205
19.96000 -49.48000 1.50000 -75.4450
-195.55000 -35.66000 1.50000 -82.8625
-250.94000 -128.50000 1.50000 -133.8417
19.96000 -49.48000 1.50000 -75.4622
-195.55000 -35.66000 1.50000 -82.8941
-250.94000 -128.50000 1.50000 -133.8628
19.96000 -49.48000 1.50000 -75.4801
-195.55000 -35.66000 1.50000 -82.9256
-250.94000 -128.50000 1.50000 -133.8839
19.96000 -49.48000 1.50000 -75.4986
-195.55000 -35.66000 1.50000 -82.9570
-250.94000 -128.50000 1.50000 -133.9049
19.96000 -49.48000 1.50000 -75.5177
-195.55000 -35.66000 1.50000 -82.9883
-250.94000 -128.50000 1.50000 -133.9260
19.96000 -49.48000 1.50000 -75.5375
-195.55000 -35.66000 1.50000 -83.0195
-250.94000 -128.50000 1.50000 -133.9470
19.96000 -49.48000 1.50000 -75.5579
-195.55000 -35.66000 1.50000 -83.0506
-250.94000 -128.50000 1.50000 -133.9679
19.96000 -49.48000 1.50000 -75.4817
-195.55000 -35.66000 1.50000 -83.0389
-250.94000 -128.50000 1.50000 -133.9550
19.96000 -49.48000 1.50000 -75.4609
-195.55000 -35.66000 1.50000 -83.0077
-250.94000 -128.50000 1.50000 -133.9340
19.96000 -49.48000 1.50000 -75.4408
-195.55000 -35.66000 1.50000 -82.9764
-250.94000 -128.50000 1.50000 -133.9129
19.96000 -49.48000 1.50000 -75.4213
-195.55000 -35.66000 1.50000 -82.9450
-250.94000 -128.50000 1.50000 -133.8918
19.96000 -49.48000 1.50000 -75.4025
-195.55000 -35.66000 1.50000 -82.9136
-250.94000 -128.50000 1.50000 -133.8707
19.96000 -49.48000 1.50000 -75.3843
-195.55000 -35.66000 1.50000 -82.8820
-250.94000 -128.50000 1.50000 -133.8495
19.96000 -49.48000 1.50000 -75.3668
-195.55000 -35.66000 1.50000 -82.8503
-250.94000 -128.50000 1.50000 -133.8284
19.96000 -49.48000 1.50000 -75.3500
-195.55000 -35.66000 1.50000 -82.8185
-250.94000 -128.50000 1.50000 -133.8071
19.96000 -49.48000 1.50000 -75.3338
-195.55000 -35.66000 1.50000 -82.7866
-250.94000 -128.50000 1.50000 -133.7859
19.96000 -49.48000 1.50000 -75.3184
-195.55000 -35.66000 1.50000 -82.7547
-250.94000 -128.50000 1.50000 -133.7646
19.96000 -49.48000 1.50000 -75.3036
-195.55000 -35.66000 1.50000 -82.7226
-250.94000 -128.50000 1.50000 -133.7433
19.96000 -49.48000 1.50000 -75.2896
-195.55000 -35.66000 1.50000 -82.6904
-250.94000 -128.50000 1.50000 -133.7220
19.96000 -49.48000 1.50000 -75.2763
-195.55000 -35.66000 1.50000 -82.6581
-250.94000 -128.50000 1.50000 -133.7006
19.96000 -49.48000 1.50000 -75.2637
-195.55000 -35.66000 1.50000 -82.6258
-250.94000 -128.50000 1.50000 -133.6792
19.96000 -49.48000 1.50000 -99.4118
-195.55000 -35.66000 1.50000 -82.5933
-250.94000 -128.50000 1.50000 -133.6578
19.96000 -49.48000 1.50000 -75.2406
-195.55000 -35.66000 1.50000 -82.5607
-250.94000 -128.50000 1.50000 -133.6363
19.96000 -49.48000 1.50000 -75.2302
-195.55000 -35.66000 1.50000 -58.3680
-250.94000 -128.50000 1.50000 -133.6148
19.96000 -49.48000 1.50000 -75.2206
-195.55000 -35.66000 1.50000 -58.3352
-250.94000 -128.50000 1.50000 -133.5933
19.96000 -49.48000 1.50000 -63.0589
-195.55000 -35.66000 1.50000 -70.4020
-250.94000 -128.50000 1.50000 -121.4993
19.96000 -49.48000 1.50000 -75.1488
-195.55000 -35.66000 1.50000 -82.5149
-250.94000 -128.50000 1.50000 -133.6009
19.96000 -49.48000 1.50000 -75.1594
-195.55000 -35.66000 1.50000 -82.5477
-250.94000 -128.50000 1.50000 -133.6224
19.96000 -49.48000 1.50000 -99.3307
-195.55000 -35.66000 1.50000 -82.5804
-250.94000 -128.50000 1.50000 -133.6440
19.96000 -49.48000 1.50000 -75.1828
-195.55000 -35.66000 1.50000 -82.6130
-250.94000 -128.50000 1.50000 -133.6655
19.96000 -49.48000 1.50000 -75.1956
-195.55000 -35.66000 1.50000 -82.6454
-250.94000 -128.50000 1.50000 -133.6869
19.96000 -49.48000 1.50000 -75.2092
-195.55000 -35.66000 1.50000 -82.6778
-250.94000 -128.50000 1.50000 -133.7084
19.96000 -49.48000 1.50000 -75.2235
-195.55000 -35.66000 1.50000 -82.7101
-250.94000 -128.50000 1.50000 -133.7298
19.96000 -49.48000 1.50000 -75.2385
-195.55000 -35.66000 1.50000 -82.7423
-250.94000 -128.50000 1.50000 -133.7511
19.96000 -49.48000 1.50000 -75.2543
-195.55000 -35.66000 1.50000 -82.7743
-250.94000 -128.50000 1.50000 -133.7725
19.96000 -49.48000 1.50000 -75.2707
-195.55000 -35.66000 1.50000 -82.8063
-250.94000 -128.50000 1.50000 -133.7938
19.96000 -49.48000 1.50000 -75.2878
-195.55000 -35.66000 1.50000 -82.8382
-250.94000 -128.50000 1.50000 -133.8151
19.96000 -49.48000 1.50000 -75.3057
-195.55000 -35.66000 1.50000 -82.8699
-250.94000 -128.50000 1.50000 -133.8363
19.96000 -49.48000 1.50000 -75.3242
-195.55000 -35.66000 1.50000 -82.9016
-250.94000 -128.50000 1.50000 -133.8575
19.96000 -49.48000 1.50000 -75.3434
-195.55000 -35.66000 1.50000 -82.9332
-250.94000 -128.50000 1.50000 -133.8787
19.96000 -49.48000 1.50000 -75.3632
-195.55000 -35.66000 1.50000 -82.9646
-250.94000 -128.50000 1.50000 -133.8999
19.96000 -49.48000 1.50000 -75.3837
-195.55000 -35.66000 1.50000 -82.9960
-250.94000 -128.50000 1.50000 -133.9210
19.96000 -49.48000 1.50000 -75.4048
-195.55000 -35.66000 1.50000 -83.0273
-250.94000 -128.50000 1.50000 -133.9421
19.96000 -49.48000 1.50000 -75.4266
-195.55000 -35.66000 1.50000 -83.0584
-250.94000 -128.50000 1.50000 -133.9631
19.96000 -49.48000 1.50000 -87.5290
-195.55000 -35.66000 1.50000 -95.1695
-250.94000 -128.50000 1.50000 -146.0642
19.96000 -49.48000 1.50000 -75.3723
-195.55000 -35.66000 1.50000 -83.0782
-250.94000 -128.50000 1.50000 -133.9714
19.96000 -49.48000 1.50000 -75.3495
-195.55000 -35.66000 1.50000 -83.0470
-250.94000 -128.50000 1.50000 -133.9503
19.96000 -49.48000 1.50000 -75.3273
-195.55000 -35.66000 1.50000 -83.0157
-250.94000 -128.50000 1.50000 -133.9292
19.96000 -49.48000 1.50000 -75.3058
-195.55000 -35.66000 1.50000 -82.9844
-250.94000 -128.50000 1.50000 -133.9081
19.96000 -49.48000 1.50000 -75.2850
-195.55000 -35.66000 1.50000 -82.9529
-250.94000 -128.50000 1.50000 -133.8869
19.96000 -49.48000 1.50000 -75.2648
-195.55000 -35.66000 1.50000 -82.9214
-250.94000 -128.50000 1.50000 -133.8657
19.96000 -49.48000 1.50000 -75.2452
-195.55000 -35.66000 1.50000 -82.8897
-250.94000 -128.50000 1.50000 -133.8444
19.96000 -49.48000 1.50000 -75.2264
-195.55000 -35.66000 1.50000 -82.8580
-250.94000 -128.50000 1.50000 -133.8231
19.96000 -49.48000 1.50000 -75.2082
-195.55000 -35.66000 1.50000 -82.8261
-250.94000 -128.50000 1.50000 -133.8018
19.96000 -49.48000 1.50000 -75.1908
-195.55000 -35.66000 1.50000 -82.7942
-250.94000 -128.50000 1.50000 -133.7805
19.96000 -49.48000 1.50000 -75.1740
-195.55000 -35.66000 1.50000 -82.7621
-250.94000 -128.50000 1.50000 -133.7591
19.96000 -49.48000 1.50000 -75.1580
-195.55000 -35.66000 1.50000 -82.7299
-250.94000 -128.50000 1.50000 -133.7377
19.96000 -49.48000 1.50000 -75.1427
-195.55000 -35.66000 1.50000 -82.6977
-250.94000 -128.50000 1.50000 -133.7162
19.96000 -49.48000 1.50000 -75.1281
-195.55000 -35.66000 1.50000 -82.6653
-250.94000 -128.50000 1.50000 -133.6948
19.96000 -49.48000 1.50000 -75.1143
-195.55000 -35.66000 1.50000 -82.6329
-250.94000 -128.50000 1.50000 -133.6733
19.96000 -49.48000 1.50000 -75.1012
-195.55000 -35.66000 1.50000 -82.6003
-250.94000 -128.50000 1.50000 -133.6517
19.96000 -49.48000 1.50000 -99.2489
-195.55000 -35.66000 1.50000 -82.5676
-250.94000 -128.50000 1.50000 -133.6302
19.96000 -49.48000 1.50000 -75.0773
-195.55000 -35.66000 1.50000 -82.5348
-250.94000 -128.50000 1.50000 -133.6086
19.96000 -49.48000 1.50000 -99.1545
-195.55000 -35.66000 1.50000 -82.5221
-250.94000 -128.50000 1.50000 -133.5947
19.96000 -49.48000 1.50000 -99.1663
-195.55000 -35.66000 1.50000 -82.5549
-250.94000 -128.50000 1.50000 -133.6164
19.96000 -49.48000 1.50000 -75.0189
-195.55000 -35.66000 1.50000 -82.5877
-250.94000 -128.50000 1.50000 -133.6380
19.96000 -49.48000 1.50000 -75.0322
-195.55000 -35.66000 1.50000 -82.6204
-250.94000 -128.50000 1.50000 -133.6597
19.96000 -49.48000 1.50000 -75.0463
-195.55000 -35.66000 1.50000 -82.6529
-250.94000 -128.50000 1.50000 -133.6812
19.96000 -49.48000 1.50000 -75.0611
-195.55000 -35.66000 1.50000 -82.6854
-250.94000 -128.50000 1.50000 -133.7028
19.96000 -49.48000 1.50000 -75.0767
-195.55000 -35.66000 1.50000 -82.7177
-250.94000 -128.50000 1.50000 -133.7243
19.96000 -49.48000 1.50000 -75.0931
-195.55000 -35.66000 1.50000 -82.7500
-250.94000 -128.50000 1.50000 -133.7457
19.96000 -49.48000 1.50000 -75.1101
-195.55000 -35.66000 1.50000 -82.7821
-250.94000 -128.50000 1.50000 -133.7672
19.96000 -49.48000 1.50000 -75.1279
-195.55000 -35.66000 1.50000 -82.8142
-250.94000 -128.50000 1.50000 -133.7886
19.96000 -49.48000 1.50000 -75.1464
-195.55000 -35.66000 1.50000 -82.8461
-250.94000 -128.50000 1.50000 -133.8100
19.96000 -49.48000 1.50000 -75.1656
-195.55000 -35.66000 1.50000 -82.8780
-250.94000 -128.50000 1.50000 -133.8313
19.96000 -49.48000 1.50000 -75.1855
-195.55000 -35.66000 1.50000 -82.9097
-250.94000 -128.50000 1.50000 -133.8526
19.96000 -49.48000 1.50000 -75.2061
-195.55000 -35.66000 1.50000 -82.9413
-250.94000 -128.50000 1.50000 -133.8739
19.96000 -49.48000 1.50000 -75.2273
-195.55000 -35.66000 1.50000 -82.9729
-250.94000 -128.50000 1.50000 -133.8951
19.96000 -49.48000 1.50000 -75.2492
-195.55000 -35.66000 1.50000 -83.0043
-250.94000 -128.50000 1.50000 -133.9164
19.96000 -49.48000 1.50000 -75.2718
-195.55000 -35.66000 1.50000 -83.0357
-250.94000 -128.50000 1.50000 -133.9375
19.96000 -49.48000 1.50000 -75.2949
-195.55000 -35.66000 1.50000 -83.0669
-250.94000 -128.50000 1.50000 -133.9587
19.96000 -49.48000 1.50000 -75.3188
-195.55000 -35.66000 1.50000 -83.0980
-250.94000 -128.50000 1.50000 -133.9798
19.96000 -49.48000 1.50000 -75.2413
-195.55000 -35.66000 1.50000 -83.0870
-250.94000 -128.50000 1.50000 -133.9672
19.96000 -49.48000 1.50000 -75.2170
-195.55000 -35.66000 1.50000 -83.0557
-250.94000 -128.50000 1.50000 -133.9460
19.96000 -49.48000 1.50000 -75.1934
-195.55000 -35.66000 1.50000 -83.0244
-250.94000 -128.50000 1.50000 -133.9248
19.96000 -49.48000 1.50000 -75.1704
-195.55000 -35.66000 1.50000 -82.9930
-250.94000 -128.50000 1.50000 -133.9035
19.96000 -49.48000 1.50000 -75.1481
-195.55000 -35.66000 1.50000 -82.9615
-250.94000 -128.50000 1.50000 -133.8823
19.96000 -49.48000 1.50000 -75.1265
-195.55000 -35.66000 1.50000 -82.9298
-250.94000 -128.50000 1.50000 -133.8610
19.96000 -49.48000 1.50000 -75.1055
-195.55000 -35.66000 1.50000 -82.8981
-250.94000 -128.50000 1.50000 -133.8396
19.96000 -49.48000 1.50000 -75.0853
-195.55000 -35.66000 1.50000 -82.8663
-250.94000 -128.50000 1.50000 -133.8183
19.96000 -49.48000 1.50000 -75.0657
-195.55000 -35.66000 1.50000 -82.8344
-250.94000 -128.50000 1.50000 -133.7968
19.96000 -49.48000 1.50000 -75.0469
-195.55000 -35.66000 1.50000 -82.8023
-250.94000 -128.50000 1.50000 -133.7754
19.96000 -49.48000 1.50000 -75.0288
-195.55000 -35.66000 1.50000 -82.7702
-250.94000 -128.50000 1.50000 -133.7539
19.96000 -49.48000 1.50000 -75.0114
-195.55000 -35.66000 1.50000 -82.7380
-250.94000 -128.50000 1.50000 -133.7324
19.96000 -49.48000 1.50000 -74.9947
-195.55000 -35.66000 1.50000 -82.7056
-250.94000 -128.50000 1.50000 -133.7109
19.96000 -49.48000 1.50000 -74.9789
-195.55000 -35.66000 1.50000 -82.6732
-250.94000 -128.50000 1.50000 -133.6893
19.96000 -49.48000 1.50000 -74.9637
-195.55000 -35.66000 1.50000 -82.6406
-250.94000 -128.50000 1.50000 -133.6677
19.96000 -49.48000 1.50000 -74.9494
-195.55000 -35.66000 1.50000 -82.6080
-250.94000 -128.50000 1.50000 -133.6461
19.96000 -49.48000 1.50000 -74.9358
-195.55000 -35.66000 1.50000 -82.5752
-250.94000 -128.50000 1.50000 -133.6244
19.96000 -49.48000 1.50000 -74.9230
-195.55000 -35.66000 1.50000 -82.5424
-250.94000 -128.50000 1.50000 -133.6027
19.96000 -49.48000 1.50000 -74.8388
-195.55000 -35.66000 1.50000 -82.5299
-250.94000 -128.50000 1.50000 -133.5890
19.96000 -49.48000 1.50000 -74.8519
-195.55000 -35.66000 1.50000 -82.5629
-250.94000 -128.50000 1.50000 -133.6108
19.96000 -49.48000 1.50000 -74.8657
-195.55000 -35.66000 1.50000 -82.5957
-250.94000 -128.50000 1.50000 -133.6325
19.96000 -49.48000 1.50000 -74.8804
-195.55000 -35.66000 1.50000 -82.6285
-250.94000 -128.50000 1.50000 -133.6542
19.96000 -49.48000 1.50000 -74.8958
-195.55000 -35.66000 1.50000 -82.6611
-250.94000 -128.50000 1.50000 -133.6759
19.96000 -49.48000 1.50000 -74.9120
-195.55000 -35.66000 1.50000 -82.6936
-250.94000 -128.50000 1.50000 -133.6975
19.96000 -49.48000 1.50000 -74.9290
-195.55000 -35.66000 1.50000 -82.7261
-250.94000 -128.50000 1.50000 -133.7191
19.96000 -49.48000 1.50000 -74.9467
-195.55000 -35.66000 1.50000 -82.7584
-250.94000 -128.50000 1.50000 -133.7407
19.96000 -49.48000 1.50000 -74.9651
-195.55000 -35.66000 1.50000 -82.7906
-250.94000 -128.50000 1.50000 -133.7622
19.96000 -49.48000 1.50000 -74.9843
-195.55000 -35.66000 1.50000 -82.8227
-250.94000 -128.50000 1.50000 -133.7837
19.96000 -49.48000 1.50000 -75.0042
-195.55000 -35.66000 1.50000 -82.8547
-250.94000 -128.50000 1.50000 -133.8052
19.96000 -49.48000 1.50000 -75.0249
-195.55000 -35.66000 1.50000 -82.8866
-250.94000 -128.50000 1.50000 -133.8267
19.96000 -49.48000 1.50000 -75.0462
-195.55000 -35.66000 1.50000 -82.9184
-250.94000 -128.50000 1.50000 -133.8481
19.96000 -49.48000 1.50000 -75.0683
-195.55000 -35.66000 1.50000 -82.9501
-250.94000 -128.50000 1.50000 -133.8694
19.96000 -49.48000 1.50000 -75.0910
-195.55000 -35.66000 1.50000 -82.9818
-250.94000 -128.50000 1.50000 -133.8908
19.96000 -49.48000 1.50000 -75.1144
-195.55000 -35.66000 1.50000 -83.0133
-250.94000 -128.50000 1.50000 -133.9121
19.96000 -49.48000 1.50000 -75.1384
-195.55000 -35.66000 1.50000 -83.0447
-250.94000 -128.50000 1.50000 -133.9333
19.96000 -49.48000 1.50000 -75.1631
-195.55000 -35.66000 1.50000 -83.0760
-250.94000 -128.50000 1.50000 -133.9546
19.96000 -49.48000 1.50000 -75.1884
-195.55000 -35.66000 1.50000 -83.1072
-250.94000 -128.50000 1.50000 -133.9758
19.96000 -49.48000 1.50000 -75.1101
-195.55000 -35.66000 1.50000 -83.0964
-250.94000 -128.50000 1.50000 -133.9633
19.96000 -49.48000 1.50000 -75.0843
-195.55000 -35.66000 1.50000 -83.0651
-250.94000 -128.50000 1.50000 -133.9420
19.96000 -49.48000 1.50000 -75.0592
-195.55000 -35.66000 1.50000 -83.0337
-250.94000 -128.50000 1.50000 -133.9207
19.96000 -49.48000 1.50000 -75.0347
-195.55000 -35.66000 1.50000 -83.0022
-250.94000 -128.50000 1.50000 -133.8994
19.96000 -49.48000 1.50000 -75.0109
-195.55000 -35.66000 1.50000 -82.9706
-250.94000 -128.50000 1.50000 -133.8780
19.96000 -49.48000 1.50000 -74.9877
-195.55000 -35.66000 1.50000 -82.9389
-250.94000 -128.50000 1.50000 -133.8566
19.96000 -49.48000 1.50000 -74.9653
-195.55000 -35.66000 1.50000 -82.9071
-250.94000 -128.50000 1.50000 -133.8352
19.96000 -49.48000 1.50000 -74.9435
-195.55000 -35.66000 1.50000 -82.8753
-250.94000 -128.50000 1.50000 -133.8137
19.96000 -49.48000 1.50000 -74.9225
-195.55000 -35.66000 1.50000 -82.8433
-250.94000 -128.50000 1.50000 -133.7922
19.96000 -49.48000 1.50000 -74.9022
-195.55000 -35.66000 1.50000 -82.8112
-250.94000 -128.50000 1.50000 -133.7707
19.96000 -49.48000 1.50000 -74.8826
-195.55000 -35.66000 1.50000 -82.7790
-250.94000 -128.50000 1.50000 -133.7491
19.96000 -49.48000 1.50000 -74.8638
-195.55000 -35.66000 1.50000 -82.7467
-250.94000 -128.50000 1.50000 -133.7275
19.96000 -49.48000 1.50000 -74.8458
-195.55000 -35.66000 1.50000 -82.7142
-250.94000 -128.50000 1.50000 -133.7059
19.96000 -49.48000 1.50000 -74.8285
-195.55000 -35.66000 1.50000 -82.6817
-250.94000 -128.50000 1.50000 -133.6842
19.96000 -49.48000 1.50000 -74.8120
-195.55000 -35.66000 1.50000 -82.6491
-250.94000 -128.50000 1.50000 -133.6625
19.96000 -49.48000 1.50000 -74.7962
-195.55000 -35.66000 1.50000 -82.6164
-250.94000 -128.50000 1.50000 -133.6407
19.96000 -49.48000 1.50000 -74.7813
-195.55000 -35.66000 1.50000 -82.5836
-250.94000 -128.50000 1.50000 -133.6190
19.96000 -49.48000 1.50000 -74.7672
-195.55000 -35.66000 1.50000 -82.5506
-250.94000 -128.50000 1.50000 -133.5972
19.96000 -49.48000 1.50000 -74.7539
-195.55000 -35.66000 1.50000 -82.5176
-250.94000 -128.50000 1.50000 -133.5753
19.96000 -49.48000 1.50000 -74.6681
-195.55000 -35.66000 1.50000 -82.5053
-250.94000 -128.50000 1.50000 -133.5617
19.96000 -49.48000 1.50000 -74.6817
-195.55000 -35.66000 1.50000 -82.5385
-250.94000 -128.50000 1.50000 -133.5836
19.96000 -49.48000 1.50000 -74.6961
-195.55000 -35.66000 1.50000 -82.5715
-250.94000 -128.50000 1.50000 -133.6055
19.96000 -49.48000 1.50000 -74.7113
-195.55000 -35.66000 1.50000 -82.6044
-250.94000 -128.50000 1.50000 -133.6273
19.96000 -49.48000 1.50000 -74.7274
-195.55000 -35.66000 1.50000 -82.6372
-250.94000 -128.50000 1.50000 -133.6491
19.96000 -49.48000 1.50000 -74.7442
-195.55000 -35.66000 1.50000 -82.6699
-250.94000 -128.50000 1.50000 -133.6709
19.96000 -49.48000 1.50000 -74.7618
-195.55000 -35.66000 1.50000 -82.7025
-250.94000 -128.50000 1.50000 -133.6926
19.96000 -49.48000 1.50000 -74.7802
-195.55000 -35.66000 1.50000 -82.7350
-250.94000 -128.50000 1.50000 -133.7143
19.96000 -49.48000 1.50000 -74.7994
-195.55000 -35.66000 1.50000 -82.7674
-250.94000 -128.50000 1.50000 -133.7360
19.96000 -49.48000 1.50000 -74.8194
-195.55000 -35.66000 1.50000 -82.7997
-250.94000 -128.50000 1.50000 -133.7577
19.96000 -49.48000 1.50000 -74.8400
-195.55000 -35.66000 1.50000 -82.8319
-250.94000 -128.50000 1.50000 -133.7793
19.96000 -49.48000 1.50000 -74.8615
-195.55000 -35.66000 1.50000 -82.8640
-250.94000 -128.50000 1.50000 -133.8008
19.96000 -49.48000 1.50000 -74.8836
-195.55000 -35.66000 1.50000 -82.8960
-250.94000 -128.50000 1.50000 -133.8224
19.96000 -49.48000 1.50000 -74.9065
-195.55000 -35.66000 1.50000 -82.9278
-250.94000 -128.50000 1.50000 -133.8439
19.96000 -49.48000 1.50000 -74.9301
-195.55000 -35.66000 1.50000 -82.9596
-250.94000 -128.50000 1.50000 -133.8653
19.96000 -49.48000 1.50000 -74.9543
-195.55000 -35.66000 1.50000 -82.9912
-250.94000 -128.50000 1.50000 -133.8867
19.96000 -49.48000 1.50000 -74.9793
-195.55000 -35.66000 1.50000 -83.0228
-250.94000 -128.50000 1.50000 -133.9081
19.96000 -49.48000 1.50000 -75.0049
-195.55000 -35.66000 1.50000 -83.0543
-250.94000 -128.50000 1.50000 -133.9295
19.96000 -49.48000 1.50000 -75.0312
-195.55000 -35.66000 1.50000 -83.0856
-250.94000 -128.50000 1.50000 -133.9508
19.96000 -49.48000 1.50000 -75.0581
-195.55000 -35.66000 1.50000 -83.1169
-250.94000 -128.50000 1.50000 -133.9721
19.96000 -49.48000 1.50000 -75.0856
-195.55000 -35.66000 1.50000 -83.1481
-250.94000 -128.50000 1.50000 -133.9934
19.96000 -49.48000 1.50000 -75.0070
-195.55000 -35.66000 1.50000 -83.1376
-250.94000 -128.50000 1.50000 -133.9811
19.96000 -49.48000 1.50000 -74.9790
-195.55000 -35.66000 1.50000 -83.1064
-250.94000 -128.50000 1.50000 -133.9598
19.96000 -49.48000 1.50000 -74.9516
-195.55000 -35.66000 1.50000 -83.0750
-250.94000 -128.50000 1.50000 -133.9384
19.96000 -49.48000 1.50000 -74.9248
-195.55000 -35.66000 1.50000 -83.0436
-250.94000 -128.50000 1.50000 -133.9170
19.96000 -49.48000 1.50000 -74.8987
-195.55000 -35.66000 1.50000 -83.0120
-250.94000 -128.50000 1.50000 -133.8956
19.96000 -49.48000 1.50000 -74.8733
-195.55000 -35.66000 1.50000 -82.9804
-250.94000 -128.50000 1.50000 -133.8741
19.96000 -49.48000 1.50000 -74.8486
-195.55000 -35.66000 1.50000 -82.9487
-250.94000 -128.50000 1.50000 -133.8526
19.96000 -49.48000 1.50000 -74.8246
-195.55000 -35.66000 1.50000 -82.9168
-250.94000 -128.50000 1.50000 -133.8311
19.96000 -49.48000 1.50000 -74.8013
-195.55000 -35.66000 1.50000 -82.8849
-250.94000 -128.50000 1.50000 -133.8096
19.96000 -49.48000 1.50000 -74.7787
-195.55000 -35.66000 1.50000 -82.8528
-250.94000 -128.50000 1.50000 -133.7880
19.96000 -49.48000 1.50000 -74.7568
-195.55000 -35.66000 1.50000 -82.8206
-250.94000 -128.50000 1.50000 -133.7663
19.96000 -49.48000 1.50000 -74.7357
-195.55000 -35.66000 1.50000 -82.7884
-250.94000 -128.50000 1.50000 -133.7447
19.96000 -49.48000 1.50000 -74.7154
-195.55000 -35.66000 1.50000 -82.7560
-250.94000 -128.50000 1.50000 -133.7230
19.96000 -49.48000 1.50000 -74.6959
-195.55000 -35.66000 1.50000 -82.7235
-250.94000 -128.50000 1.50000 -133.7012
19.96000 -49.48000 1.50000 -74.6771
-195.55000 -35.66000 1.50000 -82.6909
-250.94000 -128.50000 1.50000 -133.6795
19.96000 -49.48000 1.50000 -74.6591
-195.55000 -35.66000 1.50000 -82.6583
-250.94000 -128.50000 1.50000 -133.6577
19.96000 -49.48000 1.50000 -74.6419
-195.55000 -35.66000 1.50000 -82.6255
-250.94000 -128.50000 1.50000 -133.6358
19.96000 -49.48000 1.50000 -74.6256
-195.55000 -35.66000 1.50000 -82.5926
-250.94000 -128.50000 1.50000 -133.6139
19.96000 -49.48000 1.50000 -74.6101
-195.55000 -35.66000 1.50000 -82.5595
-250.94000 -128.50000 1.50000 -133.5920
19.96000 -49.48000 1.50000 -74.5954
-195.55000 -35.66000 1.50000 -82.5264
-250.94000 -128.50000 1.50000 -133.5701
19.96000 -49.48000 1.50000 -74.5082
-195.55000 -35.66000 1.50000 -82.5145
-250.94000 -128.50000 1.50000 -133.5566
19.96000 -49.48000 1.50000 -74.5232
-195.55000 -35.66000 1.50000 -82.5477
-250.94000 -128.50000 1.50000 -133.5786
19.96000 -49.48000 1.50000 -74.5390
-195.55000 -35.66000 1.50000 -82.5808
-250.94000 -128.50000 1.50000 -133.6006
19.96000 -49.48000 1.50000 -74.5557
-195.55000 -35.66000 1.50000 -82.6138
-250.94000 -128.50000 1.50000 -133.6225
19.96000 -49.48000 1.50000 -74.5732
-195.55000 -35.66000 1.50000 -82.6467
-250.94000 -128.50000 1.50000 -133.6444
19.96000 -49.48000 1.50000 -74.5916
-195.55000 -35.66000 1.50000 -82.6795
-250.94000 -128.50000 1.50000 -133.6663
19.96000 -49.48000 1.50000 -74.6107
-195.55000 -35.66000 1.50000 -82.7121
-250.94000 -128.50000 1.50000 -133.6881
19.96000 -49.48000 1.50000 -74.6306
-195.55000 -35.66000 1.50000 -82.7447
-250.94000 -128.50000 1.50000 -133.7099
19.96000 -49.48000 1.50000 -74.6514
-195.55000 -35.66000 1.50000 -82.7771
-250.94000 -128.50000 1.50000 -133.7317
19.96000 -49.48000 1.50000 -74.6729
-195.55000 -35.66000 1.50000 -82.8095
-250.94000 -128.50000 1.50000 -133.7534
19.96000 -49.48000 1.50000 -74.6951
-195.55000 -35.66000 1.50000 -82.8417
-250.94000 -128.50000 1.50000 -133.7751
19.96000 -49.48000 1.50000 -74.7182
-195.55000 -35.66000 1.50000 -82.8739
-250.94000 -128.50000 1.50000 -133.7968
19.96000 -49.48000 1.50000 -74.7419
-195.55000 -35.66000 1.50000 -82.9059
-250.94000 -128.50000 1.50000 -133.8184
19.96000 -49.48000 1.50000 -74.7664
-195.55000 -35.66000 1.50000 -82.9378
-250.94000 -128.50000 1.50000 -133.8400
19.96000 -49.48000 1.50000 -74.7916
-195.55000 -35.66000 1.50000 -82.9697
-250.94000 -128.50000 1.50000 -133.8616
19.96000 -49.48000 1.50000 -74.8175
-195.55000 -35.66000 1.50000 -83.0014
-250.94000 -128.50000 1.50000 -133.8831
19.96000 -49.48000 1.50000 -74.8441
-195.55000 -35.66000 1.50000 -83.0330
-250.94000 -128.50000 1.50000 -133.9046
19.96000 -49.48000 1.50000 -74.8714
-195.55000 -35.66000 1.50000 -83.0645
-250.94000 -128.50000 1.50000 -133.9260
19.96000 -49.48000 1.50000 -74.8993
-195.55000 -35.66000 1.50000 -83.0959
-250.94000 -128.50000 1.50000 -133.9474
19.96000 -49.48000 1.50000 -74.9278
-195.55000 -35.66000 1.50000 -83.1272
-250.94000 -128.50000 1.50000 -133.9688
19.96000 -49.48000 1.50000 -74.9570
-195.55000 -35.66000 1.50000 -83.1584
-250.94000 -128.50000 1.50000 -158.1501
19.96000 -49.48000 1.50000 -74.8777
-195.55000 -35.66000 1.50000 -83.1483
-250.94000 -128.50000 1.50000 -158.1380
19.96000 -49.48000 1.50000 -74.8480
-195.55000 -35.66000 1.50000 -83.1170
-250.94000 -128.50000 1.50000 -158.1166
19.96000 -49.48000 1.50000 -74.8189
-195.55000 -35.66000 1.50000 -83.0856
-250.94000 -128.50000 1.50000 -158.0951
19.96000 -49.48000 1.50000 -74.7905
-195.55000 -35.66000 1.50000 -83.0541
-250.94000 -128.50000 1.50000 -133.9137
19.96000 -49.48000 1.50000 -74.7627
-195.55000 -35.66000 1.50000 -83.0225
-250.94000 -128.50000 1.50000 -133.8922
19.96000 -49.48000 1.50000 -74.7356
-195.55000 -35.66000 1.50000 -82.9908
-250.94000 -128.50000 1.50000 -133.8706
19.96000 -49.48000 1.50000 -74.7092
-195.55000 -35.66000 1.50000 -82.9590
-250.94000 -128.50000 1.50000 -133.8490
19.96000 -49.48000 1.50000 -74.6835
-195.55000 -35.66000 1.50000 -82.9271
-250.94000 -128.50000 1.50000 -133.8274
19.96000 -49.48000 1.50000 -74.6585
-195.55000 -35.66000 1.50000 -82.8951
-250.94000 -128.50000 1.50000 -133.8058
19.96000 -49.48000 1.50000 -74.6343
-195.55000 -35.66000 1.50000 -82.8630
-250.94000 -128.50000 1.50000 -133.7841
19.96000 -49.48000 1.50000 -74.6109
-195.55000 -35.66000 1.50000 -82.8308
-250.94000 -128.50000 1.50000 -133.7623
19.96000 -49.48000 1.50000 -74.5882
-195.55000 -35.66000 1.50000 -82.7984
-250.94000 -128.50000 1.50000 -133.7406
19.96000 -49.48000 1.50000 -74.5662
-195.55000 -35.66000 1.50000 -82.7660
-250.94000 -128.50000 1.50000 -133.7188
19.96000 -49.48000 1.50000 -74.5451
-195.55000 -35.66000 1.50000 -82.7335
-250.94000 -128.50000 1.50000 -133.6969
19.96000 -49.48000 1.50000 -74.5247
-195.55000 -35.66000 1.50000 -82.7008
-250.94000 -128.50000 1.50000 -133.6751
19.96000 -49.48000 1.50000 -74.5052
-195.55000 -35.66000 1.50000 -82.6681
-250.94000 -128.50000 1.50000 -133.6532
19.96000 -49.48000 1.50000 -74.4865
-195.55000 -35.66000 1.50000 -82.6352
-250.94000 -128.50000 1.50000 -133.6312
19.96000 -49.48000 1.50000 -74.4687
-195.55000 -35.66000 1.50000 -82.6022
-250.94000 -128.50000 1.50000 -133.6093
19.96000 -49.48000 1.50000 -74.4516
-195.55000 -35.66000 1.50000 -82.5692
-250.94000 -128.50000 1.50000 -133.5872
19.96000 -49.48000 1.50000 -74.3634
-195.55000 -35.66000 1.50000 -82.5576
-250.94000 -128.50000 1.50000 -133.5740
19.96000 -49.48000 1.50000 -74.3807
-195.55000 -35.66000 1.50000 -82.5908
-250.94000 -128.50000 1.50000 -133.5961
19.96000 -49.48000 1.50000 -74.3990
-195.55000 -35.66000 1.50000 -82.6239
-250.94000 -128.50000 1.50000 -133.6181
19.96000 -49.48000 1.50000 -74.4181
-195.55000 -35.66000 1.50000 -82.6568
-250.94000 -128.50000 1.50000 -133.6401
19.96000 -49.48000 1.50000 -74.4380
-195.55000 -35.66000 1.50000 -82.6897
-250.94000 -128.50000 1.50000 -133.6621
19.96000 -49.48000 1.50000 -74.4587
-195.55000 -35.66000 1.50000 -82.7224
-250.94000 -128.50000 1.50000 -133.6840
19.96000 -49.48000 1.50000 -74.4803
-195.55000 -35.66000 1.50000 -82.7550
-250.94000 -128.50000 1.50000 -133.7059
19.96000 -49.48000 1.50000 -74.5027
-195.55000 -35.66000 1.50000 -82.7875
-250.94000 -128.50000 1.50000 -133.7278
19.96000 -49.48000 1.50000 -74.5258
-195.55000 -35.66000 1.50000 -82.8199
-250.94000 -128.50000 1.50000 -133.7496
19.96000 -49.48000 1.50000 -74.5497
-195.55000 -35.66000 1.50000 -82.8522
-250.94000 -128.50000 1.50000 -133.7714
19.96000 -49.48000 1.50000 -74.5744
-195.55000 -35.66000 1.50000 -82.8844
-250.94000 -128.50000 1.50000 -133.7931
19.96000 -49.48000 1.50000 -74.5999
-195.55000 -35.66000 1.50000 -82.9165
-250.94000 -128.50000 1.50000 -133.8148
19.96000 -49.48000 1.50000 -74.6261
-195.55000 -35.66000 1.50000 -82.9485
-250.94000 -128.50000 1.50000 -133.8365
19.96000 -49.48000 1.50000 -74.6530
-195.55000 -35.66000 1.50000 -82.9803
-250.94000 -128.50000 1.50000 -133.8582
19.96000 -49.48000 1.50000 -74.6806
-195.55000 -35.66000 1.50000 -83.0121
-250.94000 -128.50000 1.50000 -158.0398
19.96000 -49.48000 1.50000 -74.7089
-195.55000 -35.66000 1.50000 -83.0438
-250.94000 -128.50000 1.50000 -158.0613
19.96000 -49.48000 1.50000 -74.7379
-195.55000 -35.66000 1.50000 -83.0753
-250.94000 -128.50000 1.50000 -158.0829
19.96000 -49.48000 1.50000 -74.7675
-195.55000 -35.66000 1.50000 -83.1068
-250.94000 -128.50000 1.50000 -158.1044
19.96000 -49.48000 1.50000 -74.7978
-195.55000 -35.66000 1.50000 -83.1382
-250.94000 -128.50000 1.50000 -158.1258
19.96000 -49.48000 1.50000 -74.8287
-195.55000 -35.66000 1.50000 -83.1694
-250.94000 -128.50000 1.50000 -158.1473
19.96000 -49.48000 1.50000 -86.9403
-195.55000 -35.66000 1.50000 -95.2806
-250.94000 -128.50000 1.50000 -170.2487
19.96000 -49.48000 1.50000 -74.7809
-195.55000 -35.66000 1.50000 -83.1907
-250.94000 -128.50000 1.50000 -158.1567
19.96000 -49.48000 1.50000 -74.7487
-195.55000 -35.66000 1.50000 -83.1595
-250.94000 -128.50000 1.50000 -158.1352
19.96000 -49.48000 1.50000 -74.7172
-195.55000 -35.66000 1.50000 -83.1282
-250.94000 -128.50000 1.50000 -158.1137
19.96000 -49.48000 1.50000 -74.6864
-195.55000 -35.66000 1.50000 -83.0968
-250.94000 -128.50000 1.50000 -158.0922
19.96000 -49.48000 1.50000 -74.6562
-195.55000 -35.66000 1.50000 -83.0652
-250.94000 -128.50000 1.50000 -158.0706
19.96000 -49.48000 1.50000 -74.6266
-195.55000 -35.66000 1.50000 -83.0336
-250.94000 -128.50000 1.50000 -158.0491
19.96000 -49.48000 1.50000 -74.5978
-195.55000 -35.66000 1.50000 -83.0018
-250.94000 -128.50000 1.50000 -158.0274
19.96000 -49.48000 1.50000 -74.5696
-195.55000 -35.66000 1.50000 -82.9700
-250.94000 -128.50000 1.50000 -158.0058
19.96000 -49.48000 1.50000 -74.5422
-195.55000 -35.66000 1.50000 -82.9380
-250.94000 -128.50000 1.50000 -133.8240
19.96000 -49.48000 1.50000 -74.5155
-195.55000 -35.66000 1.50000 -82.9060
-250.94000 -128.50000 1.50000 -133.8023
19.96000 -49.48000 1.50000 -74.4896
-195.55000 -35.66000 1.50000 -82.8738
-250.94000 -128.50000 1.50000 -133.7805
19.96000 -49.48000 1.50000 -74.4644
-195.55000 -35.66000 1.50000 -82.8415
-250.94000 -128.50000 1.50000 -133.7587
19.96000 -49.48000 1.50000 -74.4400
-195.55000 -35.66000 1.50000 -82.8092
-250.94000 -128.50000 1.50000 -133.7368
19.96000 -49.48000 1.50000 -74.4164
-195.55000 -35.66000 1.50000 -82.7767
-250.94000 -128.50000 1.50000 -133.7150
19.96000 -49.48000 1.50000 -74.3935
-195.55000 -35.66000 1.50000 -82.7441
-250.94000 -128.50000 1.50000 -133.6930
19.96000 -49.48000 1.50000 -74.3716
-195.55000 -35.66000 1.50000 -82.7114
-250.94000 -128.50000 1.50000 -133.6711
19.96000 -49.48000 1.50000 -74.3504
-195.55000 -35.66000 1.50000 -82.6786
-250.94000 -128.50000 1.50000 -133.6491
19.96000 -49.48000 1.50000 -74.3300
-195.55000 -35.66000 1.50000 -82.6456
-250.94000 -128.50000 1.50000 -133.6270
19.96000 -49.48000 1.50000 -74.3106
-195.55000 -35.66000 1.50000 -82.6126
-250.94000 -128.50000 1.50000 -133.6050
19.96000 -49.48000 1.50000 -74.2920
-195.55000 -35.66000 1.50000 -82.5795
-250.94000 -128.50000 1.50000 -133.5829
19.96000 -49.48000 1.50000 -74.2023
-195.55000 -35.66000 1.50000 -82.5683
-250.94000 -128.50000 1.50000 -133.5697
19.96000 -49.48000 1.50000 -74.2213
-195.55000 -35.66000 1.50000 -82.6015
-250.94000 -128.50000 1.50000 -133.5919
19.96000 -49.48000 1.50000 -74.2412
-195.55000 -35.66000 1.50000 -82.6346
-250.94000 -128.50000 1.50000 -133.6140
19.96000 -49.48000 1.50000 -74.2619
-195.55000 -35.66000 1.50000 -82.6676
-250.94000 -128.50000 1.50000 -133.6361
19.96000 -49.48000 1.50000 -74.2835
-195.55000 -35.66000 1.50000 -82.7005
-250.94000 -128.50000 1.50000 -133.6582
19.96000 -49.48000 1.50000 -74.3060
-195.55000 -35.66000 1.50000 -82.7333
-250.94000 -128.50000 1.50000 -133.6802
19.96000 -49.48000 1.50000 -74.3293
-195.55000 -35.66000 1.50000 -82.7660
-250.94000 -128.50000 1.50000 -133.7022
19.96000 -49.48000 1.50000 -74.3534
-195.55000 -35.66000 1.50000 -82.7985
-250.94000 -128.50000 1.50000 -133.7242
19.96000 -49.48000 1.50000 -74.3783
-195.55000 -35.66000 1.50000 -82.8310
-250.94000 -128.50000 1.50000 -133.7461
19.96000 -49.48000 1.50000 -74.4040
-195.55000 -35.66000 1.50000 -82.8633
-250.94000 -128.50000 1.50000 -133.7680
19.96000 -49.48000 1.50000 -74.4304
-195.55000 -35.66000 1.50000 -82.8956
-250.94000 -128.50000 1.50000 -157.9498
19.96000 -49.48000 1.50000 -74.4576
-195.55000 -35.66000 1.50000 -82.9277
-250.94000 -128.50000 1.50000 -157.9716
19.96000 -49.48000 1.50000 -74.4856
-195.55000 -35.66000 1.50000 -82.9597
-250.94000 -128.50000 1.50000 -157.9934
19.96000 -49.48000 1.50000 -74.5143
-195.55000 -35.66000 1.50000 -82.9917
-250.94000 -128.50000 1.50000 -158.0151
19.96000 -49.48000 1.50000 -74.5437
-195.55000 -35.66000 1.50000 -83.0235
-250.94000 -128.50000 1.50000 -158.0368
19.96000 -49.48000 1.50000 -74.5738
-195.55000 -35.66000 1.50000 -83.0552
-250.94000 -128.50000 1.50000 -158.0585
19.96000 -49.48000 1.50000 -74.6046
-195.55000 -35.66000 1.50000 -83.0868
-250.94000 -128.50000 1.50000 -158.0801
19.96000 -49.48000 1.50000 -74.6360
-195.55000 -35.66000 1.50000 -83.1183
-250.94000 -128.50000 1.50000 -158.1017
19.96000 -49.48000 1.50000 -74.6681
-195.55000 -35.66000 1.50000 -83.1497
-250.94000 -128.50000 1.50000 -158.1232
19.96000 -49.48000 1.50000 -74.7008
-195.55000 -35.66000 1.50000 -83.1810
-250.94000 -128.50000 1.50000 -158.1447
19.96000 -49.48000 1.50000 -86.7002
-195.55000 -35.66000 1.50000 -95.2514
-250.94000 -128.50000 1.50000 -170.2128
19.96000 -49.48000 1.50000 -74.5869
-195.55000 -35.66000 1.50000 -83.1400
-250.94000 -128.50000 1.50000 -158.1112
19.96000 -49.48000 1.50000 -74.5542
-195.55000 -35.66000 1.50000 -83.1085
-250.94000 -128.50000 1.50000 -158.0896
19.96000 -49.48000 1.50000 -74.5221
-195.55000 -35.66000 1.50000 -83.0769
-250.94000 -128.50000 1.50000 -158.0680
19.96000 -49.48000 1.50000 -74.4907
-195.55000 -35.66000 1.50000 -83.0453
-250.94000 -128.50000 1.50000 -158.0463
19.96000 -49.48000 1.50000 -74.4601
-195.55000 -35.66000 1.50000 -83.0135
-250.94000 -128.50000 1.50000 -158.0246
19.96000 -49.48000 1.50000 -74.4301
-195.55000 -35.66000 1.50000 -82.9816
-250.94000 -128.50000 1.50000 -158.0028
19.96000 -49.48000 1.50000 -74.4008
-195.55000 -35.66000 1.50000 -82.9496
-250.94000 -128.50000 1.50000 -157.9810
19.96000 -49.48000 1.50000 -74.3723
-195.55000 -35.66000 1.50000 -82.9175
-250.94000 -128.50000 1.50000 -157.9592
19.96000 -49.48000 1.50000 -74.3446
-195.55000 -35.66000 1.50000 -82.8853
-250.94000 -128.50000 1.50000 -157.9373
19.96000 -49.48000 1.50000 -74.3176
-195.55000 -35.66000 1.50000 -82.8530
-250.94000 -128.50000 1.50000 -157.9154
19.96000 -49.48000 1.50000 -74.2914
-195.55000 -35.66000 1.50000 -82.8205
-250.94000 -128.50000 1.50000 -157.8935
19.96000 -49.48000 1.50000 -74.2660
-195.55000 -35.66000 1.50000 -82.7880
-250.94000 -128.50000 1.50000 -133.7115
19.96000 -49.48000 1.50000 -74.2414
-195.55000 -35.66000 1.50000 -82.7553
-250.94000 -128.50000 1.50000 -133.6895
19.96000 -49.48000 1.50000 -74.2176
-195.55000 -35.66000 1.50000 -82.7226
-250.94000 -128.50000 1.50000 -133.6674
19.96000 -49.48000 1.50000 -74.1947
-195.55000 -35.66000 1.50000 -82.6897
-250.94000 -128.50000 1.50000 -133.6454
19.96000 -49.48000 1.50000 -74.1726
-195.55000 -35.66000 1.50000 -82.6568
-250.94000 -128.50000 1.50000 -133.6232
19.96000 -49.48000 1.50000 -74.1515
-195.55000 -35.66000 1.50000 -82.6237
-250.94000 -128.50000 1.50000 -133.6011
19.96000 -49.48000 1.50000 -74.0609
-195.55000 -35.66000 1.50000 -82.6128
-250.94000 -128.50000 1.50000 -133.5881
19.96000 -49.48000 1.50000 -74.0825
-195.55000 -35.66000 1.50000 -82.6460
-250.94000 -128.50000 1.50000 -133.6104
19.96000 -49.48000 1.50000 -74.1050
-195.55000 -35.66000 1.50000 -82.6791
-250.94000 -128.50000 1.50000 -133.6325
19.96000 -49.48000 1.50000 -74.1284
-195.55000 -35.66000 1.50000 -82.7120
-250.94000 -128.50000 1.50000 -133.6547
19.96000 -49.48000 1.50000 -74.1526
-195.55000 -35.66000 1.50000 -82.7448
-250.94000 -128.50000 1.50000 -157.8368
19.96000 -49.48000 1.50000 -74.1777
-195.55000 -35.66000 1.50000 -82.7776
-250.94000 -128.50000 1.50000 -157.8589
19.96000 -49.48000 1.50000 -74.2036
-195.55000 -35.66000 1.50000 -82.8102
-250.94000 -128.50000 1.50000 -157.8810
19.96000 -49.48000 1.50000 -74.2304
-195.55000 -35.66000 1.50000 -82.8427
-250.94000 -128.50000 1.50000 -157.9030
19.96000 -49.48000 1.50000 -74.2579
-195.55000 -35.66000 1.50000 -82.8751
-250.94000 -128.50000 1.50000 -157.9249
19.96000 -49.48000 1.50000 -74.2862
-195.55000 -35.66000 1.50000 -82.9074
-250.94000 -128.50000 1.50000 -157.9469
19.96000 -49.48000 1.50000 -74.3153
-195.55000 -35.66000 1.50000 -82.9395
-250.94000 -128.50000 1.50000 -157.9688
19.96000 -49.48000 1.50000 -74.3452
-195.55000 -35.66000 1.50000 -82.9716
-250.94000 -128.50000 1.50000 -157.9906
19.96000 -49.48000 1.50000 -74.3757
-195.55000 -35.66000 1.50000 -83.0036
-250.94000 -128.50000 1.50000 -158.0124
19.96000 -49.48000 1.50000 -74.4070
-195.55000 -35.66000 1.50000 -83.0354
-250.94000 -128.50000 1.50000 -158.0342
19.96000 -49.48000 1.50000 -74.4390
-195.55000 -35.66000 1.50000 -83.0672
-250.94000 -128.50000 1.50000 -158.0559
19.96000 -49.48000 1.50000 -74.4716
-195.55000 -35.66000 1.50000 -83.0988
-250.94000 -128.50000 1.50000 -158.0776
19.96000 -49.48000 1.50000 -74.5050
-195.55000 -35.66000 1.50000 -83.1304
-250.94000 -128.50000 1.50000 -158.0993
19.96000 -49.48000 1.50000 -74.5390
-195.55000 -35.66000 1.50000 -83.1618
-250.94000 -128.50000 1.50000 -133.9609
19.96000 -49.48000 1.50000 -74.4571
-195.55000 -35.66000 1.50000 -83.1524
-250.94000 -128.50000 1.50000 -133.9491
19.96000 -49.48000 1.50000 -74.4224
-195.55000 -35.66000 1.50000 -83.1209
-250.94000 -128.50000 1.50000 -133.9274
19.96000 -49.48000 1.50000 -74.3885
-195.55000 -35.66000 1.50000 -83.0893
-250.94000 -128.50000 1.50000 -133.9057
19.96000 -49.48000 1.50000 -74.3552
-195.55000 -35.66000 1.50000 -83.0575
-250.94000 -128.50000 1.50000 -158.0439
19.96000 -49.48000 1.50000 -74.3226
-195.55000 -35.66000 1.50000 -83.0257
-250.94000 -128.50000 1.50000 -158.0221
19.96000 -49.48000 1.50000 -74.2907
-195.55000 -35.66000 1.50000 -82.9938
-250.94000 -128.50000 1.50000 -158.0003
19.96000 -49.48000 1.50000 -74.2595
-195.55000 -35.66000 1.50000 -82.9617
-250.94000 -128.50000 1.50000 -157.9784
19.96000 -49.48000 1.50000 -74.2291
-195.55000 -35.66000 1.50000 -82.9296
-250.94000 -128.50000 1.50000 -157.9565
19.96000 -49.48000 1.50000 -74.1994
-195.55000 -35.66000 1.50000 -82.8974
-250.94000 -128.50000 1.50000 -157.9345
19.96000 -49.48000 1.50000 -74.1705
-195.55000 -35.66000 1.50000 -82.8650
-250.94000 -128.50000 1.50000 -157.9125
19.96000 -49.48000 1.50000 -74.1424
-195.55000 -35.66000 1.50000 -82.8325
-250.94000 -128.50000 1.50000 -157.8905
19.96000 -49.48000 1.50000 -74.1151
-195.55000 -35.66000 1.50000 -82.7999
-250.94000 -128.50000 1.50000 -157.8684
19.96000 -49.48000 1.50000 -74.0887
-195.55000 -35.66000 1.50000 -82.7673
-250.94000 -128.50000 1.50000 -157.8463
19.96000 -49.48000 1.50000 -74.0630
-195.55000 -35.66000 1.50000 -82.7345
-250.94000 -128.50000 1.50000 -157.8242
19.96000 -49.48000 1.50000 -74.0383
-195.55000 -35.66000 1.50000 -82.7015
-250.94000 -128.50000 1.50000 -157.8020
19.96000 -49.48000 1.50000 -74.0144
-195.55000 -35.66000 1.50000 -82.6685
-250.94000 -128.50000 1.50000 -133.6198
19.96000 -49.48000 1.50000 -73.9914
-195.55000 -35.66000 1.50000 -82.6354
-250.94000 -128.50000 1.50000 -133.5975
19.96000 -49.48000 1.50000 -73.8995
-195.55000 -35.66000 1.50000 -82.6249
-250.94000 -128.50000 1.50000 -157.7447
19.96000 -49.48000 1.50000 -73.9229
-195.55000 -35.66000 1.50000 -82.6581
-250.94000 -128.50000 1.50000 -157.7670
19.96000 -49.48000 1.50000 -73.9473
-195.55000 -35.66000 1.50000 -82.6912
-250.94000 -128.50000 1.50000 -157.7893
19.96000 -49.48000 1.50000 -73.9726
-195.55000 -35.66000 1.50000 -82.7242
-250.94000 -128.50000 1.50000 -157.8116
19.96000 -49.48000 1.50000 -73.9988
-195.55000 -35.66000 1.50000 -82.7571
-250.94000 -128.50000 1.50000 -157.8338
19.96000 -49.48000 1.50000 -74.0258
-195.55000 -35.66000 1.50000 -82.7898
-250.94000 -128.50000 1.50000 -157.8560
19.96000 -49.48000 1.50000 -74.0536
-195.55000 -35.66000 1.50000 -82.8225
-250.94000 -128.50000 1.50000 -157.8781
19.96000 -49.48000 1.50000 -74.0823
-195.55000 -35.66000 1.50000 -82.8550
-250.94000 -128.50000 1.50000 -157.9002
19.96000 -49.48000 1.50000 -74.1118
-195.55000 -35.66000 1.50000 -82.8875
-250.94000 -128.50000 1.50000 -157.9222
19.96000 -49.48000 1.50000 -74.1421
-195.55000 -35.66000 1.50000 -82.9198
-250.94000 -128.50000 1.50000 -157.9443
19.96000 -49.48000 1.50000 -74.1731
-195.55000 -35.66000 1.50000 -82.9520
-250.94000 -128.50000 1.50000 -157.9662
19.96000 -49.48000 1.50000 -74.2049
-195.55000 -35.66000 1.50000 -82.9841
-250.94000 -128.50000 1.50000 -157.9882
19.96000 -49.48000 1.50000 -74.2374
-195.55000 -35.66000 1.50000 -83.0161
-250.94000 -128.50000 1.50000 -133.8501
19.96000 -49.48000 1.50000 -74.2707
-195.55000 -35.66000 1.50000 -83.0480
-250.94000 -128.50000 1.50000 -133.8719
19.96000 -49.48000 1.50000 -74.3046
-195.55000 -35.66000 1.50000 -83.0798
-250.94000 -128.50000 1.50000 -133.8938
19.96000 -49.48000 1.50000 -74.3393
-195.55000 -35.66000 1.50000 -83.1115
-250.94000 -128.50000 1.50000 -133.9156
19.96000 -49.48000 1.50000 -74.3745
-195.55000 -35.66000 1.50000 -83.1430
-250.94000 -128.50000 1.50000 -133.9373
19.96000 -49.48000 1.50000 -74.4105
-195.55000 -35.66000 1.50000 -83.1745
-250.94000 -128.50000 1.50000 -133.9590
19.96000 -49.48000 1.50000 -74.4470
-195.55000 -35.66000 1.50000 -83.2059
-250.94000 -128.50000 1.50000 -133.9807
19.96000 -49.48000 1.50000 -74.3653
-195.55000 -35.66000 1.50000 -83.1968
-250.94000 -128.50000 1.50000 -133.9690
19.96000 -49.48000 1.50000 -74.3280
-195.55000 -35.66000 1.50000 -83.1653
-250.94000 -128.50000 1.50000 -133.9473
19.96000 -49.48000 1.50000 -74.2914
-195.55000 -35.66000 1.50000 -83.1338
-250.94000 -128.50000 1.50000 -133.9255
19.96000 -49.48000 1.50000 -74.2554
-195.55000 -35.66000 1.50000 -83.1022
-250.94000 -128.50000 1.50000 -133.9037
19.96000 -49.48000 1.50000 -74.2201
-195.55000 -35.66000 1.50000 -83.0704
-250.94000 -128.50000 1.50000 -133.8819
19.96000 -49.48000 1.50000 -74.1855
-195.55000 -35.66000 1.50000 -83.0386
-250.94000 -128.50000 1.50000 -133.8600
19.96000 -49.48000 1.50000 -74.1516
-195.55000 -35.66000 1.50000 -83.0066
-250.94000 -128.50000 1.50000 -133.8381
19.96000 -49.48000 1.50000 -74.1184
-195.55000 -35.66000 1.50000 -82.9745
-250.94000 -128.50000 1.50000 -133.8161
19.96000 -49.48000 1.50000 -74.0859
-195.55000 -35.66000 1.50000 -82.9424
-250.94000 -128.50000 1.50000 -133.7941
19.96000 -49.48000 1.50000 -74.0543
-195.55000 -35.66000 1.50000 -82.9101
-250.94000 -128.50000 1.50000 -157.9321
19.96000 -49.48000 1.50000 -74.0234
-195.55000 -35.66000 1.50000 -82.8777
-250.94000 -128.50000 1.50000 -157.9100
19.96000 -49.48000 1.50000 -73.9933
-195.55000 -35.66000 1.50000 -82.8452
-250.94000 -128.50000 1.50000 -157.8879
19.96000 -49.48000 1.50000 -73.9640
-195.55000 -35.66000 1.50000 -82.8125
-250.94000 -128.50000 1.50000 -157.8657
19.96000 -49.48000 1.50000 -73.9356
-195.55000 -35.66000 1.50000 -82.7798
-250.94000 -128.50000 1.50000 -157.8435
19.96000 -49.48000 1.50000 -73.9080
-195.55000 -35.66000 1.50000 -82.7470
-250.94000 -128.50000 1.50000 -157.8213
19.96000 -49.48000 1.50000 -73.8813
-195.55000 -35.66000 1.50000 -82.7140
-250.94000 -128.50000 1.50000 -157.7990
19.96000 -49.48000 1.50000 -73.8555
-195.55000 -35.66000 1.50000 -82.6809
-250.94000 -128.50000 1.50000 -157.7767
19.96000 -49.48000 1.50000 -73.7627
-195.55000 -35.66000 1.50000 -82.6708
-250.94000 -128.50000 1.50000 -157.7641
19.96000 -49.48000 1.50000 -73.7891
-195.55000 -35.66000 1.50000 -82.7040
-250.94000 -128.50000 1.50000 -157.7865
19.96000 -49.48000 1.50000 -73.8164
-195.55000 -35.66000 1.50000 -82.7370
-250.94000 -128.50000 1.50000 -157.8088
19.96000 -49.48000 1.50000 -73.8445
-195.55000 -35.66000 1.50000 -82.7699
-250.94000 -128.50000 1.50000 -157.8311
19.96000 -49.48000 1.50000 -73.8736
-195.55000 -35.66000 1.50000 -82.8027
-250.94000 -128.50000 1.50000 -157.8534
19.96000 -49.48000 1.50000 -73.9034
-195.55000 -35.66000 1.50000 -82.8354
-250.94000 -128.50000 1.50000 -157.8756
19.96000 -49.48000 1.50000 -73.9342
-195.55000 -35.66000 1.50000 -82.8680
-250.94000 -128.50000 1.50000 -133.7378
19.96000 -49.48000 1.50000 -73.9657
-195.55000 -35.66000 1.50000 -82.9005
-250.94000 -128.50000 1.50000 -133.7599
19.96000 -49.48000 1.50000 -73.9980
-195.55000 -35.66000 1.50000 -82.9328
-250.94000 -128.50000 1.50000 -133.7820
19.96000 -49.48000 1.50000 -74.0311
-195.55000 -35.66000 1.50000 -82.9651
-250.94000 -128.50000 1.50000 -133.8041
19.96000 -49.48000 1.50000 -74.0650
-195.55000 -35.66000 1.50000 -82.9972
-250.94000 -128.50000 1.50000 -133.8261
19.96000 -49.48000 1.50000 -74.0996
-195.55000 -35.66000 1.50000 -83.0292
-250.94000 -128.50000 1.50000 -133.8481
19.96000 -49.48000 1.50000 -74.1349
-195.55000 -35.66000 1.50000 -83.0612
-250.94000 -128.50000 1.50000 -133.8700
19.96000 -49.48000 1.50000 -74.1709
-195.55000 -35.66000 1.50000 -83.0930
-250.94000 -128.50000 1.50000 -133.8920
19.96000 -49.48000 1.50000 -74.2076
-195.55000 -35.66000 1.50000 -83.1247
-250.94000 -128.50000 1.50000 -133.9138
19.96000 -49.48000 1.50000 -74.2449
-195.55000 -35.66000 1.50000 -83.1563
-250.94000 -128.50000 1.50000 -133.9356
19.96000 -49.48000 1.50000 -74.2829
-195.55000 -35.66000 1.50000 -83.1878
-250.94000 -128.50000 1.50000 -133.9574
19.96000 -49.48000 1.50000 -74.3215
-195.55000 -35.66000 1.50000 -83.2192
-250.94000 -128.50000 1.50000 -133.9792
19.96000 -49.48000 1.50000 -74.2392
-195.55000 -35.66000 1.50000 -83.2104
-250.94000 -128.50000 1.50000 -133.9677
19.96000 -49.48000 1.50000 -74.1999
-195.55000 -35.66000 1.50000 -83.1789
-250.94000 -128.50000 1.50000 -133.9459
19.96000 -49.48000 1.50000 -74.1612
-195.55000 -35.66000 1.50000 -83.1473
-250.94000 -128.50000 1.50000 -133.9240
19.96000 -49.48000 1.50000 -74.1231
-195.55000 -35.66000 1.50000 -83.1157
-250.94000 -128.50000 1.50000 -133.9021
19.96000 -49.48000 1.50000 -74.0857
-195.55000 -35.66000 1.50000 -83.0839
-250.94000 -128.50000 1.50000 -133.8802
19.96000 -49.48000 1.50000 -74.0490
-195.55000 -35.66000 1.50000 -83.0520
-250.94000 -128.50000 1.50000 -133.8582
19.96000 -49.48000 1.50000 -74.0129
-195.55000 -35.66000 1.50000 -83.0200
-250.94000 -128.50000 1.50000 -133.8362
19.96000 -49.48000 1.50000 -73.9777
-195.55000 -35.66000 1.50000 -82.9879
-250.94000 -128.50000 1.50000 -133.8142
19.96000 -49.48000 1.50000 -73.9431
-195.55000 -35.66000 1.50000 -82.9557
-250.94000 -128.50000 1.50000 -133.7921
19.96000 -49.48000 1.50000 -73.9093
-195.55000 -35.66000 1.50000 -82.9234
-250.94000 -128.50000 1.50000 -133.7700
19.96000 -49.48000 1.50000 -73.8763
-195.55000 -35.66000 1.50000 -82.8910
-250.94000 -128.50000 1.50000 -133.7478
19.96000 -49.48000 1.50000 -73.8441
-195.55000 -35.66000 1.50000 -82.8584
-250.94000 -128.50000 1.50000 -133.7256
19.96000 -49.48000 1.50000 -73.8128
-195.55000 -35.66000 1.50000 -82.8258
-250.94000 -128.50000 1.50000 -133.7034
19.96000 -49.48000 1.50000 -73.7823
-195.55000 -35.66000 1.50000 -82.7930
-250.94000 -128.50000 1.50000 -157.8411
19.96000 -49.48000 1.50000 -73.7526
-195.55000 -35.66000 1.50000 -82.7601
-250.94000 -128.50000 1.50000 -157.8188
19.96000 -49.48000 1.50000 -73.7238
-195.55000 -35.66000 1.50000 -82.7271
-250.94000 -128.50000 1.50000 -157.7964
19.96000 -49.48000 1.50000 -73.6960
-195.55000 -35.66000 1.50000 -82.6940
-250.94000 -128.50000 1.50000 -157.7740
19.96000 -49.48000 1.50000 -73.6019
-195.55000 -35.66000 1.50000 -82.6842
-250.94000 -128.50000 1.50000 -157.7616
19.96000 -49.48000 1.50000 -73.6304
-195.55000 -35.66000 1.50000 -82.7174
-250.94000 -128.50000 1.50000 -157.7840
19.96000 -49.48000 1.50000 -73.6598
-195.55000 -35.66000 1.50000 -82.7505
-250.94000 -128.50000 1.50000 -133.6465
19.96000 -49.48000 1.50000 -73.6901
-195.55000 -35.66000 1.50000 -82.7834
-250.94000 -128.50000 1.50000 -133.6689
19.96000 -49.48000 1.50000 -73.7213
-195.55000 -35.66000 1.50000 -82.8162
-250.94000 -128.50000 1.50000 -133.6912
19.96000 -49.48000 1.50000 -73.7533
-195.55000 -35.66000 1.50000 -82.8490
-250.94000 -128.50000 1.50000 -133.7135
19.96000 -49.48000 1.50000 -73.7862
-195.55000 -35.66000 1.50000 -82.8816
-250.94000 -128.50000 1.50000 -133.7358
19.96000 -49.48000 1.50000 -73.8198
-195.55000 -35.66000 1.50000 -82.9141
-250.94000 -128.50000 1.50000 -133.7580
19.96000 -49.48000 1.50000 -73.8543
-195.55000 -35.66000 1.50000 -82.9465
-250.94000 -128.50000 1.50000 -133.7802
19.96000 -49.48000 1.50000 -73.8896
-195.55000 -35.66000 1.50000 -82.9787
-250.94000 -128.50000 1.50000 -133.8023
19.96000 -49.48000 1.50000 -73.9256
-195.55000 -35.66000 1.50000 -83.0109
-250.94000 -128.50000 1.50000 -133.8244
19.96000 -49.48000 1.50000 -73.9623
-195.55000 -35.66000 1.50000 -83.0430
-250.94000 -128.50000 1.50000 -133.8465
19.96000 -49.48000 1.50000 -73.9998
-195.55000 -35.66000 1.50000 -83.0749
-250.94000 -128.50000 1.50000 -133.8685
19.96000 -49.48000 1.50000 -74.0379
-195.55000 -35.66000 1.50000 -83.1068
-250.94000 -128.50000 1.50000 -133.8905
19.96000 -49.48000 1.50000 -74.0768
-195.55000 -35.66000 1.50000 -83.1385
-250.94000 -128.50000 1.50000 -133.9124
19.96000 -49.48000 1.50000 -74.1162
-195.55000 -35.66000 1.50000 -83.1701
-250.94000 -128.50000 1.50000 -133.9343
19.96000 -49.48000 1.50000 -74.1563
-195.55000 -35.66000 1.50000 -83.2016
-250.94000 -128.50000 1.50000 -133.9562
19.96000 -49.48000 1.50000 -74.1970
-195.55000 -35.66000 1.50000 -83.2331
-250.94000 -128.50000 1.50000 -133.9780
19.96000 -49.48000 1.50000 -86.3183
-195.55000 -35.66000 1.50000 -95.3444
-250.94000 -128.50000 1.50000 -146.0798
19.96000 -49.48000 1.50000 -74.1564
-195.55000 -35.66000 1.50000 -83.2559
-250.94000 -128.50000 1.50000 -133.9885
19.96000 -49.48000 1.50000 -74.1143
-195.55000 -35.66000 1.50000 -83.2245
-250.94000 -128.50000 1.50000 -133.9666
19.96000 -49.48000 1.50000 -74.0729
-195.55000 -35.66000 1.50000 -83.1930
-250.94000 -128.50000 1.50000 -133.9448
19.96000 -49.48000 1.50000 -74.0320
-195.55000 -35.66000 1.50000 -83.1614
-250.94000 -128.50000 1.50000 -133.9229
19.96000 -49.48000 1.50000 -73.9917
-195.55000 -35.66000 1.50000 -83.1297
-250.94000 -128.50000 1.50000 -133.9009
19.96000 -49.48000 1.50000 -73.9521
-195.55000 -35.66000 1.50000 -83.0979
-250.94000 -128.50000 1.50000 -133.8789
19.96000 -49.48000 1.50000 -73.9132
-195.55000 -35.66000 1.50000 -83.0660
-250.94000 -128.50000 1.50000 -133.8568
19.96000 -49.48000 1.50000 -73.8750
-195.55000 -35.66000 1.50000 -83.0340
-250.94000 -128.50000 1.50000 -133.8348
19.96000 -49.48000 1.50000 -73.8375
-195.55000 -35.66000 1.50000 -83.0019
-250.94000 -128.50000 1.50000 -133.8126
19.96000 -49.48000 1.50000 -73.8008
-195.55000 -35.66000 1.50000 -82.9697
-250.94000 -128.50000 1.50000 -133.7905
19.96000 -49.48000 1.50000 -73.7648
-195.55000 -35.66000 1.50000 -82.9373
-250.94000 -128.50000 1.50000 -133.7683
19.96000 -49.48000 1.50000 -73.7296
-195.55000 -35.66000 1.50000 -82.9049
-250.94000 -128.50000 1.50000 -133.7460
19.96000 -49.48000 1.50000 -73.6952
-195.55000 -35.66000 1.50000 -82.8723
-250.94000 -128.50000 1.50000 -133.7237
19.96000 -49.48000 1.50000 -73.6616
-195.55000 -35.66000 1.50000 -82.8396
-250.94000 -128.50000 1.50000 -133.7014
19.96000 -49.48000 1.50000 -73.6289
-195.55000 -35.66000 1.50000 -82.8068
-250.94000 -128.50000 1.50000 -133.6790
19.96000 -49.48000 1.50000 -73.5970
-195.55000 -35.66000 1.50000 -82.7739
-250.94000 -128.50000 1.50000 -133.6566
19.96000 -49.48000 1.50000 -73.5661
-195.55000 -35.66000 1.50000 -82.7409
-250.94000 -128.50000 1.50000 -133.6342
19.96000 -49.48000 1.50000 -73.4715
-195.55000 -35.66000 1.50000 -82.7314
-250.94000 -128.50000 1.50000 -133.6219
19.96000 -49.48000 1.50000 -73.5031
-195.55000 -35.66000 1.50000 -82.7645
-250.94000 -128.50000 1.50000 -133.6445
19.96000 -49.48000 1.50000 -73.5357
-195.55000 -35.66000 1.50000 -82.7975
-250.94000 -128.50000 1.50000 -133.6669
19.96000 -49.48000 1.50000 -73.5691
-195.55000 -35.66000 1.50000 -82.8304
-250.94000 -128.50000 1.50000 -133.6894
19.96000 -49.48000 1.50000 -73.6034
-195.55000 -35.66000 1.50000 -82.8631
-250.94000 -128.50000 1.50000 -133.7117
19.96000 -49.48000 1.50000 -73.6385
-195.55000 -35.66000 1.50000 -82.8958
-250.94000 -128.50000 1.50000 -133.7341
19.96000 -49.48000 1.50000 -73.6744
-195.55000 -35.66000 1.50000 -82.9283
-250.94000 -128.50000 1.50000 -133.7564
19.96000 -49.48000 1.50000 -73.7112
-195.55000 -35.66000 1.50000 -82.9607
-250.94000 -128.50000 1.50000 -133.7787
19.96000 -49.48000 1.50000 -73.7487
-195.55000 -35.66000 1.50000 -82.9930
-250.94000 -128.50000 1.50000 -133.8009
19.96000 -49.48000 1.50000 -73.7870
-195.55000 -35.66000 1.50000 -83.0252
-250.94000 -128.50000 1.50000 -133.8231
19.96000 -49.48000 1.50000 -73.8260
-195.55000 -35.66000 1.50000 -83.0573
-250.94000 -128.50000 1.50000 -133.8452
19.96000 -49.48000 1.50000 -73.8656
-195.55000 -35.66000 1.50000 -83.0892
-250.94000 -128.50000 1.50000 -133.8673
19.96000 -49.48000 1.50000 -73.9060
-195.55000 -35.66000 1.50000 -83.1211
-250.94000 -128.50000 1.50000 -133.8894
19.96000 -49.48000 1.50000 -73.9471
-195.55000 -35.66000 1.50000 -83.1529
-250.94000 -128.50000 1.50000 -133.9114
19.96000 -49.48000 1.50000 -73.9888
-195.55000 -35.66000 1.50000 -83.1845
-250.94000 -128.50000 1.50000 -133.9334
19.96000 -49.48000 1.50000 -74.0311
-195.55000 -35.66000 1.50000 -83.2161
-250.94000 -128.50000 1.50000 -133.9553
19.96000 -49.48000 1.50000 -73.9472
-195.55000 -35.66000 1.50000 -83.2077
-250.94000 -128.50000 1.50000 -133.9440
19.96000 -49.48000 1.50000 -73.9041
-195.55000 -35.66000 1.50000 -83.1761
-250.94000 -128.50000 1.50000 -133.9220
19.96000 -49.48000 1.50000 -73.8615
-195.55000 -35.66000 1.50000 -83.1444
-250.94000 -128.50000 1.50000 -133.9000
19.96000 -49.48000 1.50000 -73.8197
-195.55000 -35.66000 1.50000 -83.1126
-250.94000 -128.50000 1.50000 -133.8779
19.96000 -49.48000 1.50000 -73.7785
-195.55000 -35.66000 1.50000 -83.0807
-250.94000 -128.50000 1.50000 -133.8558
19.96000 -49.48000 1.50000 -73.7380
-195.55000 -35.66000 1.50000 -83.0486
-250.94000 -128.50000 1.50000 -133.8336
19.96000 -49.48000 1.50000 -73.6982
-195.55000 -35.66000 1.50000 -83.0165
-250.94000 -128.50000 1.50000 -133.8114
19.96000 -49.48000 1.50000 -73.6591
-195.55000 -35.66000 1.50000 -82.9842
-250.94000 -128.50000 1.50000 -133.7892
19.96000 -49.48000 1.50000 -73.6208
-195.55000 -35.66000 1.50000 -82.9519
-250.94000 -128.50000 1.50000 -133.7669
19.96000 -49.48000 1.50000 -73.5833
-195.55000 -35.66000 1.50000 -82.9194
-250.94000 -128.50000 1.50000 -133.7446
19.96000 -49.48000 1.50000 -73.5466
-195.55000 -35.66000 1.50000 -82.8868
-250.94000 -128.50000 1.50000 -133.7222
19.96000 -49.48000 1.50000 -73.5107
-195.55000 -35.66000 1.50000 -82.8541
-250.94000 -128.50000 1.50000 -133.6998
19.96000 -49.48000 1.50000 -73.4757
-195.55000 -35.66000 1.50000 -82.8213
-250.94000 -128.50000 1.50000 -133.6774
19.96000 -49.48000 1.50000 -73.4415
-195.55000 -35.66000 1.50000 -82.7883
-250.94000 -128.50000 1.50000 -133.6549
19.96000 -49.48000 1.50000 -73.4083
-195.55000 -35.66000 1.50000 -82.7553
-250.94000 -128.50000 1.50000 -133.6323
19.96000 -49.48000 1.50000 -73.3125
-195.55000 -35.66000 1.50000 -82.7461
-250.94000 -128.50000 1.50000 -133.6202
19.96000 -49.48000 1.50000 -73.3465
-195.55000 -35.66000 1.50000 -82.7793
-250.94000 -128.50000 1.50000 -133.6428
19.96000 -49.48000 1.50000 -73.3814
-195.55000 -35.66000 1.50000 -82.8123
-250.94000 -128.50000 1.50000 -133.6654
19.96000 -49.48000 1.50000 -73.4172
-195.55000 -35.66000 1.50000 -82.8452
-250.94000 -128.50000 1.50000 -133.6879
19.96000 -49.48000 1.50000 -73.4539
-195.55000 -35.66000 1.50000 -82.8779
-250.94000 -128.50000 1.50000 -133.7104
19.96000 -49.48000 1.50000 -73.4914
-195.55000 -35.66000 1.50000 -82.9106
-250.94000 -128.50000 1.50000 -133.7328
19.96000 -49.48000 1.50000 -73.5297
-195.55000 -35.66000 1.50000 -82.9431
-250.94000 -128.50000 1.50000 -133.7552
19.96000 -49.48000 1.50000 -73.5688
-195.55000 -35.66000 1.50000 -82.9756
-250.94000 -128.50000 1.50000 -133.7775
19.96000 -49.48000 1.50000 -73.6087
-195.55000 -35.66000 1.50000 -83.0079
-250.94000 -128.50000 1.50000 -133.7998
19.96000 -49.48000 1.50000 -73.6493
-195.55000 -35.66000 1.50000 -83.0401
-250.94000 -128.50000 1.50000 -133.8221
19.96000 -49.48000 1.50000 -73.6906
-195.55000 -35.66000 1.50000 -83.0722
-250.94000 -128.50000 1.50000 -133.8443
19.96000 -49.48000 1.50000 -73.7327
-195.55000 -35.66000 1.50000 -83.1042
-250.94000 -128.50000 1.50000 -133.8665
19.96000 -49.48000 1.50000 -73.6450
-195.55000 -35.66000 1.50000 -83.0959
-250.94000 -128.50000 1.50000 -133.8551
19.96000 -49.48000 1.50000 -73.6021
-195.55000 -35.66000 1.50000 -83.0638
-250.94000 -128.50000 1.50000 -133.8329
19.96000 -49.48000 1.50000 -73.5599
-195.55000 -35.66000 1.50000 -83.0317
-250.94000 -128.50000 1.50000 -133.8106
19.96000 -49.48000 1.50000 -73.5184
-195.55000 -35.66000 1.50000 -82.9994
-250.94000 -128.50000 1.50000 -133.7883
19.96000 -49.48000 1.50000 -73.4777
-195.55000 -35.66000 1.50000 -82.9670
-250.94000 -128.50000 1.50000 -133.7659
19.96000 -49.48000 1.50000 -73.4377
-195.55000 -35.66000 1.50000 -82.9345
-250.94000 -128.50000 1.50000 -133.7435
19.96000 -49.48000 1.50000 -73.3986
-195.55000 -35.66000 1.50000 -82.9019
-250.94000 -128.50000 1.50000 -133.7211
19.96000 -49.48000 1.50000 -73.3603
-195.55000 -35.66000 1.50000 -82.8692
-250.94000 -128.50000 1.50000 -133.6986
19.96000 -49.48000 1.50000 -73.3228
-195.55000 -35.66000 1.50000 -82.8363
-250.94000 -128.50000 1.50000 -133.6760
19.96000 -49.48000 1.50000 -73.2862
-195.55000 -35.66000 1.50000 -82.8034
-250.94000 -128.50000 1.50000 -133.6535
19.96000 -49.48000 1.50000 -73.2506
-195.55000 -35.66000 1.50000 -82.7703
-250.94000 -128.50000 1.50000 -133.6309
19.96000 -49.48000 1.50000 -73.1537
-195.55000 -35.66000 1.50000 -82.7615
-250.94000 -128.50000 1.50000 -133.6189
19.96000 -49.48000 1.50000 -73.1902
-195.55000 -35.66000 1.50000 -82.7946
-250.94000 -128.50000 1.50000 -133.6416
19.96000 -49.48000 1.50000 -73.2276
-195.55000 -35.66000 1.50000 -82.8276
-250.94000 -128.50000 1.50000 -133.6642
19.96000 -49.48000 1.50000 -73.2659
-195.55000 -35.66000 1.50000 -82.8605
-250.94000 -128.50000 1.50000 -133.6868
19.96000 -49.48000 1.50000 -73.3050
-195.55000 -35.66000 1.50000 -82.8933
-250.94000 -128.50000 1.50000 -133.7094
19.96000 -49.48000 1.50000 -73.3450
-195.55000 -35.66000 1.50000 -82.9260
-250.94000 -128.50000 1.50000 -133.7319
19.96000 -49.48000 1.50000 -73.3858
-195.55000 -35.66000 1.50000 -82.9586
-250.94000 -128.50000 1.50000 -133.7543
19.96000 -49.48000 1.50000 -73.4274
-195.55000 -35.66000 1.50000 -82.9910
-250.94000 -128.50000 1.50000 -133.7768
19.96000 -49.48000 1.50000 -73.3356
-195.55000 -35.66000 1.50000 -82.9827
-250.94000 -128.50000 1.50000 -133.7653
19.96000 -49.48000 1.50000 -73.2931
-195.55000 -35.66000 1.50000 -82.9502
-250.94000 -128.50000 1.50000 -133.7428
19.96000 -49.48000 1.50000 -73.2515
-195.55000 -35.66000 1.50000 -82.9176
-250.94000 -128.50000 1.50000 -133.7203
19.96000 -49.48000 1.50000 -73.2106
-195.55000 -35.66000 1.50000 -82.8849
-250.94000 -128.50000 1.50000 -133.6977
19.96000 -49.48000 1.50000 -73.1706
-195.55000 -35.66000 1.50000 -82.8520
-250.94000 -128.50000 1.50000 -133.6751
19.96000 -49.48000 1.50000 -73.1314
-195.55000 -35.66000 1.50000 -82.8190
-250.94000 -128.50000 1.50000 -133.6525
19.96000 -49.48000 1.50000 -73.0344
-195.55000 -35.66000 1.50000 -82.8106
-250.94000 -128.50000 1.50000 -133.6407
19.96000 -49.48000 1.50000 -73.0744
-195.55000 -35.66000 1.50000 -82.8436
-250.94000 -128.50000 1.50000 -133.6634
19.96000 -49.48000 1.50000 -73.1153
-195.55000 -35.66000 1.50000 -82.8765
-250.94000 -128.50000 1.50000 -133.6861
19.96000 -49.48000 1.50000 -73.1571
-195.55000 -35.66000 1.50000 -82.9093
-250.94000 -128.50000 1.50000 -133.7087