19.96000 -49.48000 1.50000 -39.2072
-195.55000 -35.66000 1.50000 -106.5546
-250.94000 -128.50000 1.50000 -60.2388
19.96000 -49.48000 1.50000 -39.5098
-195.55000 -35.66000 1.50000 -106.5902
-250.94000 -128.50000 1.50000 -60.2664
19.96000 -49.48000 1.50000 -39.8029
-195.55000 -35.66000 1.50000 -106.6256
-250.94000 -128.50000 1.50000 -60.2939
19.96000 -49.48000 1.50000 -40.0872
-195.55000 -35.66000 1.50000 -106.6610
-250.94000 -128.50000 1.50000 -60.3214
19.96000 -49.48000 1.50000 -40.3631
-195.55000 -35.66000 1.50000 -106.6961
-250.94000 -128.50000 1.50000 -60.3487
19.96000 -49.48000 1.50000 -40.6310
-195.55000 -35.66000 1.50000 -106.7312
-250.94000 -128.50000 1.50000 -60.3760
19.96000 -49.48000 1.50000 -40.8913
-195.55000 -35.66000 1.50000 -106.7661
-250.94000 -128.50000 1.50000 -60.4032
19.96000 -49.48000 1.50000 -41.1445
-195.55000 -35.66000 1.50000 -106.8008
-250.94000 -128.50000 1.50000 -60.4303
19.96000 -49.48000 1.50000 -41.3909
-195.55000 -35.66000 1.50000 -106.8354
-250.94000 -128.50000 1.50000 -60.4574
19.96000 -49.48000 1.50000 -41.6308
-195.55000 -35.66000 1.50000 -106.8699
-250.94000 -128.50000 1.50000 -60.4843
19.96000 -49.48000 1.50000 -41.8646
-195.55000 -35.66000 1.50000 -106.9043
-250.94000 -128.50000 1.50000 -60.5112
19.96000 -49.48000 1.50000 -42.0925
-195.55000 -35.66000 1.50000 -106.9385
-250.94000 -128.50000 1.50000 -60.5380
19.96000 -49.48000 1.50000 -42.3148
-195.55000 -35.66000 1.50000 -106.9726
-250.94000 -128.50000 1.50000 -60.5647
19.96000 -49.48000 1.50000 -42.5318
-195.55000 -35.66000 1.50000 -107.0065
-250.94000 -128.50000 1.50000 -60.5914
19.96000 -49.48000 1.50000 -42.7436
-195.55000 -35.66000 1.50000 -107.0403
-250.94000 -128.50000 1.50000 -60.6179
19.96000 -49.48000 1.50000 -42.9506
-195.55000 -35.66000 1.50000 -107.0740
-250.94000 -128.50000 1.50000 -60.6444
19.96000 -49.48000 1.50000 -43.1530
-195.55000 -35.66000 1.50000 -107.1076
-250.94000 -128.50000 1.50000 -60.6708
19.96000 -49.48000 1.50000 -43.3509
-195.55000 -35.66000 1.50000 -107.1410
-250.94000 -128.50000 1.50000 -60.6972
19.96000 -49.48000 1.50000 -43.5445
-195.55000 -35.66000 1.50000 -107.1743
-250.94000 -128.50000 1.50000 -60.7234
19.96000 -49.48000 1.50000 -43.7340
-195.55000 -35.66000 1.50000 -107.2075
-250.94000 -128.50000 1.50000 -60.7496
19.96000 -49.48000 1.50000 -43.9196
-195.55000 -35.66000 1.50000 -107.2406
-250.94000 -128.50000 1.50000 -60.7758
19.96000 -49.48000 1.50000 -44.1014
-195.55000 -35.66000 1.50000 -107.2735
-250.94000 -128.50000 1.50000 -60.8018
19.96000 -49.48000 1.50000 -44.2796
-195.55000 -35.66000 1.50000 -107.3063
-250.94000 -128.50000 1.50000 -60.8278
19.96000 -49.48000 1.50000 -44.4543
-195.55000 -35.66000 1.50000 -107.3390
-250.94000 -128.50000 1.50000 -60.8537
19.96000 -49.48000 1.50000 -44.6256
-195.55000 -35.66000 1.50000 -107.3715
-250.94000 -128.50000 1.50000 -60.8795
19.96000 -49.48000 1.50000 -44.7937
-195.55000 -35.66000 1.50000 -107.4040
-250.94000 -128.50000 1.50000 -60.9052
19.96000 -49.48000 1.50000 -44.9587
-195.55000 -35.66000 1.50000 -107.4363
-250.94000 -128.50000 1.50000 -60.9309
19.96000 -49.48000 1.50000 -45.1206
-195.55000 -35.66000 1.50000 -107.4685
-250.94000 -128.50000 1.50000 -60.9565
19.96000 -49.48000 1.50000 -45.2796
-195.55000 -35.66000 1.50000 -107.5006
-250.94000 -128.50000 1.50000 -60.9820
19.96000 -49.48000 1.50000 -45.4359
-195.55000 -35.66000 1.50000 -107.5325
-250.94000 -128.50000 1.50000 -61.0075
19.96000 -49.48000 1.50000 -45.5894
-195.55000 -35.66000 1.50000 -107.5644
-250.94000 -128.50000 1.50000 -61.0329
19.96000 -49.48000 1.50000 -45.7403
-195.55000 -35.66000 1.50000 -107.5961
-250.94000 -128.50000 1.50000 -61.0582
19.96000 -49.48000 1.50000 -45.8887
-195.55000 -35.66000 1.50000 -107.6277
-250.94000 -128.50000 1.50000 -61.0835
19.96000 -49.48000 1.50000 -46.0346
-195.55000 -35.66000 1.50000 -107.6592
-250.94000 -128.50000 1.50000 -61.1086
19.96000 -49.48000 1.50000 -46.1782
-195.55000 -35.66000 1.50000 -107.6906
-250.94000 -128.50000 1.50000 -61.1337
19.96000 -49.48000 1.50000 -46.3194
-195.55000 -35.66000 1.50000 -107.7219
-250.94000 -128.50000 1.50000 -61.1588
19.96000 -49.48000 1.50000 -46.3378
-195.55000 -35.66000 1.50000 -107.7244
-250.94000 -128.50000 1.50000 -61.1534
19.96000 -49.48000 1.50000 -46.1972
-195.55000 -35.66000 1.50000 -107.6931
-250.94000 -128.50000 1.50000 -61.1284
19.96000 -49.48000 1.50000 -46.0542
-195.55000 -35.66000 1.50000 -107.6617
-250.94000 -128.50000 1.50000 -61.1032
19.96000 -49.48000 1.50000 -45.9090
-195.55000 -35.66000 1.50000 -107.6302
-250.94000 -128.50000 1.50000 -61.0780
19.96000 -49.48000 1.50000 -45.7613
-195.55000 -35.66000 1.50000 -107.5986
-250.94000 -128.50000 1.50000 -61.0527
19.96000 -49.48000 1.50000 -45.6111
-195.55000 -35.66000 1.50000 -107.5669
-250.94000 -128.50000 1.50000 -61.0274
19.96000 -49.48000 1.50000 -45.4584
-195.55000 -35.66000 1.50000 -107.5351
-250.94000 -128.50000 1.50000 -61.0020
19.96000 -49.48000 1.50000 -45.3030
-195.55000 -35.66000 1.50000 -107.5032
-250.94000 -128.50000 1.50000 -60.9765
19.96000 -49.48000 1.50000 -45.1448
-195.55000 -35.66000 1.50000 -107.4711
-250.94000 -128.50000 1.50000 -60.9509
19.96000 -49.48000 1.50000 -44.9838
-195.55000 -35.66000 1.50000 -107.4389
-250.94000 -128.50000 1.50000 -60.9253
19.96000 -49.48000 1.50000 -44.8198
-195.55000 -35.66000 1.50000 -107.4066
-250.94000 -128.50000 1.50000 -60.8996
19.96000 -49.48000 1.50000 -44.6527
-195.55000 -35.66000 1.50000 -107.3742
-250.94000 -128.50000 1.50000 -60.8738
19.96000 -49.48000 1.50000 -44.4825
-195.55000 -35.66000 1.50000 -107.3417
-250.94000 -128.50000 1.50000 -60.8479
19.96000 -49.48000 1.50000 -44.3090
-195.55000 -35.66000 1.50000 -107.3090
-250.94000 -128.50000 1.50000 -60.8220
19.96000 -49.48000 1.50000 -44.1320
-195.55000 -35.66000 1.50000 -107.2762
-250.94000 -128.50000 1.50000 -60.7960
19.96000 -49.48000 1.50000 -43.9515
-195.55000 -35.66000 1.50000 -107.2433
-250.94000 -128.50000 1.50000 -60.7699
19.96000 -49.48000 1.50000 -43.7673
-195.55000 -35.66000 1.50000 -107.2103
-250.94000 -128.50000 1.50000 -60.7438
19.96000 -49.48000 1.50000 -43.5793
-195.55000 -35.66000 1.50000 -107.1771
-250.94000 -128.50000 1.50000 -60.7175
19.96000 -49.48000 1.50000 -43.3872
-195.55000 -35.66000 1.50000 -107.1438
-250.94000 -128.50000 1.50000 -60.6912
19.96000 -49.48000 1.50000 -43.1910
-195.55000 -35.66000 1.50000 -107.1104
-250.94000 -128.50000 1.50000 -60.6649
19.96000 -49.48000 1.50000 -42.9905
-195.55000 -35.66000 1.50000 -107.0769
-250.94000 -128.50000 1.50000 -60.6384
19.96000 -49.48000 1.50000 -42.7854
-195.55000 -35.66000 1.50000 -107.0432
-250.94000 -128.50000 1.50000 -60.6119
19.96000 -49.48000 1.50000 -42.5756
-195.55000 -35.66000 1.50000 -107.0094
-250.94000 -128.50000 1.50000 -60.5853
19.96000 -49.48000 1.50000 -42.3608
-195.55000 -35.66000 1.50000 -106.9755
-250.94000 -128.50000 1.50000 -60.5586
19.96000 -49.48000 1.50000 -42.1409
-195.55000 -35.66000 1.50000 -106.9415
-250.94000 -128.50000 1.50000 -60.5318
19.96000 -49.48000 1.50000 -41.9156
-195.55000 -35.66000 1.50000 -106.9073
-250.94000 -128.50000 1.50000 -60.5050
19.96000 -49.48000 1.50000 -41.6847
-195.55000 -35.66000 1.50000 -106.8729
-250.94000 -128.50000 1.50000 -60.4781
19.96000 -49.48000 1.50000 -41.4478
-195.55000 -35.66000 1.50000 -106.8385
-250.94000 -128.50000 1.50000 -60.4511
19.96000 -49.48000 1.50000 -41.2047
-195.55000 -35.66000 1.50000 -106.8039
-250.94000 -128.50000 1.50000 -60.4240
19.96000 -49.48000 1.50000 -40.9551
-195.55000 -35.66000 1.50000 -106.7691
-250.94000 -128.50000 1.50000 -60.3968
19.96000 -49.48000 1.50000 -40.6987
-195.55000 -35.66000 1.50000 -106.7343
-250.94000 -128.50000 1.50000 -60.3696
19.96000 -49.48000 1.50000 -40.4351
-195.55000 -35.66000 1.50000 -106.6993
-250.94000 -128.50000 1.50000 -60.3423
19.96000 -49.48000 1.50000 -40.1639
-195.55000 -35.66000 1.50000 -106.6641
-250.94000 -128.50000 1.50000 -60.3149
19.96000 -49.48000 1.50000 -39.8847
-195.55000 -35.66000 1.50000 -106.6288
-250.94000 -128.50000 1.50000 -60.2874
19.96000 -49.48000 1.50000 -39.5972
-195.55000 -35.66000 1.50000 -106.5934
-250.94000 -128.50000 1.50000 -60.2598
19.96000 -49.48000 1.50000 -39.3009
-195.55000 -35.66000 1.50000 -106.5578
-250.94000 -128.50000 1.50000 -60.2322
19.96000 -49.48000 1.50000 -39.4039
-195.55000 -35.66000 1.50000 -106.5612
-250.94000 -128.50000 1.50000 -60.2256
19.96000 -49.48000 1.50000 -39.6935
-195.55000 -35.66000 1.50000 -106.5967
-250.94000 -128.50000 1.50000 -60.2533
19.96000 -49.48000 1.50000 -39.9749
-195.55000 -35.66000 1.50000 -106.6321
-250.94000 -128.50000 1.50000 -60.2809
19.96000 -49.48000 1.50000 -40.2485
-195.55000 -35.66000 1.50000 -106.6674
-250.94000 -128.50000 1.50000 -60.3084
19.96000 -49.48000 1.50000 -40.5146
-195.55000 -35.66000 1.50000 -106.7025
-250.94000 -128.50000 1.50000 -60.3359
19.96000 -49.48000 1.50000 -40.7736
-195.55000 -35.66000 1.50000 -106.7375
-250.94000 -128.50000 1.50000 -60.3633
19.96000 -49.48000 1.50000 -41.0257
-195.55000 -35.66000 1.50000 -106.7724
-250.94000 -128.50000 1.50000 -60.3905
19.96000 -49.48000 1.50000 -41.2714
-195.55000 -35.66000 1.50000 -106.8071
-250.94000 -128.50000 1.50000 -60.4177
19.96000 -49.48000 1.50000 -41.5109
-195.55000 -35.66000 1.50000 -106.8416
-250.94000 -128.50000 1.50000 -60.4448
19.96000 -49.48000 1.50000 -41.7445
-195.55000 -35.66000 1.50000 -106.8761
-250.94000 -128.50000 1.50000 -60.4719
19.96000 -49.48000 1.50000 -41.9723
-195.55000 -35.66000 1.50000 -106.9104
-250.94000 -128.50000 1.50000 -60.4988
19.96000 -49.48000 1.50000 -42.1948
-195.55000 -35.66000 1.50000 -106.9445
-250.94000 -128.50000 1.50000 -60.5257
19.96000 -49.48000 1.50000 -42.4120
-195.55000 -35.66000 1.50000 -106.9786
-250.94000 -128.50000 1.50000 -60.5525
19.96000 -49.48000 1.50000 -42.6243
-195.55000 -35.66000 1.50000 -107.0125
-250.94000 -128.50000 1.50000 -60.5792
19.96000 -49.48000 1.50000 -42.8319
-195.55000 -35.66000 1.50000 -107.0462
-250.94000 -128.50000 1.50000 -60.6059
19.96000 -49.48000 1.50000 -43.0348
-195.55000 -35.66000 1.50000 -107.0799
-250.94000 -128.50000 1.50000 -60.6325
19.96000 -49.48000 1.50000 -43.2334
-195.55000 -35.66000 1.50000 -107.1134
-250.94000 -128.50000 1.50000 -60.6589
19.96000 -49.48000 1.50000 -43.4277
-195.55000 -35.66000 1.50000 -107.1468
-250.94000 -128.50000 1.50000 -60.6854
19.96000 -49.48000 1.50000 -43.6180
-195.55000 -35.66000 1.50000 -107.1801
-250.94000 -128.50000 1.50000 -60.7117
19.96000 -49.48000 1.50000 -43.8044
-195.55000 -35.66000 1.50000 -107.2132
-250.94000 -128.50000 1.50000 -60.7380
19.96000 -49.48000 1.50000 -43.9871
-195.55000 -35.66000 1.50000 -107.2462
-250.94000 -128.50000 1.50000 -60.7641
19.96000 -49.48000 1.50000 -44.1662
-195.55000 -35.66000 1.50000 -107.2791
-250.94000 -128.50000 1.50000 -60.7902
19.96000 -49.48000 1.50000 -44.3417
-195.55000 -35.66000 1.50000 -107.3118
-250.94000 -128.50000 1.50000 -60.8163
19.96000 -49.48000 1.50000 -44.5140
-195.55000 -35.66000 1.50000 -107.3445
-250.94000 -128.50000 1.50000 -60.8422
19.96000 -49.48000 1.50000 -44.6830
-195.55000 -35.66000 1.50000 -107.3770
-250.94000 -128.50000 1.50000 -60.8681
19.96000 -49.48000 1.50000 -44.8489
-195.55000 -35.66000 1.50000 -107.4094
-250.94000 -128.50000 1.50000 -60.8940
19.96000 -49.48000 1.50000 -45.0118
-195.55000 -35.66000 1.50000 -107.4417
-250.94000 -128.50000 1.50000 -60.9197
19.96000 -49.48000 1.50000 -45.1719
-195.55000 -35.66000 1.50000 -107.4738
-250.94000 -128.50000 1.50000 -60.9454
19.96000 -49.48000 1.50000 -45.3291
-195.55000 -35.66000 1.50000 -107.5059
-250.94000 -128.50000 1.50000 -60.9710
19.96000 -49.48000 1.50000 -45.4836
-195.55000 -35.66000 1.50000 -107.5378
-250.94000 -128.50000 1.50000 -60.9965
19.96000 -49.48000 1.50000 -45.6355
-195.55000 -35.66000 1.50000 -107.5696
-250.94000 -128.50000 1.50000 -61.0219
19.96000 -49.48000 1.50000 -45.7848
-195.55000 -35.66000 1.50000 -107.6013
-250.94000 -128.50000 1.50000 -61.0473
19.96000 -49.48000 1.50000 -45.9317
-195.55000 -35.66000 1.50000 -107.6329
-250.94000 -128.50000 1.50000 -61.0726
19.96000 -49.48000 1.50000 -46.0762
-195.55000 -35.66000 1.50000 -107.6643
-250.94000 -128.50000 1.50000 -61.0979
19.96000 -49.48000 1.50000 -46.2184
-195.55000 -35.66000 1.50000 -107.6957
-250.94000 -128.50000 1.50000 -61.1230
19.96000 -49.48000 1.50000 -46.3584
-195.55000 -35.66000 1.50000 -107.7269
-250.94000 -128.50000 1.50000 -61.1481
19.96000 -49.48000 1.50000 -46.4962
-195.55000 -35.66000 1.50000 -107.7581
-250.94000 -128.50000 1.50000 -61.1732
19.96000 -49.48000 1.50000 -46.5182
-195.55000 -35.66000 1.50000 -107.7607
-250.94000 -128.50000 1.50000 -61.1680
19.96000 -49.48000 1.50000 -46.3811
-195.55000 -35.66000 1.50000 -107.7296
-250.94000 -128.50000 1.50000 -61.1429
19.96000 -49.48000 1.50000 -46.2419
-195.55000 -35.66000 1.50000 -107.6984
-250.94000 -128.50000 1.50000 -61.1178
19.96000 -49.48000 1.50000 -46.1005
-195.55000 -35.66000 1.50000 -107.6671
-250.94000 -128.50000 1.50000 -61.0926
19.96000 -49.48000 1.50000 -45.9568
-195.55000 -35.66000 1.50000 -107.6356
-250.94000 -128.50000 1.50000 -61.0673
19.96000 -49.48000 1.50000 -45.8107
-195.55000 -35.66000 1.50000 -107.6041
-250.94000 -128.50000 1.50000 -61.0420
19.96000 -49.48000 1.50000 -45.6623
-195.55000 -35.66000 1.50000 -107.5724
-250.94000 -128.50000 1.50000 -61.0166
19.96000 -49.48000 1.50000 -45.5114
-195.55000 -35.66000 1.50000 -107.5406
-250.94000 -128.50000 1.50000 -60.9911
19.96000 -49.48000 1.50000 -45.3579
-195.55000 -35.66000 1.50000 -107.5087
-250.94000 -128.50000 1.50000 -60.9655
19.96000 -49.48000 1.50000 -45.2017
-195.55000 -35.66000 1.50000 -107.4767
-250.94000 -128.50000 1.50000 -60.9399
19.96000 -49.48000 1.50000 -45.0428
-195.55000 -35.66000 1.50000 -107.4445
-250.94000 -128.50000 1.50000 -60.9142
19.96000 -49.48000 1.50000 -44.8811
-195.55000 -35.66000 1.50000 -107.4123
-250.94000 -128.50000 1.50000 -60.8884
19.96000 -49.48000 1.50000 -44.7164
-195.55000 -35.66000 1.50000 -107.3799
-250.94000 -128.50000 1.50000 -60.8626
19.96000 -49.48000 1.50000 -44.5487
-195.55000 -35.66000 1.50000 -107.3474
-250.94000 -128.50000 1.50000 -60.8366
19.96000 -49.48000 1.50000 -44.3779
-195.55000 -35.66000 1.50000 -107.3148
-250.94000 -128.50000 1.50000 -60.8107
19.96000 -49.48000 1.50000 -44.2038
-195.55000 -35.66000 1.50000 -107.2821
-250.94000 -128.50000 1.50000 -60.7846
19.96000 -49.48000 1.50000 -44.0263
-195.55000 -35.66000 1.50000 -107.2492
-250.94000 -128.50000 1.50000 -60.7584
19.96000 -49.48000 1.50000 -43.8453
-195.55000 -35.66000 1.50000 -107.2162
-250.94000 -128.50000 1.50000 -60.7322
19.96000 -49.48000 1.50000 -43.6607
-195.55000 -35.66000 1.50000 -107.1831
-250.94000 -128.50000 1.50000 -60.7059
19.96000 -49.48000 1.50000 -43.4723
-195.55000 -35.66000 1.50000 -107.1499
-250.94000 -128.50000 1.50000 -60.6796
19.96000 -49.48000 1.50000 -43.2799
-195.55000 -35.66000 1.50000 -107.1165
-250.94000 -128.50000 1.50000 -60.6531
19.96000 -49.48000 1.50000 -43.0835
-195.55000 -35.66000 1.50000 -107.0830
-250.94000 -128.50000 1.50000 -60.6266
19.96000 -49.48000 1.50000 -42.8829
-195.55000 -35.66000 1.50000 -107.0494
-250.94000 -128.50000 1.50000 -60.6000
19.96000 -49.48000 1.50000 -42.6779
-195.55000 -35.66000 1.50000 -107.0156
-250.94000 -128.50000 1.50000 -60.5733
19.96000 -49.48000 1.50000 -42.4682
-195.55000 -35.66000 1.50000 -106.9818
-250.94000 -128.50000 1.50000 -60.5465
19.96000 -49.48000 1.50000 -42.2538
-195.55000 -35.66000 1.50000 -106.9478
-250.94000 -128.50000 1.50000 -60.5197
19.96000 -49.48000 1.50000 -42.0345
-195.55000 -35.66000 1.50000 -106.9136
-250.94000 -128.50000 1.50000 -60.4928
19.96000 -49.48000 1.50000 -41.8099
-195.55000 -35.66000 1.50000 -106.8793
-250.94000 -128.50000 1.50000 -60.4658
19.96000 -49.48000 1.50000 -41.5800
-195.55000 -35.66000 1.50000 -106.8449
-250.94000 -128.50000 1.50000 -60.4387
19.96000 -49.48000 1.50000 -41.3444
-195.55000 -35.66000 1.50000 -106.8104
-250.94000 -128.50000 1.50000 -60.4116
19.96000 -49.48000 1.50000 -41.1029
-195.55000 -35.66000 1.50000 -106.7757
-250.94000 -128.50000 1.50000 -60.3843
19.96000 -49.48000 1.50000 -40.8553
-195.55000 -35.66000 1.50000 -106.7409
-250.94000 -128.50000 1.50000 -60.3570
19.96000 -49.48000 1.50000 -40.6013
-195.55000 -35.66000 1.50000 -106.7059
-250.94000 -128.50000 1.50000 -60.3296
19.96000 -49.48000 1.50000 -40.3406
-195.55000 -35.66000 1.50000 -106.6708
-250.94000 -128.50000 1.50000 -60.3021
19.96000 -49.48000 1.50000 -40.0729
-195.55000 -35.66000 1.50000 -106.6356
-250.94000 -128.50000 1.50000 -60.2746
19.96000 -49.48000 1.50000 -39.7980
-195.55000 -35.66000 1.50000 -106.6002
-250.94000 -128.50000 1.50000 -60.2469
19.96000 -49.48000 1.50000 -39.5155
-195.55000 -35.66000 1.50000 -106.5647
-250.94000 -128.50000 1.50000 -60.2192
19.96000 -49.48000 1.50000 -39.6350
-195.55000 -35.66000 1.50000 -106.5683
-250.94000 -128.50000 1.50000 -60.2128
19.96000 -49.48000 1.50000 -39.9101
-195.55000 -35.66000 1.50000 -106.6038
-250.94000 -128.50000 1.50000 -60.2406
19.96000 -49.48000 1.50000 -40.1782
-195.55000 -35.66000 1.50000 -106.6392
-250.94000 -128.50000 1.50000 -60.2683
19.96000 -49.48000 1.50000 -40.4397
-195.55000 -35.66000 1.50000 -106.6744
-250.94000 -128.50000 1.50000 -60.2959
19.96000 -49.48000 1.50000 -40.6947
-195.55000 -35.66000 1.50000 -106.7095
-250.94000 -128.50000 1.50000 -60.3234
19.96000 -49.48000 1.50000 -40.9434
-195.55000 -35.66000 1.50000 -106.7444
-250.94000 -128.50000 1.50000 -60.3508
19.96000 -49.48000 1.50000 -41.1862
-195.55000 -35.66000 1.50000 -106.7792
-250.94000 -128.50000 1.50000 -60.3782
19.96000 -49.48000 1.50000 -41.4232
-195.55000 -35.66000 1.50000 -106.8138
-250.94000 -128.50000 1.50000 -60.4055
19.96000 -49.48000 1.50000 -41.6547
-195.55000 -35.66000 1.50000 -106.8484
-250.94000 -128.50000 1.50000 -60.4327
19.96000 -49.48000 1.50000 -41.8808
-195.55000 -35.66000 1.50000 -106.8827
-250.94000 -128.50000 1.50000 -60.4598
19.96000 -49.48000 1.50000 -42.1018
-195.55000 -35.66000 1.50000 -106.9170
-250.94000 -128.50000 1.50000 -60.4868
19.96000 -49.48000 1.50000 -42.3179
-195.55000 -35.66000 1.50000 -106.9511
-250.94000 -128.50000 1.50000 -60.5138
19.96000 -49.48000 1.50000 -42.5292
-195.55000 -35.66000 1.50000 -106.9851
-250.94000 -128.50000 1.50000 -60.5406
19.96000 -49.48000 1.50000 -42.7360
-195.55000 -35.66000 1.50000 -107.0189
-250.94000 -128.50000 1.50000 -60.5674
19.96000 -49.48000 1.50000 -42.9384
-195.55000 -35.66000 1.50000 -107.0527
-250.94000 -128.50000 1.50000 -60.5941
19.96000 -49.48000 1.50000 -43.1365
-195.55000 -35.66000 1.50000 -107.0863
-250.94000 -128.50000 1.50000 -60.6208
19.96000 -49.48000 1.50000 -43.3306
-195.55000 -35.66000 1.50000 -107.1197
-250.94000 -128.50000 1.50000 -60.6473
19.96000 -49.48000 1.50000 -43.5207
-195.55000 -35.66000 1.50000 -107.1531
-250.94000 -128.50000 1.50000 -60.6738
19.96000 -49.48000 1.50000 -43.7071
-195.55000 -35.66000 1.50000 -107.1863
-250.94000 -128.50000 1.50000 -60.7002
19.96000 -49.48000 1.50000 -43.8898
-195.55000 -35.66000 1.50000 -107.2194
-250.94000 -128.50000 1.50000 -60.7266
19.96000 -49.48000 1.50000 -44.0690
-195.55000 -35.66000 1.50000 -107.2523
-250.94000 -128.50000 1.50000 -60.7528
19.96000 -49.48000 1.50000 -44.2447
-195.55000 -35.66000 1.50000 -107.2852
-250.94000 -128.50000 1.50000 -60.7790
19.96000 -49.48000 1.50000 -44.4172
-195.55000 -35.66000 1.50000 -107.3179
-250.94000 -128.50000 1.50000 -60.8051
19.96000 -49.48000 1.50000 -44.5866
-195.55000 -35.66000 1.50000 -107.3505
-250.94000 -128.50000 1.50000 -60.8311
19.96000 -49.48000 1.50000 -44.7529
-195.55000 -35.66000 1.50000 -107.3829
-250.94000 -128.50000 1.50000 -60.8571
19.96000 -49.48000 1.50000 -44.9162
-195.55000 -35.66000 1.50000 -107.4153
-250.94000 -128.50000 1.50000 -60.8830
19.96000 -49.48000 1.50000 -45.0766
-195.55000 -35.66000 1.50000 -107.4475
-250.94000 -128.50000 1.50000 -60.9088
19.96000 -49.48000 1.50000 -45.2343
-195.55000 -35.66000 1.50000 -107.4796
-250.94000 -128.50000 1.50000 -60.9345
19.96000 -49.48000 1.50000 -45.3893
-195.55000 -35.66000 1.50000 -107.5116
-250.94000 -128.50000 1.50000 -60.9602
19.96000 -49.48000 1.50000 -45.5417
-195.55000 -35.66000 1.50000 -107.5435
-250.94000 -128.50000 1.50000 -60.9858
19.96000 -49.48000 1.50000 -45.6916
-195.55000 -35.66000 1.50000 -107.5753
-250.94000 -128.50000 1.50000 -61.0113
19.96000 -49.48000 1.50000 -45.8391
-195.55000 -35.66000 1.50000 -107.6069
-250.94000 -128.50000 1.50000 -61.0367
19.96000 -49.48000 1.50000 -45.9842
-195.55000 -35.66000 1.50000 -107.6385
-250.94000 -128.50000 1.50000 -61.0621
19.96000 -49.48000 1.50000 -46.1270
-195.55000 -35.66000 1.50000 -107.6699
-250.94000 -128.50000 1.50000 -61.0874
19.96000 -49.48000 1.50000 -46.2676
-195.55000 -35.66000 1.50000 -107.7012
-250.94000 -128.50000 1.50000 -61.1126
19.96000 -49.48000 1.50000 -46.4060
-195.55000 -35.66000 1.50000 -107.7324
-250.94000 -128.50000 1.50000 -61.1378
19.96000 -49.48000 1.50000 -46.5423
-195.55000 -35.66000 1.50000 -107.7635
-250.94000 -128.50000 1.50000 -61.1629
19.96000 -49.48000 1.50000 -46.5685
-195.55000 -35.66000 1.50000 -107.7664
-250.94000 -128.50000 1.50000 -61.1578
19.96000 -49.48000 1.50000 -46.4330
-195.55000 -35.66000 1.50000 -107.7353
-250.94000 -128.50000 1.50000 -61.1327
19.96000 -49.48000 1.50000 -46.2954
-195.55000 -35.66000 1.50000 -107.7042
-250.94000 -128.50000 1.50000 -61.1075
19.96000 -49.48000 1.50000 -46.1557
-195.55000 -35.66000 1.50000 -107.6729
-250.94000 -128.50000 1.50000 -61.0823
19.96000 -49.48000 1.50000 -46.0139
-195.55000 -35.66000 1.50000 -107.6415
-250.94000 -128.50000 1.50000 -61.0569
19.96000 -49.48000 1.50000 -45.8698
-195.55000 -35.66000 1.50000 -107.6099
-250.94000 -128.50000 1.50000 -61.0315
19.96000 -49.48000 1.50000 -45.7234
-195.55000 -35.66000 1.50000 -107.5783
-250.94000 -128.50000 1.50000 -61.0060
19.96000 -49.48000 1.50000 -45.5746
-195.55000 -35.66000 1.50000 -107.5466
-250.94000 -128.50000 1.50000 -60.9805
19.96000 -49.48000 1.50000 -45.4234
-195.55000 -35.66000 1.50000 -107.5147
-250.94000 -128.50000 1.50000 -60.9549
19.96000 -49.48000 1.50000 -45.2696
-195.55000 -35.66000 1.50000 -107.4827
-250.94000 -128.50000 1.50000 -60.9292
19.96000 -49.48000 1.50000 -45.1132
-195.55000 -35.66000 1.50000 -107.4506
-250.94000 -128.50000 1.50000 -60.9034
19.96000 -49.48000 1.50000 -44.9541
-195.55000 -35.66000 1.50000 -107.4184
-250.94000 -128.50000 1.50000 -60.8776
19.96000 -49.48000 1.50000 -44.7923
-195.55000 -35.66000 1.50000 -107.3861
-250.94000 -128.50000 1.50000 -60.8517
19.96000 -49.48000 1.50000 -44.6275
-195.55000 -35.66000 1.50000 -107.3536
-250.94000 -128.50000 1.50000 -60.8257
19.96000 -49.48000 1.50000 -44.4598
-195.55000 -35.66000 1.50000 -107.3211
-250.94000 -128.50000 1.50000 -60.7996
19.96000 -49.48000 1.50000 -44.2890
-195.55000 -35.66000 1.50000 -107.2884
-250.94000 -128.50000 1.50000 -60.7735
19.96000 -49.48000 1.50000 -44.1150
-195.55000 -35.66000 1.50000 -107.2556
-250.94000 -128.50000 1.50000 -60.7473
19.96000 -49.48000 1.50000 -43.9378
-195.55000 -35.66000 1.50000 -107.2226
-250.94000 -128.50000 1.50000 -60.7210
19.96000 -49.48000 1.50000 -43.7571
-195.55000 -35.66000 1.50000 -107.1896
-250.94000 -128.50000 1.50000 -60.6946
19.96000 -49.48000 1.50000 -43.5730
-195.55000 -35.66000 1.50000 -107.1564
-250.94000 -128.50000 1.50000 -60.6682
19.96000 -49.48000 1.50000 -43.3851
-195.55000 -35.66000 1.50000 -107.1231
-250.94000 -128.50000 1.50000 -60.6417
19.96000 -49.48000 1.50000 -43.1936
-195.55000 -35.66000 1.50000 -107.0896
-250.94000 -128.50000 1.50000 -60.6151
19.96000 -49.48000 1.50000 -42.9981
-195.55000 -35.66000 1.50000 -107.0561
-250.94000 -128.50000 1.50000 -60.5884
19.96000 -49.48000 1.50000 -42.7985
-195.55000 -35.66000 1.50000 -107.0224
-250.94000 -128.50000 1.50000 -60.5616
19.96000 -49.48000 1.50000 -42.5948
-195.55000 -35.66000 1.50000 -106.9885
-250.94000 -128.50000 1.50000 -60.5348
19.96000 -49.48000 1.50000 -42.3867
-195.55000 -35.66000 1.50000 -106.9546
-250.94000 -128.50000 1.50000 -60.5079
19.96000 -49.48000 1.50000 -42.1741
-195.55000 -35.66000 1.50000 -106.9205
-250.94000 -128.50000 1.50000 -60.4809
19.96000 -49.48000 1.50000 -41.9568
-195.55000 -35.66000 1.50000 -106.8863
-250.94000 -128.50000 1.50000 -60.4538
19.96000 -49.48000 1.50000 -41.7347
-195.55000 -35.66000 1.50000 -106.8519
-250.94000 -128.50000 1.50000 -60.4267
19.96000 -49.48000 1.50000 -41.5076
-195.55000 -35.66000 1.50000 -106.8174
-250.94000 -128.50000 1.50000 -60.3995
19.96000 -49.48000 1.50000 -41.2752
-195.55000 -35.66000 1.50000 -106.7828
-250.94000 -128.50000 1.50000 -60.3722
19.96000 -49.48000 1.50000 -41.0375
-195.55000 -35.66000 1.50000 -106.7480
-250.94000 -128.50000 1.50000 -60.3448
19.96000 -49.48000 1.50000 -40.7943
-195.55000 -35.66000 1.50000 -106.7131
-250.94000 -128.50000 1.50000 -60.3173
19.96000 -49.48000 1.50000 -40.5452
-195.55000 -35.66000 1.50000 -106.6781
-250.94000 -128.50000 1.50000 -60.2897
19.96000 -49.48000 1.50000 -40.2903
-195.55000 -35.66000 1.50000 -106.6429
-250.94000 -128.50000 1.50000 -60.2621
19.96000 -49.48000 1.50000 -40.0292
-195.55000 -35.66000 1.50000 -106.6076
-250.94000 -128.50000 1.50000 -60.2344
19.96000 -49.48000 1.50000 -39.7618
-195.55000 -35.66000 1.50000 -106.5721
-250.94000 -128.50000 1.50000 -60.2065
19.96000 -49.48000 1.50000 -39.8950
-195.55000 -35.66000 1.50000 -106.5761
-250.94000 -128.50000 1.50000 -60.2003
19.96000 -49.48000 1.50000 -40.1546
-195.55000 -35.66000 1.50000 -106.6115
-250.94000 -128.50000 1.50000 -60.2282
19.96000 -49.48000 1.50000 -40.4084
-195.55000 -35.66000 1.50000 -106.6468
-250.94000 -128.50000 1.50000 -60.2560
19.96000 -49.48000 1.50000 -40.6568
-195.55000 -35.66000 1.50000 -106.6820
-250.94000 -128.50000 1.50000 -60.2836
19.96000 -49.48000 1.50000 -40.8997
-195.55000 -35.66000 1.50000 -106.7170
-250.94000 -128.50000 1.50000 -60.3112
19.96000 -49.48000 1.50000 -41.1373
-195.55000 -35.66000 1.50000 -106.7518
-250.94000 -128.50000 1.50000 -60.3388
19.96000 -49.48000 1.50000 -41.3697
-195.55000 -35.66000 1.50000 -106.7866
-250.94000 -128.50000 1.50000 -60.3662
19.96000 -49.48000 1.50000 -41.5972
-195.55000 -35.66000 1.50000 -106.8212
-250.94000 -128.50000 1.50000 -60.3935
19.96000 -49.48000 1.50000 -41.8198
-195.55000 -35.66000 1.50000 -106.8556
-250.94000 -128.50000 1.50000 -60.4208
19.96000 -49.48000 1.50000 -42.0377
-195.55000 -35.66000 1.50000 -106.8900
-250.94000 -128.50000 1.50000 -60.4480
19.96000 -49.48000 1.50000 -42.2510
-195.55000 -35.66000 1.50000 -106.9241
-250.94000 -128.50000 1.50000 -60.4751
19.96000 -49.48000 1.50000 -42.4600
-195.55000 -35.66000 1.50000 -106.9582
-250.94000 -128.50000 1.50000 -60.5021
19.96000 -49.48000 1.50000 -42.6647
-195.55000 -35.66000 1.50000 -106.9921
-250.94000 -128.50000 1.50000 -60.5291
19.96000 -49.48000 1.50000 -42.8652
-195.55000 -35.66000 1.50000 -107.0259
-250.94000 -128.50000 1.50000 -60.5559
19.96000 -49.48000 1.50000 -43.0618
-195.55000 -35.66000 1.50000 -107.0596
-250.94000 -128.50000 1.50000 -60.5827
19.96000 -49.48000 1.50000 -43.2545
-195.55000 -35.66000 1.50000 -107.0931
-250.94000 -128.50000 1.50000 -60.6094
19.96000 -49.48000 1.50000 -43.4435
-195.55000 -35.66000 1.50000 -107.1265
-250.94000 -128.50000 1.50000 -60.6361
19.96000 -49.48000 1.50000 -43.6289
-195.55000 -35.66000 1.50000 -107.1598
-250.94000 -128.50000 1.50000 -60.6626
19.96000 -49.48000 1.50000 -43.8107
-195.55000 -35.66000 1.50000 -107.1930
-250.94000 -128.50000 1.50000 -60.6891
19.96000 -49.48000 1.50000 -43.9892
-195.55000 -35.66000 1.50000 -107.2260
-250.94000 -128.50000 1.50000 -60.7155
19.96000 -49.48000 1.50000 -44.1644
-195.55000 -35.66000 1.50000 -107.2589
-250.94000 -128.50000 1.50000 -60.7418
19.96000 -49.48000 1.50000 -44.3365
-195.55000 -35.66000 1.50000 -107.2917
-250.94000 -128.50000 1.50000 -60.7681
19.96000 -49.48000 1.50000 -44.5054
-195.55000 -35.66000 1.50000 -107.3244
-250.94000 -128.50000 1.50000 -60.7942
19.96000 -49.48000 1.50000 -44.6714
-195.55000 -35.66000 1.50000 -107.3569
-250.94000 -128.50000 1.50000 -60.8203
19.96000 -49.48000 1.50000 -44.8345
-195.55000 -35.66000 1.50000 -107.3894
-250.94000 -128.50000 1.50000 -60.8463
19.96000 -49.48000 1.50000 -44.9949
-195.55000 -35.66000 1.50000 -107.4217
-250.94000 -128.50000 1.50000 -60.8723
19.96000 -49.48000 1.50000 -45.1525
-195.55000 -35.66000 1.50000 -107.4539
-250.94000 -128.50000 1.50000 -60.8981
19.96000 -49.48000 1.50000 -45.3075
-195.55000 -35.66000 1.50000 -107.4859
-250.94000 -128.50000 1.50000 -60.9239
19.96000 -49.48000 1.50000 -45.4600
-195.55000 -35.66000 1.50000 -107.5179
-250.94000 -128.50000 1.50000 -60.9497
19.96000 -49.48000 1.50000 -45.6100
-195.55000 -35.66000 1.50000 -107.5497
-250.94000 -128.50000 1.50000 -60.9753
19.96000 -49.48000 1.50000 -45.7576
-195.55000 -35.66000 1.50000 -107.5814
-250.94000 -128.50000 1.50000 -61.0009
19.96000 -49.48000 1.50000 -45.9028
-195.55000 -35.66000 1.50000 -107.6131
-250.94000 -128.50000 1.50000 -61.0264
19.96000 -49.48000 1.50000 -46.0458
-195.55000 -35.66000 1.50000 -107.6445
-250.94000 -128.50000 1.50000 -61.0518
19.96000 -49.48000 1.50000 -46.1867
-195.55000 -35.66000 1.50000 -107.6759
-250.94000 -128.50000 1.50000 -61.0772
19.96000 -49.48000 1.50000 -46.3254
-195.55000 -35.66000 1.50000 -107.7072
-250.94000 -128.50000 1.50000 -61.1025
19.96000 -49.48000 1.50000 -46.4620
-195.55000 -35.66000 1.50000 -107.7384
-250.94000 -128.50000 1.50000 -61.1277
19.96000 -49.48000 1.50000 -46.5966
-195.55000 -35.66000 1.50000 -107.7694
-250.94000 -128.50000 1.50000 -61.1529
19.96000 -49.48000 1.50000 -46.6267
-195.55000 -35.66000 1.50000 -107.7725
-250.94000 -128.50000 1.50000 -61.1480
19.96000 -49.48000 1.50000 -46.4930
-195.55000 -35.66000 1.50000 -107.7415
-250.94000 -128.50000 1.50000 -61.1228
19.96000 -49.48000 1.50000 -46.3574
-195.55000 -35.66000 1.50000 -107.7104
-250.94000 -128.50000 1.50000 -61.0975
19.96000 -49.48000 1.50000 -46.2197
-195.55000 -35.66000 1.50000 -107.6791
-250.94000 -128.50000 1.50000 -61.0722
19.96000 -49.48000 1.50000 -46.0800
-195.55000 -35.66000 1.50000 -107.6477
-250.94000 -128.50000 1.50000 -61.0468
19.96000 -49.48000 1.50000 -45.9381
-195.55000 -35.66000 1.50000 -107.6163
-250.94000 -128.50000 1.50000 -61.0213
19.96000 -49.48000 1.50000 -45.7940
-195.55000 -35.66000 1.50000 -107.5847
-250.94000 -128.50000 1.50000 -60.9958
19.96000 -49.48000 1.50000 -45.6477
-195.55000 -35.66000 1.50000 -107.5530
-250.94000 -128.50000 1.50000 -60.9702
19.96000 -49.48000 1.50000 -45.4990
-195.55000 -35.66000 1.50000 -107.5212
-250.94000 -128.50000 1.50000 -60.9445
19.96000 -49.48000 1.50000 -45.3479
-195.55000 -35.66000 1.50000 -107.4892
-250.94000 -128.50000 1.50000 -60.9188
19.96000 -49.48000 1.50000 -45.1944
-195.55000 -35.66000 1.50000 -107.4572
-250.94000 -128.50000 1.50000 -60.8929
19.96000 -49.48000 1.50000 -45.0383
-195.55000 -35.66000 1.50000 -107.4250
-250.94000 -128.50000 1.50000 -60.8670
19.96000 -49.48000 1.50000 -44.8796
-195.55000 -35.66000 1.50000 -107.3928
-250.94000 -128.50000 1.50000 -60.8411
19.96000 -49.48000 1.50000 -44.7182
-195.55000 -35.66000 1.50000 -107.3604
-250.94000 -128.50000 1.50000 -60.8150
19.96000 -49.48000 1.50000 -44.5540
-195.55000 -35.66000 1.50000 -107.3278
-250.94000 -128.50000 1.50000 -60.7889
19.96000 -49.48000 1.50000 -44.3870
-195.55000 -35.66000 1.50000 -107.2952
-250.94000 -128.50000 1.50000 -60.7627
19.96000 -49.48000 1.50000 -44.2170
-195.55000 -35.66000 1.50000 -107.2624
-250.94000 -128.50000 1.50000 -60.7364
19.96000 -49.48000 1.50000 -44.0439
-195.55000 -35.66000 1.50000 -107.2296
-250.94000 -128.50000 1.50000 -60.7101
19.96000 -49.48000 1.50000 -43.8677
-195.55000 -35.66000 1.50000 -107.1965
-250.94000 -128.50000 1.50000 -60.6836
19.96000 -49.48000 1.50000 -43.6883
-195.55000 -35.66000 1.50000 -107.1634
-250.94000 -128.50000 1.50000 -60.6571
19.96000 -49.48000 1.50000 -43.5055
-195.55000 -35.66000 1.50000 -107.1301
-250.94000 -128.50000 1.50000 -60.6305
19.96000 -49.48000 1.50000 -43.3192
-195.55000 -35.66000 1.50000 -107.0968
-250.94000 -128.50000 1.50000 -60.6039
19.96000 -49.48000 1.50000 -43.1294
-195.55000 -35.66000 1.50000 -107.0633
-250.94000 -128.50000 1.50000 -60.5771
19.96000 -49.48000 1.50000 -42.9360
-195.55000 -35.66000 1.50000 -107.0296
-250.94000 -128.50000 1.50000 -60.5503
19.96000 -49.48000 1.50000 -42.7387
-195.55000 -35.66000 1.50000 -106.9958
-250.94000 -128.50000 1.50000 -60.5234
19.96000 -49.48000 1.50000 -42.5376
-195.55000 -35.66000 1.50000 -106.9619
-250.94000 -128.50000 1.50000 -60.4964
19.96000 -49.48000 1.50000 -42.3324
-195.55000 -35.66000 1.50000 -106.9279
-250.94000 -128.50000 1.50000 -60.4694
19.96000 -49.48000 1.50000 -42.1231
-195.55000 -35.66000 1.50000 -106.8938
-250.94000 -128.50000 1.50000 -60.4422
19.96000 -49.48000 1.50000 -41.9095
-195.55000 -35.66000 1.50000 -106.8595
-250.94000 -128.50000 1.50000 -60.4150
19.96000 -49.48000 1.50000 -41.6916
-195.55000 -35.66000 1.50000 -106.8250
-250.94000 -128.50000 1.50000 -60.3877
19.96000 -49.48000 1.50000 -41.4692
-195.55000 -35.66000 1.50000 -106.7905
-250.94000 -128.50000 1.50000 -60.3603
19.96000 -49.48000 1.50000 -41.2421
-195.55000 -35.66000 1.50000 -106.7558
-250.94000 -128.50000 1.50000 -60.3328
19.96000 -49.48000 1.50000 -41.0103
-195.55000 -35.66000 1.50000 -106.7209
-250.94000 -128.50000 1.50000 -60.3053
19.96000 -49.48000 1.50000 -40.7737
-195.55000 -35.66000 1.50000 -106.6859
-250.94000 -128.50000 1.50000 -60.2776
19.96000 -49.48000 1.50000 -40.5322
-195.55000 -35.66000 1.50000 -106.6508
-250.94000 -128.50000 1.50000 -60.2499
19.96000 -49.48000 1.50000 -40.2857
-195.55000 -35.66000 1.50000 -106.6156
-250.94000 -128.50000 1.50000 -60.2221
19.96000 -49.48000 1.50000 -40.4219
-195.55000 -35.66000 1.50000 -106.6198
-250.94000 -128.50000 1.50000 -60.2161
19.96000 -49.48000 1.50000 -40.6610
-195.55000 -35.66000 1.50000 -106.6550
-250.94000 -128.50000 1.50000 -60.2440
19.96000 -49.48000 1.50000 -40.8957
-195.55000 -35.66000 1.50000 -106.6901
-250.94000 -128.50000 1.50000 -60.2717
19.96000 -49.48000 1.50000 -41.1259
-195.55000 -35.66000 1.50000 -106.7250
-250.94000 -128.50000 1.50000 -60.2994
19.96000 -49.48000 1.50000 -41.3517
-195.55000 -35.66000 1.50000 -106.7598
-250.94000 -128.50000 1.50000 -60.3270
19.96000 -49.48000 1.50000 -41.5733
-195.55000 -35.66000 1.50000 -106.7945
-250.94000 -128.50000 1.50000 -60.3545
19.96000 -49.48000 1.50000 -41.7906
-195.55000 -35.66000 1.50000 -106.8290
-250.94000 -128.50000 1.50000 -60.3819
19.96000 -49.48000 1.50000 -42.0037
-195.55000 -35.66000 1.50000 -106.8634
-250.94000 -128.50000 1.50000 -60.4093
19.96000 -49.48000 1.50000 -42.2128
-195.55000 -35.66000 1.50000 -106.8977
-250.94000 -128.50000 1.50000 -60.4365
19.96000 -49.48000 1.50000 -42.4179
-195.55000 -35.66000 1.50000 -106.9318
-250.94000 -128.50000 1.50000 -60.4637
19.96000 -49.48000 1.50000 -42.6192
-195.55000 -35.66000 1.50000 -106.9658
-250.94000 -128.50000 1.50000 -60.4908
19.96000 -49.48000 1.50000 -42.8167
-195.55000 -35.66000 1.50000 -106.9997
-250.94000 -128.50000 1.50000 -60.5178
19.96000 -49.48000 1.50000 -43.0105
-195.55000 -35.66000 1.50000 -107.0334
-250.94000 -128.50000 1.50000 -60.5448
19.96000 -49.48000 1.50000 -43.2007
-195.55000 -35.66000 1.50000 -107.0670
-250.94000 -128.50000 1.50000 -60.5716
19.96000 -49.48000 1.50000 -43.3875
-195.55000 -35.66000 1.50000 -107.1005
-250.94000 -128.50000 1.50000 -60.5984
19.96000 -49.48000 1.50000 -43.5709
-195.55000 -35.66000 1.50000 -107.1339
-250.94000 -128.50000 1.50000 -60.6251
19.96000 -49.48000 1.50000 -43.7510
-195.55000 -35.66000 1.50000 -107.1671
-250.94000 -128.50000 1.50000 -60.6517
19.96000 -49.48000 1.50000 -43.9279
-195.55000 -35.66000 1.50000 -107.2002
-250.94000 -128.50000 1.50000 -60.6782
19.96000 -49.48000 1.50000 -44.1017
-195.55000 -35.66000 1.50000 -107.2332
-250.94000 -128.50000 1.50000 -60.7047
19.96000 -49.48000 1.50000 -44.2726
-195.55000 -35.66000 1.50000 -107.2661
-250.94000 -128.50000 1.50000 -60.7311
19.96000 -49.48000 1.50000 -44.4405
-195.55000 -35.66000 1.50000 -107.2988
-250.94000 -128.50000 1.50000 -60.7574
19.96000 -49.48000 1.50000 -44.6055
-195.55000 -35.66000 1.50000 -107.3314
-250.94000 -128.50000 1.50000 -60.7836
19.96000 -49.48000 1.50000 -44.7678
-195.55000 -35.66000 1.50000 -107.3639
-250.94000 -128.50000 1.50000 -60.8098
19.96000 -49.48000 1.50000 -44.9274
-195.55000 -35.66000 1.50000 -107.3963
-250.94000 -128.50000 1.50000 -60.8359
19.96000 -49.48000 1.50000 -45.0844
-195.55000 -35.66000 1.50000 -107.4285
-250.94000 -128.50000 1.50000 -60.8619
19.96000 -49.48000 1.50000 -45.2389
-195.55000 -35.66000 1.50000 -107.4607
-250.94000 -128.50000 1.50000 -60.8878
19.96000 -49.48000 1.50000 -45.3909
-195.55000 -35.66000 1.50000 -107.4927
-250.94000 -128.50000 1.50000 -60.9137
19.96000 -49.48000 1.50000 -45.5405
-195.55000 -35.66000 1.50000 -107.5246
-250.94000 -128.50000 1.50000 -60.9395
19.96000 -49.48000 1.50000 -45.6878
-195.55000 -35.66000 1.50000 -107.5564
-250.94000 -128.50000 1.50000 -60.9652
19.96000 -49.48000 1.50000 -45.8328
-195.55000 -35.66000 1.50000 -107.5880
-250.94000 -128.50000 1.50000 -60.9908
19.96000 -49.48000 1.50000 -45.9756
-195.55000 -35.66000 1.50000 -107.6196
-250.94000 -128.50000 1.50000 -61.0164
19.96000 -49.48000 1.50000 -46.1163
-195.55000 -35.66000 1.50000 -107.6511
-250.94000 -128.50000 1.50000 -61.0419
19.96000 -49.48000 1.50000 -46.2549
-195.55000 -35.66000 1.50000 -107.6824
-250.94000 -128.50000 1.50000 -61.0673
19.96000 -49.48000 1.50000 -46.3914
-195.55000 -35.66000 1.50000 -107.7136
-250.94000 -128.50000 1.50000 -61.0926
19.96000 -49.48000 1.50000 -46.5260
-195.55000 -35.66000 1.50000 -107.7447
-250.94000 -128.50000 1.50000 -61.1179
19.96000 -49.48000 1.50000 -46.6587
-195.55000 -35.66000 1.50000 -107.7757
-250.94000 -128.50000 1.50000 -61.1431
19.96000 -49.48000 1.50000 -46.6926
-195.55000 -35.66000 1.50000 -107.7791
-250.94000 -128.50000 1.50000 -61.1384
19.96000 -49.48000 1.50000 -46.5610
-195.55000 -35.66000 1.50000 -107.7481
-250.94000 -128.50000 1.50000 -61.1131
19.96000 -49.48000 1.50000 -46.4275
-195.55000 -35.66000 1.50000 -107.7170
-250.94000 -128.50000 1.50000 -61.0878
19.96000 -49.48000 1.50000 -46.2920
-195.55000 -35.66000 1.50000 -107.6858
-250.94000 -128.50000 1.50000 -61.0624
19.96000 -49.48000 1.50000 -46.1546
-195.55000 -35.66000 1.50000 -107.6545
-250.94000 -128.50000 1.50000 -61.0370
19.96000 -49.48000 1.50000 -46.0152
-195.55000 -35.66000 1.50000 -107.6231
-250.94000 -128.50000 1.50000 -61.0115
19.96000 -49.48000 1.50000 -45.8737
-195.55000 -35.66000 1.50000 -107.5915
-250.94000 -128.50000 1.50000 -60.9859
19.96000 -49.48000 1.50000 -45.7301
-195.55000 -35.66000 1.50000 -107.5599
-250.94000 -128.50000 1.50000 -60.9602
19.96000 -49.48000 1.50000 -45.5843
-195.55000 -35.66000 1.50000 -107.5281
-250.94000 -128.50000 1.50000 -60.9345
19.96000 -49.48000 1.50000 -45.4362
-195.55000 -35.66000 1.50000 -107.4962
-250.94000 -128.50000 1.50000 -60.9086
19.96000 -49.48000 1.50000 -45.2858
-195.55000 -35.66000 1.50000 -107.4642
-250.94000 -128.50000 1.50000 -60.8828
19.96000 -49.48000 1.50000 -45.1330
-195.55000 -35.66000 1.50000 -107.4321
-250.94000 -128.50000 1.50000 -60.8568
19.96000 -49.48000 1.50000 -44.9778
-195.55000 -35.66000 1.50000 -107.3999
-250.94000 -128.50000 1.50000 -60.8308
19.96000 -49.48000 1.50000 -44.8200
-195.55000 -35.66000 1.50000 -107.3676
-250.94000 -128.50000 1.50000 -60.8046
19.96000 -49.48000 1.50000 -44.6597
-195.55000 -35.66000 1.50000 -107.3351
-250.94000 -128.50000 1.50000 -60.7785
19.96000 -49.48000 1.50000 -44.4968
-195.55000 -35.66000 1.50000 -107.3025
-250.94000 -128.50000 1.50000 -60.7522
19.96000 -49.48000 1.50000 -44.3311
-195.55000 -35.66000 1.50000 -107.2698
-250.94000 -128.50000 1.50000 -60.7259
19.96000 -49.48000 1.50000 -44.1626
-195.55000 -35.66000 1.50000 -107.2370
-250.94000 -128.50000 1.50000 -60.6994
19.96000 -49.48000 1.50000 -43.9912
-195.55000 -35.66000 1.50000 -107.2040
-250.94000 -128.50000 1.50000 -60.6729
19.96000 -49.48000 1.50000 -43.8169
-195.55000 -35.66000 1.50000 -107.1709
-250.94000 -128.50000 1.50000 -60.6464
19.96000 -49.48000 1.50000 -43.6396
-195.55000 -35.66000 1.50000 -107.1377
-250.94000 -128.50000 1.50000 -60.6197
19.96000 -49.48000 1.50000 -43.4591
-195.55000 -35.66000 1.50000 -107.1044
-250.94000 -128.50000 1.50000 -60.5930
19.96000 -49.48000 1.50000 -43.2755
-195.55000 -35.66000 1.50000 -107.0710
-250.94000 -128.50000 1.50000 -60.5662
19.96000 -49.48000 1.50000 -43.0886
-195.55000 -35.66000 1.50000 -107.0374
-250.94000 -128.50000 1.50000 -60.5393
19.96000 -49.48000 1.50000 -42.8983
-195.55000 -35.66000 1.50000 -107.0037
-250.94000 -128.50000 1.50000 -60.5123
19.96000 -49.48000 1.50000 -42.7045
-195.55000 -35.66000 1.50000 -106.9698
-250.94000 -128.50000 1.50000 -60.4853
19.96000 -49.48000 1.50000 -42.5073
-195.55000 -35.66000 1.50000 -106.9359
-250.94000 -128.50000 1.50000 -60.4581
19.96000 -49.48000 1.50000 -42.3064
-195.55000 -35.66000 1.50000 -106.9018
-250.94000 -128.50000 1.50000 -60.4309
19.96000 -49.48000 1.50000 -42.1019
-195.55000 -35.66000 1.50000 -106.8675
-250.94000 -128.50000 1.50000 -60.4036
19.96000 -49.48000 1.50000 -41.8937
-195.55000 -35.66000 1.50000 -106.8332
-250.94000 -128.50000 1.50000 -60.3763
19.96000 -49.48000 1.50000 -41.6816
-195.55000 -35.66000 1.50000 -106.7987
-250.94000 -128.50000 1.50000 -60.3488
19.96000 -49.48000 1.50000 -41.4657
-195.55000 -35.66000 1.50000 -106.7640
-250.94000 -128.50000 1.50000 -60.3213
19.96000 -49.48000 1.50000 -41.2458
-195.55000 -35.66000 1.50000 -106.7293
-250.94000 -128.50000 1.50000 -60.2936
19.96000 -49.48000 1.50000 -41.0220
-195.55000 -35.66000 1.50000 -106.6944
-250.94000 -128.50000 1.50000 -60.2659
19.96000 -49.48000 1.50000 -40.7943
-195.55000 -35.66000 1.50000 -106.6593
-250.94000 -128.50000 1.50000 -60.2381
19.96000 -49.48000 1.50000 -40.5626
-195.55000 -35.66000 1.50000 -106.6241
-250.94000 -128.50000 1.50000 -60.2102
19.96000 -49.48000 1.50000 -40.7072
-195.55000 -35.66000 1.50000 -106.6286
-250.94000 -128.50000 1.50000 -60.2044
19.96000 -49.48000 1.50000 -40.9315
-195.55000 -35.66000 1.50000 -106.6637
-250.94000 -128.50000 1.50000 -60.2323
19.96000 -49.48000 1.50000 -41.1524
-195.55000 -35.66000 1.50000 -106.6988
-250.94000 -128.50000 1.50000 -60.2602
19.96000 -49.48000 1.50000 -41.3697
-195.55000 -35.66000 1.50000 -106.7336
-250.94000 -128.50000 1.50000 -60.2879
19.96000 -49.48000 1.50000 -41.5835
-195.55000 -35.66000 1.50000 -106.7684
-250.94000 -128.50000 1.50000 -60.3156
19.96000 -49.48000 1.50000 -41.7938
-195.55000 -35.66000 1.50000 -106.8030
-250.94000 -128.50000 1.50000 -60.3432
19.96000 -49.48000 1.50000 -42.0006
-195.55000 -35.66000 1.50000 -106.8374
-250.94000 -128.50000 1.50000 -60.3707
19.96000 -49.48000 1.50000 -42.2039
-195.55000 -35.66000 1.50000 -106.8718
-250.94000 -128.50000 1.50000 -60.3981
19.96000 -49.48000 1.50000 -42.4038
-195.55000 -35.66000 1.50000 -106.9060
-250.94000 -128.50000 1.50000 -60.4254
19.96000 -49.48000 1.50000 -42.6003
-195.55000 -35.66000 1.50000 -106.9400
-250.94000 -128.50000 1.50000 -60.4526
19.96000 -49.48000 1.50000 -42.7934
-195.55000 -35.66000 1.50000 -106.9740
-250.94000 -128.50000 1.50000 -60.4798
19.96000 -49.48000 1.50000 -42.9833
-195.55000 -35.66000 1.50000 -107.0078
-250.94000 -128.50000 1.50000 -60.5069
19.96000 -49.48000 1.50000 -43.1700
-195.55000 -35.66000 1.50000 -107.0415
-250.94000 -128.50000 1.50000 -60.5339
19.96000 -49.48000 1.50000 -43.3535
-195.55000 -35.66000 1.50000 -107.0750
-250.94000 -128.50000 1.50000 -60.5608
19.96000 -49.48000 1.50000 -43.5340
-195.55000 -35.66000 1.50000 -107.1084
-250.94000 -128.50000 1.50000 -60.5877
19.96000 -49.48000 1.50000 -43.7114
-195.55000 -35.66000 1.50000 -107.1417
-250.94000 -128.50000 1.50000 -60.6144
19.96000 -49.48000 1.50000 -43.8859
-195.55000 -35.66000 1.50000 -107.1749
-250.94000 -128.50000 1.50000 -60.6411
19.96000 -49.48000 1.50000 -44.0575
-195.55000 -35.66000 1.50000 -107.2079
-250.94000 -128.50000 1.50000 -60.6677
19.96000 -49.48000 1.50000 -44.2263
-195.55000 -35.66000 1.50000 -107.2409
-250.94000 -128.50000 1.50000 -60.6942
19.96000 -49.48000 1.50000 -44.3924
-195.55000 -35.66000 1.50000 -107.2737
-250.94000 -128.50000 1.50000 -60.7207
19.96000 -49.48000 1.50000 -44.5558
-195.55000 -35.66000 1.50000 -107.3063
-250.94000 -128.50000 1.50000 -60.7471
19.96000 -49.48000 1.50000 -44.7166
-195.55000 -35.66000 1.50000 -107.3389
-250.94000 -128.50000 1.50000 -60.7734
19.96000 -49.48000 1.50000 -44.8749
-195.55000 -35.66000 1.50000 -107.3713
-250.94000 -128.50000 1.50000 -60.7996
19.96000 -49.48000 1.50000 -45.0307
-195.55000 -35.66000 1.50000 -107.4036
-250.94000 -128.50000 1.50000 -60.8257
19.96000 -49.48000 1.50000 -45.1840
-195.55000 -35.66000 1.50000 -107.4359
-250.94000 -128.50000 1.50000 -60.8518
19.96000 -49.48000 1.50000 -45.3351
-195.55000 -35.66000 1.50000 -107.4679
-250.94000 -128.50000 1.50000 -60.8778
19.96000 -49.48000 1.50000 -45.4838
-195.55000 -35.66000 1.50000 -107.4999
-250.94000 -128.50000 1.50000 -60.9037
19.96000 -49.48000 1.50000 -45.6303
-195.55000 -35.66000 1.50000 -107.5317
-250.94000 -128.50000 1.50000 -60.9295
19.96000 -49.48000 1.50000 -45.7746
-195.55000 -35.66000 1.50000 -107.5635
-250.94000 -128.50000 1.50000 -60.9553
19.96000 -49.48000 1.50000 -45.9168
-195.55000 -35.66000 1.50000 -107.5951
-250.94000 -128.50000 1.50000 -60.9810
19.96000 -49.48000 1.50000 -46.0569
-195.55000 -35.66000 1.50000 -107.6266
-250.94000 -128.50000 1.50000 -61.0066
19.96000 -49.48000 1.50000 -46.1950
-195.55000 -35.66000 1.50000 -107.6580
-250.94000 -128.50000 1.50000 -61.0322
19.96000 -49.48000 1.50000 -46.3312
-195.55000 -35.66000 1.50000 -107.6893
-250.94000 -128.50000 1.50000 -61.0577
19.96000 -49.48000 1.50000 -46.4654
-195.55000 -35.66000 1.50000 -107.7205
-250.94000 -128.50000 1.50000 -61.0831
19.96000 -49.48000 1.50000 -46.5978
-195.55000 -35.66000 1.50000 -107.7515
-250.94000 -128.50000 1.50000 -61.1084
19.96000 -49.48000 1.50000 -46.7283
-195.55000 -35.66000 1.50000 -107.7825
-250.94000 -128.50000 1.50000 -61.1337
19.96000 -49.48000 1.50000 -46.7658
-195.55000 -35.66000 1.50000 -107.7860
-250.94000 -128.50000 1.50000 -61.1290
19.96000 -49.48000 1.50000 -46.6364
-195.55000 -35.66000 1.50000 -107.7551
-250.94000 -128.50000 1.50000 -61.1037
19.96000 -49.48000 1.50000 -46.5052
-195.55000 -35.66000 1.50000 -107.7241
-250.94000 -128.50000 1.50000 -61.0784
19.96000 -49.48000 1.50000 -46.3722
-195.55000 -35.66000 1.50000 -107.6929
-250.94000 -128.50000 1.50000 -61.0529
19.96000 -49.48000 1.50000 -46.2374
-195.55000 -35.66000 1.50000 -107.6617
-250.94000 -128.50000 1.50000 -61.0274
19.96000 -49.48000 1.50000 -46.1007
-195.55000 -35.66000 1.50000 -107.6303
-250.94000 -128.50000 1.50000 -61.0019
19.96000 -49.48000 1.50000 -45.9620
-195.55000 -35.66000 1.50000 -107.5988
-250.94000 -128.50000 1.50000 -60.9762
19.96000 -49.48000 1.50000 -45.8213
-195.55000 -35.66000 1.50000 -107.5672
-250.94000 -128.50000 1.50000 -60.9505
19.96000 -49.48000 1.50000 -45.6785
-195.55000 -35.66000 1.50000 -107.5355
-250.94000 -128.50000 1.50000 -60.9247
19.96000 -49.48000 1.50000 -45.5337
-195.55000 -35.66000 1.50000 -107.5037
-250.94000 -128.50000 1.50000 -60.8988
19.96000 -49.48000 1.50000 -45.3867
-195.55000 -35.66000 1.50000 -107.4717
-250.94000 -128.50000 1.50000 -60.8729
19.96000 -49.48000 1.50000 -45.2374
-195.55000 -35.66000 1.50000 -107.4397
-250.94000 -128.50000 1.50000 -60.8469
19.96000 -49.48000 1.50000 -45.0860
-195.55000 -35.66000 1.50000 -107.4075
-250.94000 -128.50000 1.50000 -60.8208
19.96000 -49.48000 1.50000 -44.9322
-195.55000 -35.66000 1.50000 -107.3752
-250.94000 -128.50000 1.50000 -60.7946
19.96000 -49.48000 1.50000 -44.7760
-195.55000 -35.66000 1.50000 -107.3428
-250.94000 -128.50000 1.50000 -60.7683
19.96000 -49.48000 1.50000 -44.6175
-195.55000 -35.66000 1.50000 -107.3103
-250.94000 -128.50000 1.50000 -60.7420
19.96000 -49.48000 1.50000 -44.4564
-195.55000 -35.66000 1.50000 -107.2776
-250.94000 -128.50000 1.50000 -60.7156
19.96000 -49.48000 1.50000 -44.2928
-195.55000 -35.66000 1.50000 -107.2449
-250.94000 -128.50000 1.50000 -60.6891
19.96000 -49.48000 1.50000 -44.1266
-195.55000 -35.66000 1.50000 -107.2120
-250.94000 -128.50000 1.50000 -60.6626
19.96000 -49.48000 1.50000 -43.9578
-195.55000 -35.66000 1.50000 -107.1790
-250.94000 -128.50000 1.50000 -60.6359
19.96000 -49.48000 1.50000 -43.7862
-195.55000 -35.66000 1.50000 -107.1458
-250.94000 -128.50000 1.50000 -60.6092
19.96000 -49.48000 1.50000 -43.6118
-195.55000 -35.66000 1.50000 -107.1126
-250.94000 -128.50000 1.50000 -60.5824
19.96000 -49.48000 1.50000 -43.4347
-195.55000 -35.66000 1.50000 -107.0792
-250.94000 -128.50000 1.50000 -60.5555
19.96000 -49.48000 1.50000 -43.2546
-195.55000 -35.66000 1.50000 -107.0457
-250.94000 -128.50000 1.50000 -60.5286
19.96000 -49.48000 1.50000 -43.0716
-195.55000 -35.66000 1.50000 -107.0120
-250.94000 -128.50000 1.50000 -60.5015
19.96000 -49.48000 1.50000 -42.8856
-195.55000 -35.66000 1.50000 -106.9782
-250.94000 -128.50000 1.50000 -60.4744
19.96000 -49.48000 1.50000 -42.6966
-195.55000 -35.66000 1.50000 -106.9443
-250.94000 -128.50000 1.50000 -60.4472
19.96000 -49.48000 1.50000 -42.5045
-195.55000 -35.66000 1.50000 -106.9103
-250.94000 -128.50000 1.50000 -60.4200
19.96000 -49.48000 1.50000 -42.3093
-195.55000 -35.66000 1.50000 -106.8761
-250.94000 -128.50000 1.50000 -60.3926
19.96000 -49.48000 1.50000 -42.1110
-195.55000 -35.66000 1.50000 -106.8418
-250.94000 -128.50000 1.50000 -60.3651
19.96000 -49.48000 1.50000 -41.9095
-195.55000 -35.66000 1.50000 -106.8074
-250.94000 -128.50000 1.50000 -60.3376
19.96000 -49.48000 1.50000 -41.7049
-195.55000 -35.66000 1.50000 -106.7728
-250.94000 -128.50000 1.50000 -60.3100
19.96000 -49.48000 1.50000 -41.4971
-195.55000 -35.66000 1.50000 -106.7381
-250.94000 -128.50000 1.50000 -60.2823
19.96000 -49.48000 1.50000 -41.2862
-195.55000 -35.66000 1.50000 -106.7033
-250.94000 -128.50000 1.50000 -60.2545
19.96000 -49.48000 1.50000 -41.0723
-195.55000 -35.66000 1.50000 -106.6683
-250.94000 -128.50000 1.50000 -60.2266
19.96000 -49.48000 1.50000 -40.8553
-195.55000 -35.66000 1.50000 -106.6332
-250.94000 -128.50000 1.50000 -60.1987
19.96000 -49.48000 1.50000 -41.0063
-195.55000 -35.66000 1.50000 -106.6380
-250.94000 -128.50000 1.50000 -60.1930
19.96000 -49.48000 1.50000 -41.2160
-195.55000 -35.66000 1.50000 -106.6730
-250.94000 -128.50000 1.50000 -60.2210
19.96000 -49.48000 1.50000 -41.4232
-195.55000 -35.66000 1.50000 -106.7080
-250.94000 -128.50000 1.50000 -60.2489
19.96000 -49.48000 1.50000 -41.6277
-195.55000 -35.66000 1.50000 -106.7428
-250.94000 -128.50000 1.50000 -60.2768
19.96000 -49.48000 1.50000 -41.8295
-195.55000 -35.66000 1.50000 -106.7775
-250.94000 -128.50000 1.50000 -60.3045
19.96000 -49.48000 1.50000 -42.0284
-195.55000 -35.66000 1.50000 -106.8120
-250.94000 -128.50000 1.50000 -60.3321
19.96000 -49.48000 1.50000 -42.2246
-195.55000 -35.66000 1.50000 -106.8464
-250.94000 -128.50000 1.50000 -60.3597
19.96000 -49.48000 1.50000 -42.4179
-195.55000 -35.66000 1.50000 -106.8806
-250.94000 -128.50000 1.50000 -60.3872
19.96000 -49.48000 1.50000 -42.6084
-195.55000 -35.66000 1.50000 -106.9148
-250.94000 -128.50000 1.50000 -60.4146
19.96000 -49.48000 1.50000 -42.7960
-195.55000 -35.66000 1.50000 -106.9488
-250.94000 -128.50000 1.50000 -60.4419
19.96000 -49.48000 1.50000 -42.9809
-195.55000 -35.66000 1.50000 -106.9826
-250.94000 -128.50000 1.50000 -60.4691
19.96000 -49.48000 1.50000 -43.1629
-195.55000 -35.66000 1.50000 -107.0164
-250.94000 -128.50000 1.50000 -60.4963
19.96000 -49.48000 1.50000 -43.3422
-195.55000 -35.66000 1.50000 -107.0500
-250.94000 -128.50000 1.50000 -60.5234
19.96000 -49.48000 1.50000 -43.5187
-195.55000 -35.66000 1.50000 -107.0835
-250.94000 -128.50000 1.50000 -60.5503
19.96000 -49.48000 1.50000 -43.6925
-195.55000 -35.66000 1.50000 -107.1168
-250.94000 -128.50000 1.50000 -60.5772
19.96000 -49.48000 1.50000 -43.8637
-195.55000 -35.66000 1.50000 -107.1501
-250.94000 -128.50000 1.50000 -60.6041
19.96000 -49.48000 1.50000 -44.0323
-195.55000 -35.66000 1.50000 -107.1832
-250.94000 -128.50000 1.50000 -60.6308
19.96000 -49.48000 1.50000 -44.1984
-195.55000 -35.66000 1.50000 -107.2161
-250.94000 -128.50000 1.50000 -60.6575
19.96000 -49.48000 1.50000 -44.3619
-195.55000 -35.66000 1.50000 -107.2490
-250.94000 -128.50000 1.50000 -60.6841
19.96000 -49.48000 1.50000 -44.5230
-195.55000 -35.66000 1.50000 -107.2817
-250.94000 -128.50000 1.50000 -60.7106
19.96000 -49.48000 1.50000 -44.6816
-195.55000 -35.66000 1.50000 -107.3144
-250.94000 -128.50000 1.50000 -60.7370
19.96000 -49.48000 1.50000 -44.8379
-195.55000 -35.66000 1.50000 -107.3469
-250.94000 -128.50000 1.50000 -60.7634
19.96000 -49.48000 1.50000 -44.9919
-195.55000 -35.66000 1.50000 -107.3792
-250.94000 -128.50000 1.50000 -60.7897
19.96000 -49.48000 1.50000 -45.1436
-195.55000 -35.66000 1.50000 -107.4115
-250.94000 -128.50000 1.50000 -60.8159
19.96000 -49.48000 1.50000 -45.2931
-195.55000 -35.66000 1.50000 -107.4436
-250.94000 -128.50000 1.50000 -60.8420
19.96000 -49.48000 1.50000 -45.4404
-195.55000 -35.66000 1.50000 -107.4757
-250.94000 -128.50000 1.50000 -60.8680