19.96000 -49.48000 1.50000 -98.0266
-195.55000 -35.66000 1.50000 -107.6364
-250.94000 -128.50000 1.50000 -189.7853
19.96000 -49.48000 1.50000 -97.9622
-195.55000 -35.66000 1.50000 -107.6067
-250.94000 -128.50000 1.50000 -189.7637
19.96000 -49.48000 1.50000 -97.8979
-195.55000 -35.66000 1.50000 -107.5769
-250.94000 -128.50000 1.50000 -189.7420
19.96000 -49.48000 1.50000 -97.8311
-195.55000 -35.66000 1.50000 -107.5712
-250.94000 -128.50000 1.50000 -189.7325
19.96000 -49.48000 1.50000 -97.8965
-195.55000 -35.66000 1.50000 -107.6011
-250.94000 -128.50000 1.50000 -189.7543
19.96000 -49.48000 1.50000 -97.9618
-195.55000 -35.66000 1.50000 -107.6308
-250.94000 -128.50000 1.50000 -189.7760
19.96000 -49.48000 1.50000 -98.0271
-195.55000 -35.66000 1.50000 -107.6605
-250.94000 -128.50000 1.50000 -189.7976
19.96000 -49.48000 1.50000 -98.0924
-195.55000 -35.66000 1.50000 -107.6901
-250.94000 -128.50000 1.50000 -189.8192
19.96000 -49.48000 1.50000 -98.0295
-195.55000 -35.66000 1.50000 -107.6846
-250.94000 -128.50000 1.50000 -189.8100
19.96000 -49.48000 1.50000 -97.9633
-195.55000 -35.66000 1.50000 -107.6550
-250.94000 -128.50000 1.50000 -189.7884
19.96000 -49.48000 1.50000 -97.8970
-195.55000 -35.66000 1.50000 -107.6254
-250.94000 -128.50000 1.50000 -189.7666
19.96000 -49.48000 1.50000 -97.8307
-195.55000 -35.66000 1.50000 -107.5956
-250.94000 -128.50000 1.50000 -189.7449
19.96000 -49.48000 1.50000 -97.7644
-195.55000 -35.66000 1.50000 -107.5657
-250.94000 -128.50000 1.50000 -189.7231
19.96000 -49.48000 1.50000 -97.6981
-195.55000 -35.66000 1.50000 -107.5357
-250.94000 -128.50000 1.50000 -189.7013
19.96000 -49.48000 1.50000 -97.6318
-195.55000 -35.66000 1.50000 -107.5056
-250.94000 -128.50000 1.50000 -189.6794
19.96000 -49.48000 1.50000 -97.5655
-195.55000 -35.66000 1.50000 -107.4754
-250.94000 -128.50000 1.50000 -189.6574
19.96000 -49.48000 1.50000 -97.4956
-195.55000 -35.66000 1.50000 -107.4698
-250.94000 -128.50000 1.50000 -189.6479
19.96000 -49.48000 1.50000 -97.5629
-195.55000 -35.66000 1.50000 -107.5000
-250.94000 -128.50000 1.50000 -189.6699
19.96000 -49.48000 1.50000 -97.6303
-195.55000 -35.66000 1.50000 -107.5302
-250.94000 -128.50000 1.50000 -189.6918
19.96000 -49.48000 1.50000 -97.6976
-195.55000 -35.66000 1.50000 -107.5602
-250.94000 -128.50000 1.50000 -189.7137
19.96000 -49.48000 1.50000 -97.7650
-195.55000 -35.66000 1.50000 -107.5901
-250.94000 -128.50000 1.50000 -189.7356
19.96000 -49.48000 1.50000 -97.8323
-195.55000 -35.66000 1.50000 -107.6200
-250.94000 -128.50000 1.50000 -189.7574
19.96000 -49.48000 1.50000 -97.8995
-195.55000 -35.66000 1.50000 -107.6497
-250.94000 -128.50000 1.50000 -189.7791
19.96000 -49.48000 1.50000 -97.9668
-195.55000 -35.66000 1.50000 -107.6793
-250.94000 -128.50000 1.50000 -189.8008
19.96000 -49.48000 1.50000 -98.0339
-195.55000 -35.66000 1.50000 -107.7089
-250.94000 -128.50000 1.50000 -189.8225
19.96000 -49.48000 1.50000 -97.9722
-195.55000 -35.66000 1.50000 -107.7037
-250.94000 -128.50000 1.50000 -189.8134
19.96000 -49.48000 1.50000 -97.9040
-195.55000 -35.66000 1.50000 -107.6741
-250.94000 -128.50000 1.50000 -189.7917
19.96000 -49.48000 1.50000 -97.8358
-195.55000 -35.66000 1.50000 -107.6444
-250.94000 -128.50000 1.50000 -189.7700
19.96000 -49.48000 1.50000 -97.7676
-195.55000 -35.66000 1.50000 -107.6147
-250.94000 -128.50000 1.50000 -189.7482
19.96000 -49.48000 1.50000 -97.6992
-195.55000 -35.66000 1.50000 -107.5848
-250.94000 -128.50000 1.50000 -189.7263
19.96000 -49.48000 1.50000 -97.6309
-195.55000 -35.66000 1.50000 -107.5548
-250.94000 -128.50000 1.50000 -189.7044
19.96000 -49.48000 1.50000 -97.5625
-195.55000 -35.66000 1.50000 -107.5248
-250.94000 -128.50000 1.50000 -189.6825
19.96000 -49.48000 1.50000 -97.4941
-195.55000 -35.66000 1.50000 -107.4946
-250.94000 -128.50000 1.50000 -189.6605
19.96000 -49.48000 1.50000 -97.4257
-195.55000 -35.66000 1.50000 -107.4643
-250.94000 -128.50000 1.50000 -189.6385
19.96000 -49.48000 1.50000 -97.3573
-195.55000 -35.66000 1.50000 -107.4339
-250.94000 -128.50000 1.50000 -189.6164
19.96000 -49.48000 1.50000 -97.2890
-195.55000 -35.66000 1.50000 -107.4035
-250.94000 -128.50000 1.50000 -189.5943
19.96000 -49.48000 1.50000 -97.2167
-195.55000 -35.66000 1.50000 -107.3980
-250.94000 -128.50000 1.50000 -189.5848
19.96000 -49.48000 1.50000 -97.2862
-195.55000 -35.66000 1.50000 -107.4285
-250.94000 -128.50000 1.50000 -189.6069
19.96000 -49.48000 1.50000 -97.3557
-195.55000 -35.66000 1.50000 -107.4589
-250.94000 -128.50000 1.50000 -189.6291
19.96000 -49.48000 1.50000 -97.4252
-195.55000 -35.66000 1.50000 -107.4893
-250.94000 -128.50000 1.50000 -189.6511
19.96000 -49.48000 1.50000 -97.4947
-195.55000 -35.66000 1.50000 -107.5195
-250.94000 -128.50000 1.50000 -189.6732
19.96000 -49.48000 1.50000 -97.5641
-195.55000 -35.66000 1.50000 -107.5496
-250.94000 -128.50000 1.50000 -189.6951
19.96000 -49.48000 1.50000 -97.6336
-195.55000 -35.66000 1.50000 -107.5796
-250.94000 -128.50000 1.50000 -189.7171
19.96000 -49.48000 1.50000 -97.7029
-195.55000 -35.66000 1.50000 -107.6095
-250.94000 -128.50000 1.50000 -189.7390
19.96000 -49.48000 1.50000 -97.7722
-195.55000 -35.66000 1.50000 -107.6393
-250.94000 -128.50000 1.50000 -189.7608
19.96000 -49.48000 1.50000 -97.8414
-195.55000 -35.66000 1.50000 -107.6690
-250.94000 -128.50000 1.50000 -189.7826
19.96000 -49.48000 1.50000 -97.9105
-195.55000 -35.66000 1.50000 -107.6986
-250.94000 -128.50000 1.50000 -189.8044
19.96000 -49.48000 1.50000 -97.8490
-195.55000 -35.66000 1.50000 -107.6936
-250.94000 -128.50000 1.50000 -189.7954
19.96000 -49.48000 1.50000 -97.7789
-195.55000 -35.66000 1.50000 -107.6640
-250.94000 -128.50000 1.50000 -189.7736
19.96000 -49.48000 1.50000 -97.7087
-195.55000 -35.66000 1.50000 -107.6342
-250.94000 -128.50000 1.50000 -189.7517
19.96000 -49.48000 1.50000 -97.6384
-195.55000 -35.66000 1.50000 -107.6044
-250.94000 -128.50000 1.50000 -189.7298
19.96000 -49.48000 1.50000 -97.5679
-195.55000 -35.66000 1.50000 -107.5744
-250.94000 -128.50000 1.50000 -189.7079
19.96000 -49.48000 1.50000 -97.4975
-195.55000 -35.66000 1.50000 -107.5444
-250.94000 -128.50000 1.50000 -189.6859
19.96000 -49.48000 1.50000 -97.4269
-195.55000 -35.66000 1.50000 -107.5143
-250.94000 -128.50000 1.50000 -189.6639
19.96000 -49.48000 1.50000 -97.3563
-195.55000 -35.66000 1.50000 -107.4840
-250.94000 -128.50000 1.50000 -189.6418
19.96000 -49.48000 1.50000 -97.2857
-195.55000 -35.66000 1.50000 -107.4537
-250.94000 -128.50000 1.50000 -189.6197
19.96000 -49.48000 1.50000 -97.2151
-195.55000 -35.66000 1.50000 -107.4232
-250.94000 -128.50000 1.50000 -189.5975
19.96000 -49.48000 1.50000 -97.1444
-195.55000 -35.66000 1.50000 -107.3927
-250.94000 -128.50000 1.50000 -189.5753
19.96000 -49.48000 1.50000 -97.0738
-195.55000 -35.66000 1.50000 -107.3620
-250.94000 -128.50000 1.50000 -189.5531
19.96000 -49.48000 1.50000 -97.0033
-195.55000 -35.66000 1.50000 -107.3313
-250.94000 -128.50000 1.50000 -189.5307
19.96000 -49.48000 1.50000 -96.9328
-195.55000 -35.66000 1.50000 -107.3004
-250.94000 -128.50000 1.50000 -189.5084
19.96000 -49.48000 1.50000 -96.8569
-195.55000 -35.66000 1.50000 -107.2950
-250.94000 -128.50000 1.50000 -189.4988
19.96000 -49.48000 1.50000 -96.9286
-195.55000 -35.66000 1.50000 -107.3259
-250.94000 -128.50000 1.50000 -189.5212
19.96000 -49.48000 1.50000 -97.0003
-195.55000 -35.66000 1.50000 -107.3567
-250.94000 -128.50000 1.50000 -189.5436
19.96000 -49.48000 1.50000 -97.0721
-195.55000 -35.66000 1.50000 -107.3874
-250.94000 -128.50000 1.50000 -189.5659
19.96000 -49.48000 1.50000 -97.1439
-195.55000 -35.66000 1.50000 -107.4180
-250.94000 -128.50000 1.50000 -189.5882
19.96000 -49.48000 1.50000 -97.2157
-195.55000 -35.66000 1.50000 -107.4485
-250.94000 -128.50000 1.50000 -189.6104
19.96000 -49.48000 1.50000 -97.2875
-195.55000 -35.66000 1.50000 -107.4789
-250.94000 -128.50000 1.50000 -189.6325
19.96000 -49.48000 1.50000 -97.3592
-195.55000 -35.66000 1.50000 -107.5092
-250.94000 -128.50000 1.50000 -189.6547
19.96000 -49.48000 1.50000 -97.4308
-195.55000 -35.66000 1.50000 -107.5393
-250.94000 -128.50000 1.50000 -189.6767
19.96000 -49.48000 1.50000 -97.5024
-195.55000 -35.66000 1.50000 -107.5694
-250.94000 -128.50000 1.50000 -189.6988
19.96000 -49.48000 1.50000 -97.5739
-195.55000 -35.66000 1.50000 -107.5994
-250.94000 -128.50000 1.50000 -189.7207
19.96000 -49.48000 1.50000 -97.6452
-195.55000 -35.66000 1.50000 -107.6293
-250.94000 -128.50000 1.50000 -189.7427
19.96000 -49.48000 1.50000 -97.7165
-195.55000 -35.66000 1.50000 -107.6590
-250.94000 -128.50000 1.50000 -189.7646
19.96000 -49.48000 1.50000 -97.7876
-195.55000 -35.66000 1.50000 -107.6887
-250.94000 -128.50000 1.50000 -189.7864
19.96000 -49.48000 1.50000 -97.8585
-195.55000 -35.66000 1.50000 -107.7183
-250.94000 -128.50000 1.50000 -189.8082
19.96000 -49.48000 1.50000 -97.9293
-195.55000 -35.66000 1.50000 -107.7478
-250.94000 -128.50000 1.50000 -189.8300
19.96000 -49.48000 1.50000 -98.0000
-195.55000 -35.66000 1.50000 -107.7772
-250.94000 -128.50000 1.50000 -189.8517
19.96000 -49.48000 1.50000 -98.0704
-195.55000 -35.66000 1.50000 -107.8064
-250.94000 -128.50000 1.50000 -189.8734
19.96000 -49.48000 1.50000 -98.0130
-195.55000 -35.66000 1.50000 -107.8018
-250.94000 -128.50000 1.50000 -189.8646
19.96000 -49.48000 1.50000 -97.9416
-195.55000 -35.66000 1.50000 -107.7725
-250.94000 -128.50000 1.50000 -229.8429
19.96000 -49.48000 1.50000 -97.8700
-195.55000 -35.66000 1.50000 -107.7430
-250.94000 -128.50000 1.50000 -229.8212
19.96000 -49.48000 1.50000 -97.7983
-195.55000 -35.66000 1.50000 -107.7135
-250.94000 -128.50000 1.50000 -189.7994
19.96000 -49.48000 1.50000 -97.7263
-195.55000 -35.66000 1.50000 -107.6839
-250.94000 -128.50000 1.50000 -189.7775
19.96000 -49.48000 1.50000 -97.6542
-195.55000 -35.66000 1.50000 -107.6542
-250.94000 -128.50000 1.50000 -189.7556
19.96000 -49.48000 1.50000 -97.5819
-195.55000 -35.66000 1.50000 -107.6244
-250.94000 -128.50000 1.50000 -189.7337
19.96000 -49.48000 1.50000 -97.5095
-195.55000 -35.66000 1.50000 -107.5945
-250.94000 -128.50000 1.50000 -189.7117
19.96000 -49.48000 1.50000 -97.4369
-195.55000 -35.66000 1.50000 -107.5645
-250.94000 -128.50000 1.50000 -189.6897
19.96000 -49.48000 1.50000 -97.3643
-195.55000 -35.66000 1.50000 -107.5344
-250.94000 -128.50000 1.50000 -189.6676
19.96000 -49.48000 1.50000 -97.2915
-195.55000 -35.66000 1.50000 -107.5042
-250.94000 -128.50000 1.50000 -189.6455
19.96000 -49.48000 1.50000 -97.2187
-195.55000 -35.66000 1.50000 -107.4739
-250.94000 -128.50000 1.50000 -189.6233
19.96000 -49.48000 1.50000 -97.1458
-195.55000 -35.66000 1.50000 -107.4434
-250.94000 -128.50000 1.50000 -189.6011
19.96000 -49.48000 1.50000 -97.0728
-195.55000 -35.66000 1.50000 -107.4129
-250.94000 -128.50000 1.50000 -189.5788
19.96000 -49.48000 1.50000 -96.9998
-195.55000 -35.66000 1.50000 -107.3823
-250.94000 -128.50000 1.50000 -189.5565
19.96000 -49.48000 1.50000 -96.9268
-195.55000 -35.66000 1.50000 -107.3516
-250.94000 -128.50000 1.50000 -189.5342
19.96000 -49.48000 1.50000 -96.8538
-195.55000 -35.66000 1.50000 -107.3207
-250.94000 -128.50000 1.50000 -189.5118
19.96000 -49.48000 1.50000 -96.7808
-195.55000 -35.66000 1.50000 -107.2898
-250.94000 -128.50000 1.50000 -189.4893
19.96000 -49.48000 1.50000 -96.7079
-195.55000 -35.66000 1.50000 -107.2587
-250.94000 -128.50000 1.50000 -189.4668
19.96000 -49.48000 1.50000 -136.6351
-195.55000 -35.66000 1.50000 -107.2276
-250.94000 -128.50000 1.50000 -189.4443
19.96000 -49.48000 1.50000 -136.5624
-195.55000 -35.66000 1.50000 -107.1963
-250.94000 -128.50000 1.50000 -189.4217
19.96000 -49.48000 1.50000 -136.4898
-195.55000 -35.66000 1.50000 -107.1649
-250.94000 -128.50000 1.50000 -189.3990
19.96000 -49.48000 1.50000 -136.4173
-195.55000 -35.66000 1.50000 -107.1334
-250.94000 -128.50000 1.50000 -189.3763
19.96000 -49.48000 1.50000 -136.3345
-195.55000 -35.66000 1.50000 -107.1281
-250.94000 -128.50000 1.50000 -189.3666
19.96000 -49.48000 1.50000 -136.4084
-195.55000 -35.66000 1.50000 -107.1596
-250.94000 -128.50000 1.50000 -189.3893
19.96000 -49.48000 1.50000 -136.4823
-195.55000 -35.66000 1.50000 -107.1910
-250.94000 -128.50000 1.50000 -189.4120
19.96000 -49.48000 1.50000 -96.5564
-195.55000 -35.66000 1.50000 -107.2224
-250.94000 -128.50000 1.50000 -189.4347
19.96000 -49.48000 1.50000 -96.6305
-195.55000 -35.66000 1.50000 -107.2535
-250.94000 -128.50000 1.50000 -189.4573
19.96000 -49.48000 1.50000 -96.7048
-195.55000 -35.66000 1.50000 -107.2846
-250.94000 -128.50000 1.50000 -189.4798
19.96000 -49.48000 1.50000 -96.7790
-195.55000 -35.66000 1.50000 -107.3156
-250.94000 -128.50000 1.50000 -189.5023
19.96000 -49.48000 1.50000 -96.8532
-195.55000 -35.66000 1.50000 -107.3465
-250.94000 -128.50000 1.50000 -189.5248
19.96000 -49.48000 1.50000 -96.9275
-195.55000 -35.66000 1.50000 -107.3773
-250.94000 -128.50000 1.50000 -189.5472
19.96000 -49.48000 1.50000 -97.0017
-195.55000 -35.66000 1.50000 -107.4079
-250.94000 -128.50000 1.50000 -189.5696
19.96000 -49.48000 1.50000 -97.0759
-195.55000 -35.66000 1.50000 -107.4385
-250.94000 -128.50000 1.50000 -189.5919
19.96000 -49.48000 1.50000 -97.1499
-195.55000 -35.66000 1.50000 -107.4689
-250.94000 -128.50000 1.50000 -189.6141
19.96000 -49.48000 1.50000 -97.2239
-195.55000 -35.66000 1.50000 -107.4993
-250.94000 -128.50000 1.50000 -189.6364
19.96000 -49.48000 1.50000 -97.2978
-195.55000 -35.66000 1.50000 -107.5295
-250.94000 -128.50000 1.50000 -189.6585
19.96000 -49.48000 1.50000 -97.3716
-195.55000 -35.66000 1.50000 -107.5597
-250.94000 -128.50000 1.50000 -189.6806
19.96000 -49.48000 1.50000 -97.4452
-195.55000 -35.66000 1.50000 -107.5897
-250.94000 -128.50000 1.50000 -189.7027
19.96000 -49.48000 1.50000 -97.5187
-195.55000 -35.66000 1.50000 -107.6197
-250.94000 -128.50000 1.50000 -189.7247
19.96000 -49.48000 1.50000 -97.5921
-195.55000 -35.66000 1.50000 -107.6495
-250.94000 -128.50000 1.50000 -189.7467
19.96000 -49.48000 1.50000 -97.6652
-195.55000 -35.66000 1.50000 -107.6792
-250.94000 -128.50000 1.50000 -229.7687
19.96000 -49.48000 1.50000 -97.7382
-195.55000 -35.66000 1.50000 -107.7089
-250.94000 -128.50000 1.50000 -189.7906
19.96000 -49.48000 1.50000 -97.8110
-195.55000 -35.66000 1.50000 -107.7384
-250.94000 -128.50000 1.50000 -189.8124
19.96000 -49.48000 1.50000 -97.8835
-195.55000 -35.66000 1.50000 -107.7679
-250.94000 -128.50000 1.50000 -189.8342
19.96000 -49.48000 1.50000 -97.9559
-195.55000 -35.66000 1.50000 -107.7972
-250.94000 -128.50000 1.50000 -189.8559
19.96000 -49.48000 1.50000 -98.0280
-195.55000 -35.66000 1.50000 -107.8265
-250.94000 -128.50000 1.50000 -189.8777
19.96000 -49.48000 1.50000 -97.9720
-195.55000 -35.66000 1.50000 -107.8220
-250.94000 -128.50000 1.50000 -189.8690
19.96000 -49.48000 1.50000 -97.8989
-195.55000 -35.66000 1.50000 -107.7927
-250.94000 -128.50000 1.50000 -189.8473
19.96000 -49.48000 1.50000 -97.8256
-195.55000 -35.66000 1.50000 -107.7634
-250.94000 -128.50000 1.50000 -189.8255
19.96000 -49.48000 1.50000 -97.7521
-195.55000 -35.66000 1.50000 -107.7339
-250.94000 -128.50000 1.50000 -189.8037
19.96000 -49.48000 1.50000 -97.6783
-195.55000 -35.66000 1.50000 -107.7043
-250.94000 -128.50000 1.50000 -189.7818
19.96000 -49.48000 1.50000 -97.6043
-195.55000 -35.66000 1.50000 -107.6746
-250.94000 -128.50000 1.50000 -189.7598
19.96000 -49.48000 1.50000 -97.5301
-195.55000 -35.66000 1.50000 -107.6449
-250.94000 -128.50000 1.50000 -189.7379
19.96000 -49.48000 1.50000 -97.4557
-195.55000 -35.66000 1.50000 -107.6150
-250.94000 -128.50000 1.50000 -229.7159
19.96000 -49.48000 1.50000 -97.3811
-195.55000 -35.66000 1.50000 -107.5850
-250.94000 -128.50000 1.50000 -229.6938
19.96000 -49.48000 1.50000 -97.3064
-195.55000 -35.66000 1.50000 -107.5549
-250.94000 -128.50000 1.50000 -189.6716
19.96000 -49.48000 1.50000 -97.2315
-195.55000 -35.66000 1.50000 -107.5248
-250.94000 -128.50000 1.50000 -189.6495
19.96000 -49.48000 1.50000 -97.1565
-195.55000 -35.66000 1.50000 -107.4945
-250.94000 -128.50000 1.50000 -189.6273
19.96000 -49.48000 1.50000 -97.0813
-195.55000 -35.66000 1.50000 -107.4641
-250.94000 -128.50000 1.50000 -189.6050
19.96000 -49.48000 1.50000 -97.0060
-195.55000 -35.66000 1.50000 -107.4336
-250.94000 -128.50000 1.50000 -189.5827
19.96000 -49.48000 1.50000 -96.9306
-195.55000 -35.66000 1.50000 -107.4030
-250.94000 -128.50000 1.50000 -189.5603
19.96000 -49.48000 1.50000 -96.8552
-195.55000 -35.66000 1.50000 -107.3723
-250.94000 -128.50000 1.50000 -189.5379
19.96000 -49.48000 1.50000 -96.7797
-195.55000 -35.66000 1.50000 -107.3415
-250.94000 -128.50000 1.50000 -189.5155
19.96000 -49.48000 1.50000 -96.7042
-195.55000 -35.66000 1.50000 -107.3106
-250.94000 -128.50000 1.50000 -189.4930
19.96000 -49.48000 1.50000 -96.6286
-195.55000 -35.66000 1.50000 -107.2796
-250.94000 -128.50000 1.50000 -189.4704
19.96000 -49.48000 1.50000 -96.5531
-195.55000 -35.66000 1.50000 -107.2485
-250.94000 -128.50000 1.50000 -189.4478
19.96000 -49.48000 1.50000 -96.4776
-195.55000 -35.66000 1.50000 -107.2172
-250.94000 -128.50000 1.50000 -189.4252
19.96000 -49.48000 1.50000 -96.4022
-195.55000 -35.66000 1.50000 -107.1859
-250.94000 -128.50000 1.50000 -189.4025
19.96000 -49.48000 1.50000 -136.3268
-195.55000 -35.66000 1.50000 -107.1544
-250.94000 -128.50000 1.50000 -189.3797
19.96000 -49.48000 1.50000 -96.2452
-195.55000 -35.66000 1.50000 -107.1494
-250.94000 -128.50000 1.50000 -189.3702
19.96000 -49.48000 1.50000 -96.3219
-195.55000 -35.66000 1.50000 -107.1809
-250.94000 -128.50000 1.50000 -189.3930
19.96000 -49.48000 1.50000 -96.3988
-195.55000 -35.66000 1.50000 -107.2122
-250.94000 -128.50000 1.50000 -189.4157
19.96000 -49.48000 1.50000 -96.4756
-195.55000 -35.66000 1.50000 -107.2435
-250.94000 -128.50000 1.50000 -189.4384
19.96000 -49.48000 1.50000 -96.5525
-195.55000 -35.66000 1.50000 -107.2747
-250.94000 -128.50000 1.50000 -189.4610
19.96000 -49.48000 1.50000 -96.6294
-195.55000 -35.66000 1.50000 -107.3057
-250.94000 -128.50000 1.50000 -189.4836
19.96000 -49.48000 1.50000 -96.7062
-195.55000 -35.66000 1.50000 -107.3367
-250.94000 -128.50000 1.50000 -189.5062
19.96000 -49.48000 1.50000 -96.7830
-195.55000 -35.66000 1.50000 -107.3675
-250.94000 -128.50000 1.50000 -189.5287
19.96000 -49.48000 1.50000 -96.8597
-195.55000 -35.66000 1.50000 -107.3982
-250.94000 -128.50000 1.50000 -189.5511
19.96000 -49.48000 1.50000 -96.9363
-195.55000 -35.66000 1.50000 -107.4289
-250.94000 -128.50000 1.50000 -189.5736
19.96000 -49.48000 1.50000 -97.0128
-195.55000 -35.66000 1.50000 -107.4594
-250.94000 -128.50000 1.50000 -189.5959
19.96000 -49.48000 1.50000 -97.0891
-195.55000 -35.66000 1.50000 -107.4898
-250.94000 -128.50000 1.50000 -189.6182
19.96000 -49.48000 1.50000 -97.1653
-195.55000 -35.66000 1.50000 -107.5201
-250.94000 -128.50000 1.50000 -229.6405
19.96000 -49.48000 1.50000 -97.2414
-195.55000 -35.66000 1.50000 -107.5503
-250.94000 -128.50000 1.50000 -189.6627
19.96000 -49.48000 1.50000 -97.3172
-195.55000 -35.66000 1.50000 -107.5804
-250.94000 -128.50000 1.50000 -189.6849
19.96000 -49.48000 1.50000 -97.3929
-195.55000 -35.66000 1.50000 -107.6104
-250.94000 -128.50000 1.50000 -189.7070
19.96000 -49.48000 1.50000 -97.4684
-195.55000 -35.66000 1.50000 -107.6403
-250.94000 -128.50000 1.50000 -189.7291
19.96000 -49.48000 1.50000 -97.5436
-195.55000 -35.66000 1.50000 -107.6702
-250.94000 -128.50000 1.50000 -189.7511
19.96000 -49.48000 1.50000 -97.6186
-195.55000 -35.66000 1.50000 -107.6999
-250.94000 -128.50000 1.50000 -189.7731
19.96000 -49.48000 1.50000 -97.6934
-195.55000 -35.66000 1.50000 -107.7295
-250.94000 -128.50000 1.50000 -189.7950
19.96000 -49.48000 1.50000 -97.7680
-195.55000 -35.66000 1.50000 -107.7590
-250.94000 -128.50000 1.50000 -189.8169
19.96000 -49.48000 1.50000 -97.8422
-195.55000 -35.66000 1.50000 -107.7884
-250.94000 -128.50000 1.50000 -189.8387
19.96000 -49.48000 1.50000 -97.9163
-195.55000 -35.66000 1.50000 -107.8177
-250.94000 -128.50000 1.50000 -189.8605
19.96000 -49.48000 1.50000 -97.9900
-195.55000 -35.66000 1.50000 -107.8469
-250.94000 -128.50000 1.50000 -189.8822
19.96000 -49.48000 1.50000 -97.9355
-195.55000 -35.66000 1.50000 -107.8427
-250.94000 -128.50000 1.50000 -189.8738
19.96000 -49.48000 1.50000 -97.8608
-195.55000 -35.66000 1.50000 -107.8134
-250.94000 -128.50000 1.50000 -189.8520
19.96000 -49.48000 1.50000 -97.7858
-195.55000 -35.66000 1.50000 -107.7841
-250.94000 -128.50000 1.50000 -189.8302
19.96000 -49.48000 1.50000 -97.7105
-195.55000 -35.66000 1.50000 -107.7547
-250.94000 -128.50000 1.50000 -189.8083
19.96000 -49.48000 1.50000 -97.6350
-195.55000 -35.66000 1.50000 -107.7251
-250.94000 -128.50000 1.50000 -189.7864
19.96000 -49.48000 1.50000 -97.5592
-195.55000 -35.66000 1.50000 -107.6955
-250.94000 -128.50000 1.50000 -189.7644
19.96000 -49.48000 1.50000 -97.4831
-195.55000 -35.66000 1.50000 -107.6658
-250.94000 -128.50000 1.50000 -189.7424
19.96000 -49.48000 1.50000 -97.4068
-195.55000 -35.66000 1.50000 -107.6359
-250.94000 -128.50000 1.50000 -189.7203
19.96000 -49.48000 1.50000 -97.3303
-195.55000 -35.66000 1.50000 -107.6060
-250.94000 -128.50000 1.50000 -189.6982
19.96000 -49.48000 1.50000 -97.2535
-195.55000 -35.66000 1.50000 -107.5759
-250.94000 -128.50000 1.50000 -189.6760
19.96000 -49.48000 1.50000 -97.1765
-195.55000 -35.66000 1.50000 -107.5458
-250.94000 -128.50000 1.50000 -189.6538
19.96000 -49.48000 1.50000 -97.0993
-195.55000 -35.66000 1.50000 -107.5156
-250.94000 -128.50000 1.50000 -189.6315
19.96000 -49.48000 1.50000 -97.0219
-195.55000 -35.66000 1.50000 -107.4852
-250.94000 -128.50000 1.50000 -189.6092
19.96000 -49.48000 1.50000 -96.9444
-195.55000 -35.66000 1.50000 -107.4548
-250.94000 -128.50000 1.50000 -229.5869
19.96000 -49.48000 1.50000 -96.8667
-195.55000 -35.66000 1.50000 -107.4242
-250.94000 -128.50000 1.50000 -229.5645
19.96000 -49.48000 1.50000 -96.7888
-195.55000 -35.66000 1.50000 -107.3936
-250.94000 -128.50000 1.50000 -189.5420
19.96000 -49.48000 1.50000 -96.7108
-195.55000 -35.66000 1.50000 -107.3628
-250.94000 -128.50000 1.50000 -189.5195
19.96000 -49.48000 1.50000 -96.6328
-195.55000 -35.66000 1.50000 -107.3319
-250.94000 -128.50000 1.50000 -189.4970
19.96000 -49.48000 1.50000 -96.5546
-195.55000 -35.66000 1.50000 -107.3010
-250.94000 -128.50000 1.50000 -189.4744
19.96000 -49.48000 1.50000 -96.4764
-195.55000 -35.66000 1.50000 -107.2699
-250.94000 -128.50000 1.50000 -189.4517
19.96000 -49.48000 1.50000 -96.3981
-195.55000 -35.66000 1.50000 -107.2387
-250.94000 -128.50000 1.50000 -189.4290
19.96000 -49.48000 1.50000 -96.3199
-195.55000 -35.66000 1.50000 -107.2074
-250.94000 -128.50000 1.50000 -189.4063
19.96000 -49.48000 1.50000 -96.2416
-195.55000 -35.66000 1.50000 -107.1759
-250.94000 -128.50000 1.50000 -189.3835
19.96000 -49.48000 1.50000 -96.1634
-195.55000 -35.66000 1.50000 -107.1444
-250.94000 -128.50000 1.50000 -189.3606
19.96000 -49.48000 1.50000 -96.0816
-195.55000 -35.66000 1.50000 -107.1396
-250.94000 -128.50000 1.50000 -189.3512
19.96000 -49.48000 1.50000 -96.1613
-195.55000 -35.66000 1.50000 -107.1711
-250.94000 -128.50000 1.50000 -189.3741
19.96000 -49.48000 1.50000 -96.2410
-195.55000 -35.66000 1.50000 -107.2026
-250.94000 -128.50000 1.50000 -189.3969
19.96000 -49.48000 1.50000 -96.3207
-195.55000 -35.66000 1.50000 -107.2339
-250.94000 -128.50000 1.50000 -189.4197
19.96000 -49.48000 1.50000 -96.4003
-195.55000 -35.66000 1.50000 -107.2652
-250.94000 -128.50000 1.50000 -189.4424
19.96000 -49.48000 1.50000 -96.4799
-195.55000 -35.66000 1.50000 -107.2963
-250.94000 -128.50000 1.50000 -189.4651
19.96000 -49.48000 1.50000 -96.5594
-195.55000 -35.66000 1.50000 -107.3273
-250.94000 -128.50000 1.50000 -189.4878
19.96000 -49.48000 1.50000 -96.6388
-195.55000 -35.66000 1.50000 -107.3582
-250.94000 -128.50000 1.50000 -229.5104
19.96000 -49.48000 1.50000 -96.7181
-195.55000 -35.66000 1.50000 -107.3890
-250.94000 -128.50000 1.50000 -189.5329
19.96000 -49.48000 1.50000 -96.7972
-195.55000 -35.66000 1.50000 -107.4197
-250.94000 -128.50000 1.50000 -189.5554
19.96000 -49.48000 1.50000 -96.8761
-195.55000 -35.66000 1.50000 -107.4503
-250.94000 -128.50000 1.50000 -189.5779
19.96000 -49.48000 1.50000 -96.9549
-195.55000 -35.66000 1.50000 -107.4807
-250.94000 -128.50000 1.50000 -189.6003
19.96000 -49.48000 1.50000 -97.0335
-195.55000 -35.66000 1.50000 -107.5111
-250.94000 -128.50000 1.50000 -189.6227
19.96000 -49.48000 1.50000 -97.1118
-195.55000 -35.66000 1.50000 -107.5414
-250.94000 -128.50000 1.50000 -189.6449
19.96000 -49.48000 1.50000 -97.1900
-195.55000 -35.66000 1.50000 -107.5716
-250.94000 -128.50000 1.50000 -189.6672
19.96000 -49.48000 1.50000 -97.2679
-195.55000 -35.66000 1.50000 -107.6016
-250.94000 -128.50000 1.50000 -189.6894
19.96000 -49.48000 1.50000 -97.3455
-195.55000 -35.66000 1.50000 -107.6316
-250.94000 -128.50000 1.50000 -189.7116
19.96000 -49.48000 1.50000 -97.4229
-195.55000 -35.66000 1.50000 -107.6615
-250.94000 -128.50000 1.50000 -189.7337
19.96000 -49.48000 1.50000 -97.5000
-195.55000 -35.66000 1.50000 -107.6912
-250.94000 -128.50000 1.50000 -189.7558
19.96000 -49.48000 1.50000 -97.5769
-195.55000 -35.66000 1.50000 -107.7209
-250.94000 -128.50000 1.50000 -189.7778
19.96000 -49.48000 1.50000 -97.6534
-195.55000 -35.66000 1.50000 -107.7504
-250.94000 -128.50000 1.50000 -189.7997
19.96000 -49.48000 1.50000 -97.5966
-195.55000 -35.66000 1.50000 -147.7463
-250.94000 -128.50000 1.50000 -229.7912
19.96000 -49.48000 1.50000 -97.5190
-195.55000 -35.66000 1.50000 -147.7168
-250.94000 -128.50000 1.50000 -189.7692
19.96000 -49.48000 1.50000 -97.4411
-195.55000 -35.66000 1.50000 -147.6871
-250.94000 -128.50000 1.50000 -189.7472
19.96000 -49.48000 1.50000 -97.3630
-195.55000 -35.66000 1.50000 -147.6573
-250.94000 -128.50000 1.50000 -189.7251
19.96000 -49.48000 1.50000 -97.2845
-195.55000 -35.66000 1.50000 -147.6274
-250.94000 -128.50000 1.50000 -189.7029
19.96000 -49.48000 1.50000 -97.2057
-195.55000 -35.66000 1.50000 -147.5974
-250.94000 -128.50000 1.50000 -189.6807
19.96000 -49.48000 1.50000 -97.1267
-195.55000 -35.66000 1.50000 -107.5673
-250.94000 -128.50000 1.50000 -189.6584
19.96000 -49.48000 1.50000 -97.0474
-195.55000 -35.66000 1.50000 -107.5371
-250.94000 -128.50000 1.50000 -189.6361
19.96000 -49.48000 1.50000 -96.9678
-195.55000 -35.66000 1.50000 -107.5068
-250.94000 -128.50000 1.50000 -189.6138
19.96000 -49.48000 1.50000 -96.8881
-195.55000 -35.66000 1.50000 -107.4764
-250.94000 -128.50000 1.50000 -189.5914
19.96000 -49.48000 1.50000 -96.8081
-195.55000 -35.66000 1.50000 -107.4459
-250.94000 -128.50000 1.50000 -189.5689
19.96000 -49.48000 1.50000 -96.7279
-195.55000 -35.66000 1.50000 -107.4153
-250.94000 -128.50000 1.50000 -189.5464
19.96000 -49.48000 1.50000 -96.6475
-195.55000 -35.66000 1.50000 -107.3845
-250.94000 -128.50000 1.50000 -189.5239
19.96000 -49.48000 1.50000 -96.5669
-195.55000 -35.66000 1.50000 -107.3537
-250.94000 -128.50000 1.50000 -189.5013
19.96000 -49.48000 1.50000 -96.4862
-195.55000 -35.66000 1.50000 -107.3228
-250.94000 -128.50000 1.50000 -189.4787
19.96000 -49.48000 1.50000 -96.4053
-195.55000 -35.66000 1.50000 -107.2917
-250.94000 -128.50000 1.50000 -229.4560
19.96000 -49.48000 1.50000 -96.3243
-195.55000 -35.66000 1.50000 -107.2606
-250.94000 -128.50000 1.50000 -229.4332
19.96000 -49.48000 1.50000 -96.2433
-195.55000 -35.66000 1.50000 -107.2293
-250.94000 -128.50000 1.50000 -189.4104
19.96000 -49.48000 1.50000 -96.1621
-195.55000 -35.66000 1.50000 -107.1979
-250.94000 -128.50000 1.50000 -189.3876
19.96000 -49.48000 1.50000 -96.0809
-195.55000 -35.66000 1.50000 -107.1664
-250.94000 -128.50000 1.50000 -189.3647
19.96000 -49.48000 1.50000 -95.9997
-195.55000 -35.66000 1.50000 -107.1348
-250.94000 -128.50000 1.50000 -189.3418
19.96000 -49.48000 1.50000 -95.9186
-195.55000 -35.66000 1.50000 -107.1031
-250.94000 -128.50000 1.50000 -189.3188
19.96000 -49.48000 1.50000 -95.8374
-195.55000 -35.66000 1.50000 -107.0713
-250.94000 -128.50000 1.50000 -189.2957
19.96000 -49.48000 1.50000 -95.7524
-195.55000 -35.66000 1.50000 -107.0666
-250.94000 -128.50000 1.50000 -189.2862
19.96000 -49.48000 1.50000 -95.8351
-195.55000 -35.66000 1.50000 -107.0985
-250.94000 -128.50000 1.50000 -189.3093
19.96000 -49.48000 1.50000 -95.9179
-195.55000 -35.66000 1.50000 -107.1302
-250.94000 -128.50000 1.50000 -189.3324
19.96000 -49.48000 1.50000 -96.0006
-195.55000 -35.66000 1.50000 -107.1619
-250.94000 -128.50000 1.50000 -189.3554
19.96000 -49.48000 1.50000 -96.0833
-195.55000 -35.66000 1.50000 -107.1934
-250.94000 -128.50000 1.50000 -229.3783
19.96000 -49.48000 1.50000 -96.1659
-195.55000 -35.66000 1.50000 -107.2248
-250.94000 -128.50000 1.50000 -189.4012
19.96000 -49.48000 1.50000 -96.2484
-195.55000 -35.66000 1.50000 -107.2561
-250.94000 -128.50000 1.50000 -189.4240
19.96000 -49.48000 1.50000 -96.3308
-195.55000 -35.66000 1.50000 -107.2873
-250.94000 -128.50000 1.50000 -189.4468
19.96000 -49.48000 1.50000 -96.4130
-195.55000 -35.66000 1.50000 -107.3183
-250.94000 -128.50000 1.50000 -189.4696
19.96000 -49.48000 1.50000 -96.4951
-195.55000 -35.66000 1.50000 -107.3493
-250.94000 -128.50000 1.50000 -189.4923
19.96000 -49.48000 1.50000 -96.5770
-195.55000 -35.66000 1.50000 -147.3802
-250.94000 -128.50000 1.50000 -189.5149
19.96000 -49.48000 1.50000 -96.6587
-195.55000 -35.66000 1.50000 -147.4109
-250.94000 -128.50000 1.50000 -189.5375
19.96000 -49.48000 1.50000 -96.7402
-195.55000 -35.66000 1.50000 -147.4416
-250.94000 -128.50000 1.50000 -189.5601
19.96000 -49.48000 1.50000 -96.8215
-195.55000 -35.66000 1.50000 -147.4721
-250.94000 -128.50000 1.50000 -189.5826
19.96000 -49.48000 1.50000 -96.9025
-195.55000 -35.66000 1.50000 -147.5025
-250.94000 -128.50000 1.50000 -189.6050
19.96000 -49.48000 1.50000 -96.9832
-195.55000 -35.66000 1.50000 -147.5329
-250.94000 -128.50000 1.50000 -189.6274
19.96000 -49.48000 1.50000 -97.0637
-195.55000 -35.66000 1.50000 -147.5631
-250.94000 -128.50000 1.50000 -189.6497
19.96000 -49.48000 1.50000 -97.1439
-195.55000 -35.66000 1.50000 -147.5932
-250.94000 -128.50000 1.50000 -189.6720
19.96000 -49.48000 1.50000 -97.2237
-195.55000 -35.66000 1.50000 -147.6232
-250.94000 -128.50000 1.50000 -189.6943
19.96000 -49.48000 1.50000 -97.3033
-195.55000 -35.66000 1.50000 -147.6532
-250.94000 -128.50000 1.50000 -229.7165
19.96000 -49.48000 1.50000 -97.2440
-195.55000 -35.66000 1.50000 -147.6492
-250.94000 -128.50000 1.50000 -189.7079
19.96000 -49.48000 1.50000 -97.1633
-195.55000 -35.66000 1.50000 -147.6192
-250.94000 -128.50000 1.50000 -189.6857
19.96000 -49.48000 1.50000 -97.0823
-195.55000 -35.66000 1.50000 -147.5892
-250.94000 -128.50000 1.50000 -189.6634
19.96000 -49.48000 1.50000 -97.0009
-195.55000 -35.66000 1.50000 -147.5590
-250.94000 -128.50000 1.50000 -189.6411
19.96000 -49.48000 1.50000 -96.9193
-195.55000 -35.66000 1.50000 -147.5288
-250.94000 -128.50000 1.50000 -189.6187
19.96000 -49.48000 1.50000 -96.8373
-195.55000 -35.66000 1.50000 -147.4984
-250.94000 -128.50000 1.50000 -189.5962
19.96000 -49.48000 1.50000 -96.7551
-195.55000 -35.66000 1.50000 -147.4679
-250.94000 -128.50000 1.50000 -189.5737
19.96000 -49.48000 1.50000 -96.6726
-195.55000 -35.66000 1.50000 -147.4374
-250.94000 -128.50000 1.50000 -189.5512
19.96000 -49.48000 1.50000 -96.5898
-195.55000 -35.66000 1.50000 -147.4067
-250.94000 -128.50000 1.50000 -189.5286
19.96000 -49.48000 1.50000 -96.5068
-195.55000 -35.66000 1.50000 -147.3759
-250.94000 -128.50000 1.50000 -189.5060
19.96000 -49.48000 1.50000 -96.4236
-195.55000 -35.66000 1.50000 -147.3450
-250.94000 -128.50000 1.50000 -189.4833
19.96000 -49.48000 1.50000 -96.3401
-195.55000 -35.66000 1.50000 -147.3140
-250.94000 -128.50000 1.50000 -189.4606
19.96000 -49.48000 1.50000 -96.2564
-195.55000 -35.66000 1.50000 -147.2829
-250.94000 -128.50000 1.50000 -189.4378
19.96000 -49.48000 1.50000 -96.1726
-195.55000 -35.66000 1.50000 -147.2517
-250.94000 -128.50000 1.50000 -189.4149
19.96000 -49.48000 1.50000 -96.0886
-195.55000 -35.66000 1.50000 -147.2204
-250.94000 -128.50000 1.50000 -189.3920
19.96000 -49.48000 1.50000 -96.0045
-195.55000 -35.66000 1.50000 -147.1889
-250.94000 -128.50000 1.50000 -189.3691
19.96000 -49.48000 1.50000 -95.9203
-195.55000 -35.66000 1.50000 -147.1574
-250.94000 -128.50000 1.50000 -189.3461
19.96000 -49.48000 1.50000 -95.8360
-195.55000 -35.66000 1.50000 -107.1257
-250.94000 -128.50000 1.50000 -229.3231
19.96000 -49.48000 1.50000 -95.7517
-195.55000 -35.66000 1.50000 -107.0939
-250.94000 -128.50000 1.50000 -229.3000
19.96000 -49.48000 1.50000 -95.6674
-195.55000 -35.66000 1.50000 -107.0621
-250.94000 -128.50000 1.50000 -189.2768
19.96000 -49.48000 1.50000 -95.5830
-195.55000 -35.66000 1.50000 -107.0301
-250.94000 -128.50000 1.50000 -189.2536
19.96000 -49.48000 1.50000 -95.4987
-195.55000 -35.66000 1.50000 -106.9979
-250.94000 -128.50000 1.50000 -189.2304
19.96000 -49.48000 1.50000 -95.4146
-195.55000 -35.66000 1.50000 -106.9657
-250.94000 -128.50000 1.50000 -189.2071
19.96000 -49.48000 1.50000 -95.3305
-195.55000 -35.66000 1.50000 -106.9333
-250.94000 -128.50000 1.50000 -189.1837
19.96000 -49.48000 1.50000 -95.2466
-195.55000 -35.66000 1.50000 -106.9009
-250.94000 -128.50000 1.50000 -189.1603
19.96000 -49.48000 1.50000 -95.1527
-195.55000 -35.66000 1.50000 -106.8962
-250.94000 -128.50000 1.50000 -189.1507
19.96000 -49.48000 1.50000 -95.2385
-195.55000 -35.66000 1.50000 -146.9287
-250.94000 -128.50000 1.50000 -189.1741
19.96000 -49.48000 1.50000 -95.3243
-195.55000 -35.66000 1.50000 -146.9611
-250.94000 -128.50000 1.50000 -189.1975
19.96000 -49.48000 1.50000 -95.4103
-195.55000 -35.66000 1.50000 -146.9934
-250.94000 -128.50000 1.50000 -189.2209
19.96000 -49.48000 1.50000 -95.4963
-195.55000 -35.66000 1.50000 -147.0256
-250.94000 -128.50000 1.50000 -229.2442
19.96000 -49.48000 1.50000 -95.5823
-195.55000 -35.66000 1.50000 -147.0576
-250.94000 -128.50000 1.50000 -189.2675
19.96000 -49.48000 1.50000 -95.6683
-195.55000 -35.66000 1.50000 -147.0895
-250.94000 -128.50000 1.50000 -189.2906
19.96000 -49.48000 1.50000 -95.7542
-195.55000 -35.66000 1.50000 -147.1213
-250.94000 -128.50000 1.50000 -189.3138
19.96000 -49.48000 1.50000 -95.8401
-195.55000 -35.66000 1.50000 -147.1530
-250.94000 -128.50000 1.50000 -189.3369
19.96000 -49.48000 1.50000 -95.9259
-195.55000 -35.66000 1.50000 -147.1846
-250.94000 -128.50000 1.50000 -189.3599
19.96000 -49.48000 1.50000 -96.0115
-195.55000 -35.66000 1.50000 -147.2161
-250.94000 -128.50000 1.50000 -189.3829
19.96000 -49.48000 1.50000 -96.0970
-195.55000 -35.66000 1.50000 -147.2474
-250.94000 -128.50000 1.50000 -189.4059
19.96000 -49.48000 1.50000 -96.1822
-195.55000 -35.66000 1.50000 -147.2787
-250.94000 -128.50000 1.50000 -189.4287
19.96000 -49.48000 1.50000 -96.2673
-195.55000 -35.66000 1.50000 -147.3098
-250.94000 -128.50000 1.50000 -189.4516
19.96000 -49.48000 1.50000 -96.3522
-195.55000 -35.66000 1.50000 -147.3409
-250.94000 -128.50000 1.50000 -189.4744
19.96000 -49.48000 1.50000 -96.4368
-195.55000 -35.66000 1.50000 -147.3718
-250.94000 -128.50000 1.50000 -189.4971
19.96000 -49.48000 1.50000 -96.5212
-195.55000 -35.66000 1.50000 -147.4026
-250.94000 -128.50000 1.50000 -189.5198
19.96000 -49.48000 1.50000 -96.6052
-195.55000 -35.66000 1.50000 -147.4333
-250.94000 -128.50000 1.50000 -189.5424
19.96000 -49.48000 1.50000 -96.6890
-195.55000 -35.66000 1.50000 -147.4639
-250.94000 -128.50000 1.50000 -189.5650
19.96000 -49.48000 1.50000 -96.7725
-195.55000 -35.66000 1.50000 -147.4944
-250.94000 -128.50000 1.50000 -229.5875
19.96000 -49.48000 1.50000 -96.8557
-195.55000 -35.66000 1.50000 -147.5248
-250.94000 -128.50000 1.50000 -189.6100
19.96000 -49.48000 1.50000 -96.7924
-195.55000 -35.66000 1.50000 -147.5209
-250.94000 -128.50000 1.50000 -189.6014
19.96000 -49.48000 1.50000 -96.7080
-195.55000 -35.66000 1.50000 -147.4904
-250.94000 -128.50000 1.50000 -189.5789
19.96000 -49.48000 1.50000 -96.6233
-195.55000 -35.66000 1.50000 -147.4599
-250.94000 -128.50000 1.50000 -189.5563
19.96000 -49.48000 1.50000 -96.5382
-195.55000 -35.66000 1.50000 -147.4293
-250.94000 -128.50000 1.50000 -189.5337
19.96000 -49.48000 1.50000 -96.4528
-195.55000 -35.66000 1.50000 -147.3986
-250.94000 -128.50000 1.50000 -229.5110
19.96000 -49.48000 1.50000 -96.3671
-195.55000 -35.66000 1.50000 -147.3677
-250.94000 -128.50000 1.50000 -189.4883
19.96000 -49.48000 1.50000 -96.2811
-195.55000 -35.66000 1.50000 -147.3368
-250.94000 -128.50000 1.50000 -189.4655
19.96000 -49.48000 1.50000 -96.1948
-195.55000 -35.66000 1.50000 -147.3057
-250.94000 -128.50000 1.50000 -189.4427
19.96000 -49.48000 1.50000 -96.1083
-195.55000 -35.66000 1.50000 -147.2746
-250.94000 -128.50000 1.50000 -189.4198
19.96000 -49.48000 1.50000 -96.0215
-195.55000 -35.66000 1.50000 -147.2433
-250.94000 -128.50000 1.50000 -189.3968
19.96000 -49.48000 1.50000 -95.9345
-195.55000 -35.66000 1.50000 -147.2119
-250.94000 -128.50000 1.50000 -189.3738
19.96000 -49.48000 1.50000 -95.8473
-195.55000 -35.66000 1.50000 -147.1804
-250.94000 -128.50000 1.50000 -189.3508
19.96000 -49.48000 1.50000 -95.7600
-195.55000 -35.66000 1.50000 -147.1488
-250.94000 -128.50000 1.50000 -189.3277
19.96000 -49.48000 1.50000 -95.6725
-195.55000 -35.66000 1.50000 -147.1171
-250.94000 -128.50000 1.50000 -189.3046
19.96000 -49.48000 1.50000 -95.5849
-195.55000 -35.66000 1.50000 -147.0852
-250.94000 -128.50000 1.50000 -189.2814
19.96000 -49.48000 1.50000 -95.4972
-195.55000 -35.66000 1.50000 -147.0533
-250.94000 -128.50000 1.50000 -189.2581
19.96000 -49.48000 1.50000 -95.4095
-195.55000 -35.66000 1.50000 -147.0212
-250.94000 -128.50000 1.50000 -189.2348
19.96000 -49.48000 1.50000 -95.3218
-195.55000 -35.66000 1.50000 -146.9890
-250.94000 -128.50000 1.50000 -189.2115
19.96000 -49.48000 1.50000 -95.2340
-195.55000 -35.66000 1.50000 -146.9567
-250.94000 -128.50000 1.50000 -229.1881
19.96000 -49.48000 1.50000 -95.1463
-195.55000 -35.66000 1.50000 -146.9243
-250.94000 -128.50000 1.50000 -229.1646
19.96000 -49.48000 1.50000 -95.0541
-195.55000 -35.66000 1.50000 -146.9199
-250.94000 -128.50000 1.50000 -189.1552
19.96000 -49.48000 1.50000 -95.1437
-195.55000 -35.66000 1.50000 -146.9524
-250.94000 -128.50000 1.50000 -189.1787
19.96000 -49.48000 1.50000 -95.2332
-195.55000 -35.66000 1.50000 -146.9847
-250.94000 -128.50000 1.50000 -189.2021
19.96000 -49.48000 1.50000 -95.3228
-195.55000 -35.66000 1.50000 -147.0169
-250.94000 -128.50000 1.50000 -189.2255
19.96000 -49.48000 1.50000 -95.4122
-195.55000 -35.66000 1.50000 -147.0490
-250.94000 -128.50000 1.50000 -189.2489
19.96000 -49.48000 1.50000 -95.5016
-195.55000 -35.66000 1.50000 -147.0810
-250.94000 -128.50000 1.50000 -189.2722
19.96000 -49.48000 1.50000 -95.5909
-195.55000 -35.66000 1.50000 -147.1129
-250.94000 -128.50000 1.50000 -189.2954
19.96000 -49.48000 1.50000 -95.6800
-195.55000 -35.66000 1.50000 -147.1447
-250.94000 -128.50000 1.50000 -189.3186
19.96000 -49.48000 1.50000 -95.7690
-195.55000 -35.66000 1.50000 -147.1763
-250.94000 -128.50000 1.50000 -189.3417
19.96000 -49.48000 1.50000 -95.8577
-195.55000 -35.66000 1.50000 -147.2078
-250.94000 -128.50000 1.50000 -189.3648
19.96000 -49.48000 1.50000 -95.9462
-195.55000 -35.66000 1.50000 -147.2392
-250.94000 -128.50000 1.50000 -189.3879
19.96000 -49.48000 1.50000 -96.0345
-195.55000 -35.66000 1.50000 -147.2705
-250.94000 -128.50000 1.50000 -189.4108
19.96000 -49.48000 1.50000 -96.1225
-195.55000 -35.66000 1.50000 -147.3017
-250.94000 -128.50000 1.50000 -189.4338
19.96000 -49.48000 1.50000 -96.2102
-195.55000 -35.66000 1.50000 -147.3328
-250.94000 -128.50000 1.50000 -229.4566
19.96000 -49.48000 1.50000 -96.2976
-195.55000 -35.66000 1.50000 -147.3638
-250.94000 -128.50000 1.50000 -189.4795
19.96000 -49.48000 1.50000 -96.3847
-195.55000 -35.66000 1.50000 -147.3947
-250.94000 -128.50000 1.50000 -189.5023
19.96000 -49.48000 1.50000 -96.4714
-195.55000 -35.66000 1.50000 -147.4254
-250.94000 -128.50000 1.50000 -189.5250
19.96000 -49.48000 1.50000 -96.5578
-195.55000 -35.66000 1.50000 -147.4561
-250.94000 -128.50000 1.50000 -189.5477
19.96000 -49.48000 1.50000 -96.6438
-195.55000 -35.66000 1.50000 -147.4866
-250.94000 -128.50000 1.50000 -189.5703
19.96000 -49.48000 1.50000 -96.7295
-195.55000 -35.66000 1.50000 -147.5171
-250.94000 -128.50000 1.50000 -189.5929
19.96000 -49.48000 1.50000 -96.6670
-195.55000 -35.66000 1.50000 -187.5134
-250.94000 -128.50000 1.50000 -189.5844
19.96000 -49.48000 1.50000 -96.5801
-195.55000 -35.66000 1.50000 -187.4829
-250.94000 -128.50000 1.50000 -189.5617
19.96000 -49.48000 1.50000 -96.4928
-195.55000 -35.66000 1.50000 -187.4523
-250.94000 -128.50000 1.50000 -189.5391
19.96000 -49.48000 1.50000 -96.4050
-195.55000 -35.66000 1.50000 -147.4217
-250.94000 -128.50000 1.50000 -189.5163
19.96000 -49.48000 1.50000 -96.3170
-195.55000 -35.66000 1.50000 -147.3909
-250.94000 -128.50000 1.50000 -189.4936
19.96000 -49.48000 1.50000 -96.2285
-195.55000 -35.66000 1.50000 -147.3600
-250.94000 -128.50000 1.50000 -189.4707
19.96000 -49.48000 1.50000 -96.1397
-195.55000 -35.66000 1.50000 -147.3290
-250.94000 -128.50000 1.50000 -189.4479
19.96000 -49.48000 1.50000 -96.0505
-195.55000 -35.66000 1.50000 -147.2979
-250.94000 -128.50000 1.50000 -189.4249
19.96000 -49.48000 1.50000 -95.9610
-195.55000 -35.66000 1.50000 -147.2666
-250.94000 -128.50000 1.50000 -189.4020
19.96000 -49.48000 1.50000 -95.8712
-195.55000 -35.66000 1.50000 -147.2353
-250.94000 -128.50000 1.50000 -229.3789
19.96000 -49.48000 1.50000 -95.7812
-195.55000 -35.66000 1.50000 -147.2039
-250.94000 -128.50000 1.50000 -189.3559
19.96000 -49.48000 1.50000 -95.7049
-195.55000 -35.66000 1.50000 -187.2000
-250.94000 -128.50000 1.50000 -189.3469
19.96000 -49.48000 1.50000 -95.7965
-195.55000 -35.66000 1.50000 -187.2315
-250.94000 -128.50000 1.50000 -189.3701
19.96000 -49.48000 1.50000 -95.8879
-195.55000 -35.66000 1.50000 -187.2628
-250.94000 -128.50000 1.50000 -189.3932
19.96000 -49.48000 1.50000 -95.9789
-195.55000 -35.66000 1.50000 -187.2941
-250.94000 -128.50000 1.50000 -189.4162
19.96000 -49.48000 1.50000 -96.0695
-195.55000 -35.66000 1.50000 -187.3252
-250.94000 -128.50000 1.50000 -189.4391
19.96000 -49.48000 1.50000 -96.1597
-195.55000 -35.66000 1.50000 -187.3563
-250.94000 -128.50000 1.50000 -189.4621
19.96000 -49.48000 1.50000 -96.2496
-195.55000 -35.66000 1.50000 -187.3872
-250.94000 -128.50000 1.50000 -189.4849
19.96000 -49.48000 1.50000 -96.3390
-195.55000 -35.66000 1.50000 -187.4180
-250.94000 -128.50000 1.50000 -189.5078
19.96000 -49.48000 1.50000 -96.4281
-195.55000 -35.66000 1.50000 -187.4487
-250.94000 -128.50000 1.50000 -189.5305
19.96000 -49.48000 1.50000 -96.5167
-195.55000 -35.66000 1.50000 -187.4793
-250.94000 -128.50000 1.50000 -189.5532
19.96000 -49.48000 1.50000 -96.6048
-195.55000 -35.66000 1.50000 -187.5098
-250.94000 -128.50000 1.50000 -189.5759
19.96000 -49.48000 1.50000 -96.5432
-195.55000 -35.66000 1.50000 -147.5063
-250.94000 -128.50000 1.50000 -189.5675
19.96000 -49.48000 1.50000 -96.4537
-195.55000 -35.66000 1.50000 -187.4758
-250.94000 -128.50000 1.50000 -189.5448
19.96000 -49.48000 1.50000 -96.3638
-195.55000 -35.66000 1.50000 -187.4452
-250.94000 -128.50000 1.50000 -189.5220
19.96000 -49.48000 1.50000 -96.2735
-195.55000 -35.66000 1.50000 -187.4145
-250.94000 -128.50000 1.50000 -189.4992
19.96000 -49.48000 1.50000 -96.1826
-195.55000 -35.66000 1.50000 -187.3836
-250.94000 -128.50000 1.50000 -189.4763
19.96000 -49.48000 1.50000 -96.0914
-195.55000 -35.66000 1.50000 -187.3527
-250.94000 -128.50000 1.50000 -189.4534
19.96000 -49.48000 1.50000 -95.9997
-195.55000 -35.66000 1.50000 -187.3216
-250.94000 -128.50000 1.50000 -189.4305
19.96000 -49.48000 1.50000 -95.9075
-195.55000 -35.66000 1.50000 -187.2904
-250.94000 -128.50000 1.50000 -189.4075
19.96000 -49.48000 1.50000 -95.8150
-195.55000 -35.66000 1.50000 -187.2592
-250.94000 -128.50000 1.50000 -189.3844
19.96000 -49.48000 1.50000 -95.7221
-195.55000 -35.66000 1.50000 -187.2278
-250.94000 -128.50000 1.50000 -189.3613
19.96000 -49.48000 1.50000 -95.6289
-195.55000 -35.66000 1.50000 -187.1963
-250.94000 -128.50000 1.50000 -189.3381
19.96000 -49.48000 1.50000 -95.5532
-195.55000 -35.66000 1.50000 -187.1927
-250.94000 -128.50000 1.50000 -189.3293
19.96000 -49.48000 1.50000 -95.6481
-195.55000 -35.66000 1.50000 -147.2242
-250.94000 -128.50000 1.50000 -189.3525
19.96000 -49.48000 1.50000 -95.7426
-195.55000 -35.66000 1.50000 -147.2556
-250.94000 -128.50000 1.50000 -189.3757
19.96000 -49.48000 1.50000 -95.8366
-195.55000 -35.66000 1.50000 -147.2869
-250.94000 -128.50000 1.50000 -189.3988
19.96000 -49.48000 1.50000 -95.9303
-195.55000 -35.66000 1.50000 -147.3181
-250.94000 -128.50000 1.50000 -189.4218
19.96000 -49.48000 1.50000 -96.0234
-195.55000 -35.66000 1.50000 -147.3492
-250.94000 -128.50000 1.50000 -189.4449
19.96000 -49.48000 1.50000 -96.1161
-195.55000 -35.66000 1.50000 -147.3801
-250.94000 -128.50000 1.50000 -189.4678
19.96000 -49.48000 1.50000 -96.2083
-195.55000 -35.66000 1.50000 -147.4110
-250.94000 -128.50000 1.50000 -189.4907
19.96000 -49.48000 1.50000 -96.3000
-195.55000 -35.66000 1.50000 -147.4418
-250.94000 -128.50000 1.50000 -189.5136
19.96000 -49.48000 1.50000 -136.3913
-195.55000 -35.66000 1.50000 -147.4724
-250.94000 -128.50000 1.50000 -189.5364
19.96000 -49.48000 1.50000 -136.4820
-195.55000 -35.66000 1.50000 -147.5029
-250.94000 -128.50000 1.50000 -189.5591
19.96000 -49.48000 1.50000 -136.5722
-195.55000 -35.66000 1.50000 -147.5334
-250.94000 -128.50000 1.50000 -189.5818
19.96000 -49.48000 1.50000 -96.6619
-195.55000 -35.66000 1.50000 -147.5637
-250.94000 -128.50000 1.50000 -189.6045
19.96000 -49.48000 1.50000 -96.6037
-195.55000 -35.66000 1.50000 -187.5605
-250.94000 -128.50000 1.50000 -189.5963
19.96000 -49.48000 1.50000 -96.5128
-195.55000 -35.66000 1.50000 -187.5301
-250.94000 -128.50000 1.50000 -189.5736
19.96000 -49.48000 1.50000 -136.4213
-195.55000 -35.66000 1.50000 -187.4997
-250.94000 -128.50000 1.50000 -189.5508
19.96000 -49.48000 1.50000 -136.3293
-195.55000 -35.66000 1.50000 -187.4691
-250.94000 -128.50000 1.50000 -189.5280
19.96000 -49.48000 1.50000 -136.2368
-195.55000 -35.66000 1.50000 -147.4384
-250.94000 -128.50000 1.50000 -189.5052
19.96000 -49.48000 1.50000 -96.1437
-195.55000 -35.66000 1.50000 -147.4077
-250.94000 -128.50000 1.50000 -189.4823
19.96000 -49.48000 1.50000 -96.0501
-195.55000 -35.66000 1.50000 -147.3768
-250.94000 -128.50000 1.50000 -189.4593
19.96000 -49.48000 1.50000 -95.9559
-195.55000 -35.66000 1.50000 -147.3458
-250.94000 -128.50000 1.50000 -189.4363
19.96000 -49.48000 1.50000 -95.8613
-195.55000 -35.66000 1.50000 -147.3147
-250.94000 -128.50000 1.50000 -189.4133
19.96000 -49.48000 1.50000 -95.7662
-195.55000 -35.66000 1.50000 -147.2835
-250.94000 -128.50000 1.50000 -189.3902
19.96000 -49.48000 1.50000 -95.6706
-195.55000 -35.66000 1.50000 -147.2521
-250.94000 -128.50000 1.50000 -189.3670
19.96000 -49.48000 1.50000 -95.5745
-195.55000 -35.66000 1.50000 -147.2207
-250.94000 -128.50000 1.50000 -189.3438
19.96000 -49.48000 1.50000 -95.5013
-195.55000 -35.66000 1.50000 -187.2173
-250.94000 -128.50000 1.50000 -189.3351
19.96000 -49.48000 1.50000 -95.5990
-195.55000 -35.66000 1.50000 -187.2488
-250.94000 -128.50000 1.50000 -189.3584
19.96000 -49.48000 1.50000 -95.6962
-195.55000 -35.66000 1.50000 -187.2802
-250.94000 -128.50000 1.50000 -189.3816
19.96000 -49.48000 1.50000 -95.7928
-195.55000 -35.66000 1.50000 -187.3114
-250.94000 -128.50000 1.50000 -189.4048
19.96000 -49.48000 1.50000 -95.8890
-195.55000 -35.66000 1.50000 -187.3425
-250.94000 -128.50000 1.50000 -189.4279
19.96000 -49.48000 1.50000 -135.9845
-195.55000 -35.66000 1.50000 -187.3735
-250.94000 -128.50000 1.50000 -189.4509
19.96000 -49.48000 1.50000 -136.0796
-195.55000 -35.66000 1.50000 -187.4044
-250.94000 -128.50000 1.50000 -189.4739
19.96000 -49.48000 1.50000 -136.1740
-195.55000 -35.66000 1.50000 -187.4352
-250.94000 -128.50000 1.50000 -189.4968
19.96000 -49.48000 1.50000 -96.2679
-195.55000 -35.66000 1.50000 -187.4659
-250.94000 -128.50000 1.50000 -189.5197
19.96000 -49.48000 1.50000 -96.3612
-195.55000 -35.66000 1.50000 -187.4965
-250.94000 -128.50000 1.50000 -189.5426
19.96000 -49.48000 1.50000 -96.4539
-195.55000 -35.66000 1.50000 -187.5270
-250.94000 -128.50000 1.50000 -149.5654
19.96000 -49.48000 1.50000 -96.5461
-195.55000 -35.66000 1.50000 -187.5574
-250.94000 -128.50000 1.50000 -149.5881
19.96000 -49.48000 1.50000 -96.4890
-195.55000 -35.66000 1.50000 -187.5544
-250.94000 -128.50000 1.50000 -149.5800
19.96000 -49.48000 1.50000 -96.3957
-195.55000 -35.66000 1.50000 -187.5240
-250.94000 -128.50000 1.50000 -149.5572
19.96000 -49.48000 1.50000 -96.3017
-195.55000 -35.66000 1.50000 -187.4935
-250.94000 -128.50000 1.50000 -149.5344
19.96000 -49.48000 1.50000 -96.2071
-195.55000 -35.66000 1.50000 -187.4629
-250.94000 -128.50000 1.50000 -149.5115
19.96000 -49.48000 1.50000 -96.1118
-195.55000 -35.66000 1.50000 -187.4321
-250.94000 -128.50000 1.50000 -149.4886
19.96000 -49.48000 1.50000 -136.0160
-195.55000 -35.66000 1.50000 -187.4013
-250.94000 -128.50000 1.50000 -189.4656
19.96000 -49.48000 1.50000 -135.9196
-195.55000 -35.66000 1.50000 -187.3704
-250.94000 -128.50000 1.50000 -189.4425
19.96000 -49.48000 1.50000 -135.8225
-195.55000 -35.66000 1.50000 -187.3393
-250.94000 -128.50000 1.50000 -189.4194
19.96000 -49.48000 1.50000 -95.7249
-195.55000 -35.66000 1.50000 -187.3082
-250.94000 -128.50000 1.50000 -189.3963
19.96000 -49.48000 1.50000 -95.6267
-195.55000 -35.66000 1.50000 -187.2769
-250.94000 -128.50000 1.50000 -189.3731
19.96000 -49.48000 1.50000 -95.5280
-195.55000 -35.66000 1.50000 -187.2456
-250.94000 -128.50000 1.50000 -189.3498
19.96000 -49.48000 1.50000 -95.4575
-195.55000 -35.66000 1.50000 -187.2424
-250.94000 -128.50000 1.50000 -189.3413
19.96000 -49.48000 1.50000 -95.5578
-195.55000 -35.66000 1.50000 -187.2738
-250.94000 -128.50000 1.50000 -189.3646
19.96000 -49.48000 1.50000 -135.6576
-195.55000 -35.66000 1.50000 -187.3051
-250.94000 -128.50000 1.50000 -189.3879
19.96000 -49.48000 1.50000 -135.7567
-195.55000 -35.66000 1.50000 -187.3363
-250.94000 -128.50000 1.50000 -149.4111
19.96000 -49.48000 1.50000 -95.8552
-195.55000 -35.66000 1.50000 -187.3674
-250.94000 -128.50000 1.50000 -149.4342
19.96000 -49.48000 1.50000 -95.9531
-195.55000 -35.66000 1.50000 -187.3983
-250.94000 -128.50000 1.50000 -149.4573
19.96000 -49.48000 1.50000 -96.0503
-195.55000 -35.66000 1.50000 -187.4292
-250.94000 -128.50000 1.50000 -149.4803
19.96000 -49.48000 1.50000 -96.1468
-195.55000 -35.66000 1.50000 -187.4599
-250.94000 -128.50000 1.50000 -149.5033
19.96000 -49.48000 1.50000 -96.2428
-195.55000 -35.66000 1.50000 -187.4905
-250.94000 -128.50000 1.50000 -149.5262
19.96000 -49.48000 1.50000 -96.3380
-195.55000 -35.66000 1.50000 -187.5210
-250.94000 -128.50000 1.50000 -149.5491
19.96000 -49.48000 1.50000 -96.4326
-195.55000 -35.66000 1.50000 -187.5515
-250.94000 -128.50000 1.50000 -149.5719
19.96000 -49.48000 1.50000 -96.5266
-195.55000 -35.66000 1.50000 -187.5818
-250.94000 -128.50000 1.50000 -149.5947
19.96000 -49.48000 1.50000 -96.4720
-195.55000 -35.66000 1.50000 -187.5790
-250.94000 -128.50000 1.50000 -149.5867
19.96000 -49.48000 1.50000 -96.3769
-195.55000 -35.66000 1.50000 -187.5487
-250.94000 -128.50000 1.50000 -149.5639
19.96000 -49.48000 1.50000 -96.2810
-195.55000 -35.66000 1.50000 -187.5182
-250.94000 -128.50000 1.50000 -149.5410
19.96000 -49.48000 1.50000 -96.1845
-195.55000 -35.66000 1.50000 -187.4877
-250.94000 -128.50000 1.50000 -149.5181
19.96000 -49.48000 1.50000 -96.0873
-195.55000 -35.66000 1.50000 -187.4570
-250.94000 -128.50000 1.50000 -149.4952
19.96000 -49.48000 1.50000 -95.9894
-195.55000 -35.66000 1.50000 -187.4263
-250.94000 -128.50000 1.50000 -149.4722
19.96000 -49.48000 1.50000 -95.8907
-195.55000 -35.66000 1.50000 -187.3954
-250.94000 -128.50000 1.50000 -149.4491
19.96000 -49.48000 1.50000 -95.7915
-195.55000 -35.66000 1.50000 -187.3644
-250.94000 -128.50000 1.50000 -149.4259
19.96000 -49.48000 1.50000 -95.6915
-195.55000 -35.66000 1.50000 -187.3333
-250.94000 -128.50000 1.50000 -149.4028
19.96000 -49.48000 1.50000 -135.5909
-195.55000 -35.66000 1.50000 -187.3022
-250.94000 -128.50000 1.50000 -149.3795
19.96000 -49.48000 1.50000 -135.4895
-195.55000 -35.66000 1.50000 -187.2708
-250.94000 -128.50000 1.50000 -149.3562
19.96000 -49.48000 1.50000 -95.4219
-195.55000 -35.66000 1.50000 -187.2680
-250.94000 -128.50000 1.50000 -149.3479
19.96000 -49.48000 1.50000 -95.5248
-195.55000 -35.66000 1.50000 -187.2993
-250.94000 -128.50000 1.50000 -149.3712
19.96000 -49.48000 1.50000 -95.6270
-195.55000 -35.66000 1.50000 -187.3305
-250.94000 -128.50000 1.50000 -149.3945
19.96000 -49.48000 1.50000 -95.7284
-195.55000 -35.66000 1.50000 -187.3616
-250.94000 -128.50000 1.50000 -149.4177
19.96000 -49.48000 1.50000 -95.8291
-195.55000 -35.66000 1.50000 -187.3926
-250.94000 -128.50000 1.50000 -149.4409
19.96000 -49.48000 1.50000 -95.9291
-195.55000 -35.66000 1.50000 -187.4235
-250.94000 -128.50000 1.50000 -149.4640
19.96000 -49.48000 1.50000 -96.0284
-195.55000 -35.66000 1.50000 -187.4543
-250.94000 -128.50000 1.50000 -149.4871
19.96000 -49.48000 1.50000 -96.1269
-195.55000 -35.66000 1.50000 -187.4849
-250.94000 -128.50000 1.50000 -149.5101
19.96000 -49.48000 1.50000 -96.2247
-195.55000 -35.66000 1.50000 -187.5155
-250.94000 -128.50000 1.50000 -149.5331
19.96000 -49.48000 1.50000 -96.3218
-195.55000 -35.66000 1.50000 -187.5460
-250.94000 -128.50000 1.50000 -149.5560
19.96000 -49.48000 1.50000 -96.4182
-195.55000 -35.66000 1.50000 -187.5763
-250.94000 -128.50000 1.50000 -149.5788
19.96000 -49.48000 1.50000 -96.5138
-195.55000 -35.66000 1.50000 -187.6066
-250.94000 -128.50000 1.50000 -149.6016
19.96000 -49.48000 1.50000 -96.4618
-195.55000 -35.66000 1.50000 -187.6040
-250.94000 -128.50000 1.50000 -149.5938
19.96000 -49.48000 1.50000 -96.3650
-195.55000 -35.66000 1.50000 -187.5737
-250.94000 -128.50000 1.50000 -149.5709
19.96000 -49.48000 1.50000 -96.2675
-195.55000 -35.66000 1.50000 -187.5434
-250.94000 -128.50000 1.50000 -149.5480
19.96000 -49.48000 1.50000 -96.1692
-195.55000 -35.66000 1.50000 -187.5129
-250.94000 -128.50000 1.50000 -149.5251
19.96000 -49.48000 1.50000 -96.0701
-195.55000 -35.66000 1.50000 -187.4823
-250.94000 -128.50000 1.50000 -149.5021
19.96000 -49.48000 1.50000 -95.9703
-195.55000 -35.66000 1.50000 -187.4516
-250.94000 -128.50000 1.50000 -149.4790
19.96000 -49.48000 1.50000 -95.8696
-195.55000 -35.66000 1.50000 -187.4208
-250.94000 -128.50000 1.50000 -149.4559
19.96000 -49.48000 1.50000 -95.7682
-195.55000 -35.66000 1.50000 -187.3899
-250.94000 -128.50000 1.50000 -149.4328
19.96000 -49.48000 1.50000 -95.6661
-195.55000 -35.66000 1.50000 -187.3589
-250.94000 -128.50000 1.50000 -149.4096
19.96000 -49.48000 1.50000 -95.5631
-195.55000 -35.66000 1.50000 -187.3278
-250.94000 -128.50000 1.50000 -149.3863
19.96000 -49.48000 1.50000 -95.4594
-195.55000 -35.66000 1.50000 -187.2966
-250.94000 -128.50000 1.50000 -149.3630
19.96000 -49.48000 1.50000 -95.3550
-195.55000 -35.66000 1.50000 -187.2652
-250.94000 -128.50000 1.50000 -149.3396
19.96000 -49.48000 1.50000 -95.2888
-195.55000 -35.66000 1.50000 -187.2626
-250.94000 -128.50000 1.50000 -149.3314
19.96000 -49.48000 1.50000 -95.3949
-195.55000 -35.66000 1.50000 -187.2939
-250.94000 -128.50000 1.50000 -149.3548
19.96000 -49.48000 1.50000 -95.5001
-195.55000 -35.66000 1.50000 -187.3252
-250.94000 -128.50000 1.50000 -149.3781
19.96000 -49.48000 1.50000 -95.6045
-195.55000 -35.66000 1.50000 -187.3563
-250.94000 -128.50000 1.50000 -149.4015
19.96000 -49.48000 1.50000 -95.7081
-195.55000 -35.66000 1.50000 -187.3874
-250.94000 -128.50000 1.50000 -149.4247
19.96000 -49.48000 1.50000 -95.8109
-195.55000 -35.66000 1.50000 -187.4183
-250.94000 -128.50000 1.50000 -149.4479
19.96000 -49.48000 1.50000 -95.9129
-195.55000 -35.66000 1.50000 -187.4491
-250.94000 -128.50000 1.50000 -149.4711
19.96000 -49.48000 1.50000 -96.0141
-195.55000 -35.66000 1.50000 -187.4798
-250.94000 -128.50000 1.50000 -149.4942
19.96000 -49.48000 1.50000 -96.1144
-195.55000 -35.66000 1.50000 -187.5104
-250.94000 -128.50000 1.50000 -149.5172
19.96000 -49.48000 1.50000 -96.2139
-195.55000 -35.66000 1.50000 -187.5409
-250.94000 -128.50000 1.50000 -149.5402
19.96000 -49.48000 1.50000 -96.3127
-195.55000 -35.66000 1.50000 -187.5713
-250.94000 -128.50000 1.50000 -149.5631
19.96000 -49.48000 1.50000 -96.4106
-195.55000 -35.66000 1.50000 -187.6015
-250.94000 -128.50000 1.50000 -149.5860
19.96000 -49.48000 1.50000 -96.5078
-195.55000 -35.66000 1.50000 -187.6317
-250.94000 -128.50000 1.50000 -149.6088
19.96000 -49.48000 1.50000 -96.4585
-195.55000 -35.66000 1.50000 -147.6294
-250.94000 -128.50000 1.50000 -149.6012
19.96000 -49.48000 1.50000 -96.3602
-195.55000 -35.66000 1.50000 -147.5992
-250.94000 -128.50000 1.50000 -149.5783
19.96000 -49.48000 1.50000 -96.2611
-195.55000 -35.66000 1.50000 -147.5689
-250.94000 -128.50000 1.50000 -149.5554
19.96000 -49.48000 1.50000 -96.1612
-195.55000 -35.66000 1.50000 -147.5385
-250.94000 -128.50000 1.50000 -149.5324
19.96000 -49.48000 1.50000 -96.0604
-195.55000 -35.66000 1.50000 -147.5080
-250.94000 -128.50000 1.50000 -149.5094
19.96000 -49.48000 1.50000 -95.9588
-195.55000 -35.66000 1.50000 -147.4774
-250.94000 -128.50000 1.50000 -149.4863
19.96000 -49.48000 1.50000 -95.8563
-195.55000 -35.66000 1.50000 -147.4467
-250.94000 -128.50000 1.50000 -149.4632
19.96000 -49.48000 1.50000 -95.7530
-195.55000 -35.66000 1.50000 -147.4158
-250.94000 -128.50000 1.50000 -149.4400
19.96000 -49.48000 1.50000 -95.6488
-195.55000 -35.66000 1.50000 -147.3849
-250.94000 -128.50000 1.50000 -149.4167
19.96000 -49.48000 1.50000 -95.5438
-195.55000 -35.66000 1.50000 -187.3538
-250.94000 -128.50000 1.50000 -149.3934
19.96000 -49.48000 1.50000 -95.4379
-195.55000 -35.66000 1.50000 -187.3227
-250.94000 -128.50000 1.50000 -149.3701
19.96000 -49.48000 1.50000 -95.3311
-195.55000 -35.66000 1.50000 -187.2914
-250.94000 -128.50000 1.50000 -149.3466
19.96000 -49.48000 1.50000 -95.2234
-195.55000 -35.66000 1.50000 -187.2600
-250.94000 -128.50000 1.50000 -149.3232
19.96000 -49.48000 1.50000 -95.1150
-195.55000 -35.66000 1.50000 -187.2285
-250.94000 -128.50000 1.50000 -149.2997
19.96000 -49.48000 1.50000 -95.0056
-195.55000 -35.66000 1.50000 -187.1969
-250.94000 -128.50000 1.50000 -149.2761
19.96000 -49.48000 1.50000 -94.9378
-195.55000 -35.66000 1.50000 -147.1945
-250.94000 -128.50000 1.50000 -149.2679
19.96000 -49.48000 1.50000 -95.0488
-195.55000 -35.66000 1.50000 -147.2261
-250.94000 -128.50000 1.50000 -149.2915
19.96000 -49.48000 1.50000 -95.1590
-195.55000 -35.66000 1.50000 -147.2576
-250.94000 -128.50000 1.50000 -149.3150
19.96000 -49.48000 1.50000 -95.2682
-195.55000 -35.66000 1.50000 -147.2890
-250.94000 -128.50000 1.50000 -149.3386
19.96000 -49.48000 1.50000 -95.3765
-195.55000 -35.66000 1.50000 -147.3203
-250.94000 -128.50000 1.50000 -149.3620
19.96000 -49.48000 1.50000 -95.4839
-195.55000 -35.66000 1.50000 -147.3515
-250.94000 -128.50000 1.50000 -149.3854
19.96000 -49.48000 1.50000 -95.5904
-195.55000 -35.66000 1.50000 -147.3825
-250.94000 -128.50000 1.50000 -149.4088
19.96000 -49.48000 1.50000 -95.6960
-195.55000 -35.66000 1.50000 -147.4135
-250.94000 -128.50000 1.50000 -149.4321
19.96000 -49.48000 1.50000 -95.8006
-195.55000 -35.66000 1.50000 -147.4443
-250.94000 -128.50000 1.50000 -149.4553
19.96000 -49.48000 1.50000 -95.9044
-195.55000 -35.66000 1.50000 -147.4751
-250.94000 -128.50000 1.50000 -149.4785
19.96000 -49.48000 1.50000 -96.0073
-195.55000 -35.66000 1.50000 -147.5057
-250.94000 -128.50000 1.50000 -149.5016
19.96000 -49.48000 1.50000 -96.1093
-195.55000 -35.66000 1.50000 -147.5362
-250.94000 -128.50000 1.50000 -149.5247
19.96000 -49.48000 1.50000 -96.2104
-195.55000 -35.66000 1.50000 -147.5667
-250.94000 -128.50000 1.50000 -149.5477
19.96000 -49.48000 1.50000 -96.3107
-195.55000 -35.66000 1.50000 -147.5970
-250.94000 -128.50000 1.50000 -149.5706
19.96000 -49.48000 1.50000 -96.4100
-195.55000 -35.66000 1.50000 -147.6272
-250.94000 -128.50000 1.50000 -149.5935
19.96000 -49.48000 1.50000 -56.3624
-195.55000 -35.66000 1.50000 -147.6250
-250.94000 -128.50000 1.50000 -149.5860
19.96000 -49.48000 1.50000 -56.2620
-195.55000 -35.66000 1.50000 -147.5948
-250.94000 -128.50000 1.50000 -149.5630
19.96000 -49.48000 1.50000 -96.1606
-195.55000 -35.66000 1.50000 -147.5645
-250.94000 -128.50000 1.50000 -149.5400
19.96000 -49.48000 1.50000 -96.0583
-195.55000 -35.66000 1.50000 -147.5341
-250.94000 -128.50000 1.50000 -149.5170
19.96000 -49.48000 1.50000 -95.9551
-195.55000 -35.66000 1.50000 -147.5035
-250.94000 -128.50000 1.50000 -149.4939
19.96000 -49.48000 1.50000 -95.8509
-195.55000 -35.66000 1.50000 -147.4729
-250.94000 -128.50000 1.50000 -149.4707
19.96000 -49.48000 1.50000 -95.7458
-195.55000 -35.66000 1.50000 -147.4421
-250.94000 -128.50000 1.50000 -149.4475
19.96000 -49.48000 1.50000 -95.6398
-195.55000 -35.66000 1.50000 -147.4113
-250.94000 -128.50000 1.50000 -149.4242
19.96000 -49.48000 1.50000 -95.5328
-195.55000 -35.66000 1.50000 -147.3803
-250.94000 -128.50000 1.50000 -149.4009
19.96000 -49.48000 1.50000 -95.4249
-195.55000 -35.66000 1.50000 -147.3492
-250.94000 -128.50000 1.50000 -149.3775
19.96000 -49.48000 1.50000 -95.3160
-195.55000 -35.66000 1.50000 -147.3180
-250.94000 -128.50000 1.50000 -149.3540
19.96000 -49.48000 1.50000 -95.2062
-195.55000 -35.66000 1.50000 -147.2867
-250.94000 -128.50000 1.50000 -149.3305
19.96000 -49.48000 1.50000 -95.0954
-195.55000 -35.66000 1.50000 -147.2553
-250.94000 -128.50000 1.50000 -149.3070
19.96000 -49.48000 1.50000 -94.9836
-195.55000 -35.66000 1.50000 -147.2238
-250.94000 -128.50000 1.50000 -149.2834
19.96000 -49.48000 1.50000 -94.8708
-195.55000 -35.66000 1.50000 -147.1921
-250.94000 -128.50000 1.50000 -149.2597
19.96000 -49.48000 1.50000 -94.7571
-195.55000 -35.66000 1.50000 -147.1603
-250.94000 -128.50000 1.50000 -149.2360
19.96000 -49.48000 1.50000 -94.6424
-195.55000 -35.66000 1.50000 -147.1285
-250.94000 -128.50000 1.50000 -149.2122
19.96000 -49.48000 1.50000 -94.5268
-195.55000 -35.66000 1.50000 -147.0965
-250.94000 -128.50000 1.50000 -149.1884
19.96000 -49.48000 1.50000 -94.4554
-195.55000 -35.66000 1.50000 -147.0942
-250.94000 -128.50000 1.50000 -149.1801
19.96000 -49.48000 1.50000 -94.5729
-195.55000 -35.66000 1.50000 -147.1262
-250.94000 -128.50000 1.50000 -149.2040
19.96000 -49.48000 1.50000 -94.6894
-195.55000 -35.66000 1.50000 -147.1581
-250.94000 -128.50000 1.50000 -149.2278
19.96000 -49.48000 1.50000 -94.8049
-195.55000 -35.66000 1.50000 -147.1899
-250.94000 -128.50000 1.50000 -149.2516
19.96000 -49.48000 1.50000 -94.9193
-195.55000 -35.66000 1.50000 -147.2215
-250.94000 -128.50000 1.50000 -149.2753
19.96000 -49.48000 1.50000 -95.0327
-195.55000 -35.66000 1.50000 -147.2531
-250.94000 -128.50000 1.50000 -149.2990
19.96000 -49.48000 1.50000 -95.1451
-195.55000 -35.66000 1.50000 -147.2845
-250.94000 -128.50000 1.50000 -149.3226
19.96000 -49.48000 1.50000 -95.2565
-195.55000 -35.66000 1.50000 -147.3158
-250.94000 -128.50000 1.50000 -149.3461
19.96000 -49.48000 1.50000 -95.3669
-195.55000 -35.66000 1.50000 -147.3470
-250.94000 -128.50000 1.50000 -149.3696
19.96000 -49.48000 1.50000 -95.4763
-195.55000 -35.66000 1.50000 -147.3782
-250.94000 -128.50000 1.50000 -149.3930
19.96000 -49.48000 1.50000 -95.5846
-195.55000 -35.66000 1.50000 -147.4091
-250.94000 -128.50000 1.50000 -149.4164
19.96000 -49.48000 1.50000 -95.6920
-195.55000 -35.66000 1.50000 -147.4400
-250.94000 -128.50000 1.50000 -149.4397
19.96000 -49.48000 1.50000 -95.7984
-195.55000 -35.66000 1.50000 -147.4708
-250.94000 -128.50000 1.50000 -149.4630
19.96000 -49.48000 1.50000 -95.9038
-195.55000 -35.66000 1.50000 -147.5014
-250.94000 -128.50000 1.50000 -149.4862
19.96000 -49.48000 1.50000 -56.0082
-195.55000 -35.66000 1.50000 -147.5320
-250.94000 -128.50000 1.50000 -149.5093
19.96000 -49.48000 1.50000 -56.1117
-195.55000 -35.66000 1.50000 -147.5625
-250.94000 -128.50000 1.50000 -149.5324
19.96000 -49.48000 1.50000 -56.2142
-195.55000 -35.66000 1.50000 -147.5928
-250.94000 -128.50000 1.50000 -149.5555
19.96000 -49.48000 1.50000 -56.3158
-195.55000 -35.66000 1.50000 -147.6230
-250.94000 -128.50000 1.50000 -149.5785
19.96000 -49.48000 1.50000 -56.4164
-195.55000 -35.66000 1.50000 -147.6532
-250.94000 -128.50000 1.50000 -149.6014
19.96000 -49.48000 1.50000 -56.5161
-195.55000 -35.66000 1.50000 -147.6832
-250.94000 -128.50000 1.50000 -149.6243
19.96000 -49.48000 1.50000 -56.4725
-195.55000 -35.66000 1.50000 -147.6813
-250.94000 -128.50000 1.50000 -149.6169
19.96000 -49.48000 1.50000 -56.3717
-195.55000 -35.66000 1.50000 -147.6513
-250.94000 -128.50000 1.50000 -149.5940
19.96000 -49.48000 1.50000 -56.2700
-195.55000 -35.66000 1.50000 -147.6211
-250.94000 -128.50000 1.50000 -149.5710
19.96000 -49.48000 1.50000 -56.1673
-195.55000 -35.66000 1.50000 -147.5909
-250.94000 -128.50000 1.50000 -149.5480
19.96000 -49.48000 1.50000 -56.0637
-195.55000 -35.66000 1.50000 -147.5605
-250.94000 -128.50000 1.50000 -149.5249
19.96000 -49.48000 1.50000 -55.9591
-195.55000 -35.66000 1.50000 -147.5300
-250.94000 -128.50000 1.50000 -149.5018
19.96000 -49.48000 1.50000 -55.8534
-195.55000 -35.66000 1.50000 -147.4995
-250.94000 -128.50000 1.50000 -149.4786
19.96000 -49.48000 1.50000 -55.7468
-195.55000 -35.66000 1.50000 -147.4688
-250.94000 -128.50000 1.50000 -149.4553
19.96000 -49.48000 1.50000 -95.6391
-195.55000 -35.66000 1.50000 -147.4380
-250.94000 -128.50000 1.50000 -149.4320
19.96000 -49.48000 1.50000 -95.5304
-195.55000 -35.66000 1.50000 -147.4071
-250.94000 -128.50000 1.50000 -149.4086
19.96000 -49.48000 1.50000 -95.4207
-195.55000 -35.66000 1.50000 -147.3761
-250.94000 -128.50000 1.50000 -149.3852
19.96000 -49.48000 1.50000 -95.3099
-195.55000 -35.66000 1.50000 -147.3450
-250.94000 -128.50000 1.50000 -149.3618
19.96000 -49.48000 1.50000 -95.1980
-195.55000 -35.66000 1.50000 -147.3138
-250.94000 -128.50000 1.50000 -149.3382
19.96000 -49.48000 1.50000 -95.0851
-195.55000 -35.66000 1.50000 -147.2825
-250.94000 -128.50000 1.50000 -149.3147
19.96000 -49.48000 1.50000 -94.9711
-195.55000 -35.66000 1.50000 -147.2510
-250.94000 -128.50000 1.50000 -149.2910
19.96000 -49.48000 1.50000 -94.8561
-195.55000 -35.66000 1.50000 -147.2194
-250.94000 -128.50000 1.50000 -149.2673
19.96000 -49.48000 1.50000 -94.7399
-195.55000 -35.66000 1.50000 -147.1878
-250.94000 -128.50000 1.50000 -149.2436
19.96000 -49.48000 1.50000 -94.6227
-195.55000 -35.66000 1.50000 -147.1560
-250.94000 -128.50000 1.50000 -149.2197
19.96000 -49.48000 1.50000 -94.5043
-195.55000 -35.66000 1.50000 -147.1241
-250.94000 -128.50000 1.50000 -149.1959
19.96000 -49.48000 1.50000 -94.4369
-195.55000 -35.66000 1.50000 -147.1220
-250.94000 -128.50000 1.50000 -149.1878
19.96000 -49.48000 1.50000 -94.5571
-195.55000 -35.66000 1.50000 -147.1540
-250.94000 -128.50000 1.50000 -149.2117
19.96000 -49.48000 1.50000 -94.6761
-195.55000 -35.66000 1.50000 -147.1858
-250.94000 -128.50000 1.50000 -149.2356
19.96000 -49.48000 1.50000 -94.7939
-195.55000 -35.66000 1.50000 -147.2175
-250.94000 -128.50000 1.50000 -149.2594
19.96000 -49.48000 1.50000 -94.9106
-195.55000 -35.66000 1.50000 -147.2490
-250.94000 -128.50000 1.50000 -149.2831
19.96000 -49.48000 1.50000 -95.0262
-195.55000 -35.66000 1.50000 -147.2805
-250.94000 -128.50000 1.50000 -149.3068
19.96000 -49.48000 1.50000 -95.1406
-195.55000 -35.66000 1.50000 -147.3118
-250.94000 -128.50000 1.50000 -149.3304
19.96000 -49.48000 1.50000 -95.2540
-195.55000 -35.66000 1.50000 -147.3431
-250.94000 -128.50000 1.50000 -149.3540
19.96000 -49.48000 1.50000 -55.3662
-195.55000 -35.66000 1.50000 -147.3742
-250.94000 -128.50000 1.50000 -149.3775
19.96000 -49.48000 1.50000 -55.4773
-195.55000 -35.66000 1.50000 -147.4052
-250.94000 -128.50000 1.50000 -149.4010
19.96000 -49.48000 1.50000 -55.5873
-195.55000 -35.66000 1.50000 -147.4361
-250.94000 -128.50000 1.50000 -149.4244
19.96000 -49.48000 1.50000 -55.6962
-195.55000 -35.66000 1.50000 -147.4669
-250.94000 -128.50000 1.50000 -149.4477
19.96000 -49.48000 1.50000 -55.8041
-195.55000 -35.66000 1.50000 -147.4976
-250.94000 -128.50000 1.50000 -149.4710
19.96000 -49.48000 1.50000 -55.9109
-195.55000 -35.66000 1.50000 -147.5282
-250.94000 -128.50000 1.50000 -149.4942
19.96000 -49.48000 1.50000 -56.0167
-195.55000 -35.66000 1.50000 -147.5587
-250.94000 -128.50000 1.50000 -149.5174
19.96000 -49.48000 1.50000 -56.1215
-195.55000 -35.66000 1.50000 -147.5890
-250.94000 -128.50000 1.50000 -149.5405
19.96000 -49.48000 1.50000 -56.2252
-195.55000 -35.66000 1.50000 -147.6193
-250.94000 -128.50000 1.50000 -149.5636
19.96000 -49.48000 1.50000 -56.3279
-195.55000 -35.66000 1.50000 -147.6495
-250.94000 -128.50000 1.50000 -149.5866
19.96000 -49.48000 1.50000 -56.4297
-195.55000 -35.66000 1.50000 -147.6795
-250.94000 -128.50000 1.50000 -149.6096
19.96000 -49.48000 1.50000 -56.5305
-195.55000 -35.66000 1.50000 -147.7095
-250.94000 -128.50000 1.50000 -149.6325
19.96000 -49.48000 1.50000 -56.6303
-195.55000 -35.66000 1.50000 -147.7393
-250.94000 -128.50000 1.50000 -189.6553
19.96000 -49.48000 1.50000 -56.7292
-195.55000 -35.66000 1.50000 -147.7691
-250.94000 -128.50000 1.50000 -189.6781
19.96000 -49.48000 1.50000 -56.8271
-195.55000 -35.66000 1.50000 -147.7987
-250.94000 -128.50000 1.50000 -149.7009
19.96000 -49.48000 1.50000 -56.9241
-195.55000 -35.66000 1.50000 -147.8282
-250.94000 -128.50000 1.50000 -149.7235
19.96000 -49.48000 1.50000 -57.0202
-195.55000 -35.66000 1.50000 -147.8577
-250.94000 -128.50000 1.50000 -149.7462
19.96000 -49.48000 1.50000 -57.1154
-195.55000 -35.66000 1.50000 -147.8870
-250.94000 -128.50000 1.50000 -149.7688
19.96000 -49.48000 1.50000 -57.2098
-195.55000 -35.66000 1.50000 -147.9163
-250.94000 -128.50000 1.50000 -149.7913
19.96000 -49.48000 1.50000 -57.3032
-195.55000 -35.66000 1.50000 -147.9454
-250.94000 -128.50000 1.50000 -149.8138
19.96000 -49.48000 1.50000 -57.3958
-195.55000 -35.66000 1.50000 -147.9745
-250.94000 -128.50000 1.50000 -149.8362
19.96000 -49.48000 1.50000 -57.4875
-195.55000 -35.66000 1.50000 -148.0034
-250.94000 -128.50000 1.50000 -149.8586
19.96000 -49.48000 1.50000 -57.5785
-195.55000 -35.66000 1.50000 -148.0323
-250.94000 -128.50000 1.50000 -149.8809
19.96000 -49.48000 1.50000 -57.6686
-195.55000 -35.66000 1.50000 -148.0611
-250.94000 -128.50000 1.50000 -149.9031
19.96000 -49.48000 1.50000 -57.7578
-195.55000 -35.66000 1.50000 -148.0897
-250.94000 -128.50000 1.50000 -149.9254
19.96000 -49.48000 1.50000 -57.8463
-195.55000 -35.66000 1.50000 -148.1183
-250.94000 -128.50000 1.50000 -149.9475
19.96000 -49.48000 1.50000 -57.9340
-195.55000 -35.66000 1.50000 -148.1468
-250.94000 -128.50000 1.50000 -149.9696
19.96000 -49.48000 1.50000 -57.9045
-195.55000 -35.66000 1.50000 -148.1453
-250.94000 -128.50000 1.50000 -149.9629
19.96000 -49.48000 1.50000 -57.8162
-195.55000 -35.66000 1.50000 -148.1168
-250.94000 -128.50000 1.50000 -149.9408
19.96000 -49.48000 1.50000 -57.7271
-195.55000 -35.66000 1.50000 -148.0882
-250.94000 -128.50000 1.50000 -149.9186
19.96000 -49.48000 1.50000 -57.6372
-195.55000 -35.66000 1.50000 -148.0595
-250.94000 -128.50000 1.50000 -149.8963
19.96000 -49.48000 1.50000 -57.5464
-195.55000 -35.66000 1.50000 -148.0307
-250.94000 -128.50000 1.50000 -149.8740
19.96000 -49.48000 1.50000 -57.4548
-195.55000 -35.66000 1.50000 -148.0019
-250.94000 -128.50000 1.50000 -149.8517
19.96000 -49.48000 1.50000 -57.3624
-195.55000 -35.66000 1.50000 -147.9729
-250.94000 -128.50000 1.50000 -149.8293
19.96000 -49.48000 1.50000 -57.2691
-195.55000 -35.66000 1.50000 -147.9438
-250.94000 -128.50000 1.50000 -149.8068
19.96000 -49.48000 1.50000 -57.1749
-195.55000 -35.66000 1.50000 -147.9147
-250.94000 -128.50000 1.50000 -149.7843
19.96000 -49.48000 1.50000 -57.0798
-195.55000 -35.66000 1.50000 -147.8854
-250.94000 -128.50000 1.50000 -149.7617
19.96000 -49.48000 1.50000 -56.9838
-195.55000 -35.66000 1.50000 -147.8561
-250.94000 -128.50000 1.50000 -149.7391
19.96000 -49.48000 1.50000 -56.8869
-195.55000 -35.66000 1.50000 -147.8266
-250.94000 -128.50000 1.50000 -149.7164
19.96000 -49.48000 1.50000 -56.7890
-195.55000 -35.66000 1.50000 -147.7971
-250.94000 -128.50000 1.50000 -149.6937
19.96000 -49.48000 1.50000 -56.6902
-195.55000 -35.66000 1.50000 -147.7674
-250.94000 -128.50000 1.50000 -149.6709
19.96000 -49.48000 1.50000 -56.5904
-195.55000 -35.66000 1.50000 -147.7377
-250.94000 -128.50000 1.50000 -149.6481
19.96000 -49.48000 1.50000 -56.4897
-195.55000 -35.66000 1.50000 -147.7078
-250.94000 -128.50000 1.50000 -149.6252
19.96000 -49.48000 1.50000 -56.3879
-195.55000 -35.66000 1.50000 -147.6778
-250.94000 -128.50000 1.50000 -189.6023
19.96000 -49.48000 1.50000 -56.2852
-195.55000 -35.66000 1.50000 -147.6478
-250.94000 -128.50000 1.50000 -189.5793
19.96000 -49.48000 1.50000 -56.1814
-195.55000 -35.66000 1.50000 -147.6176
-250.94000 -128.50000 1.50000 -149.5562
19.96000 -49.48000 1.50000 -56.0766
-195.55000 -35.66000 1.50000 -147.5873
-250.94000 -128.50000 1.50000 -149.5331
19.96000 -49.48000 1.50000 -55.9707
-195.55000 -35.66000 1.50000 -147.5569
-250.94000 -128.50000 1.50000 -149.5100
19.96000 -49.48000 1.50000 -55.8638
-195.55000 -35.66000 1.50000 -147.5265
-250.94000 -128.50000 1.50000 -149.4868
19.96000 -49.48000 1.50000 -55.7558
-195.55000 -35.66000 1.50000 -147.4959
-250.94000 -128.50000 1.50000 -149.4635
19.96000 -49.48000 1.50000 -55.6467
-195.55000 -35.66000 1.50000 -147.4652
-250.94000 -128.50000 1.50000 -149.4402
19.96000 -49.48000 1.50000 -55.5365
-195.55000 -35.66000 1.50000 -147.4344
-250.94000 -128.50000 1.50000 -149.4168
19.96000 -49.48000 1.50000 -55.4252
-195.55000 -35.66000 1.50000 -147.4034
-250.94000 -128.50000 1.50000 -149.3933
19.96000 -49.48000 1.50000 -55.3127
-195.55000 -35.66000 1.50000 -147.3724
-250.94000 -128.50000 1.50000 -149.3698
19.96000 -49.48000 1.50000 -55.1991
-195.55000 -35.66000 1.50000 -147.3413
-250.94000 -128.50000 1.50000 -149.3463
19.96000 -49.48000 1.50000 -55.0843
-195.55000 -35.66000 1.50000 -147.3100
-250.94000 -128.50000 1.50000 -149.3227
19.96000 -49.48000 1.50000 -94.9684
-195.55000 -35.66000 1.50000 -147.2787
-250.94000 -128.50000 1.50000 -149.2990
19.96000 -49.48000 1.50000 -94.8513
-195.55000 -35.66000 1.50000 -147.2472
-250.94000 -128.50000 1.50000 -149.2753
19.96000 -49.48000 1.50000 -94.7329
-195.55000 -35.66000 1.50000 -147.2156
-250.94000 -128.50000 1.50000 -149.2515
19.96000 -49.48000 1.50000 -94.6134
-195.55000 -35.66000 1.50000 -147.1839
-250.94000 -128.50000 1.50000 -149.2276
19.96000 -49.48000 1.50000 -94.4926
-195.55000 -35.66000 1.50000 -147.1521
-250.94000 -128.50000 1.50000 -149.2037
19.96000 -49.48000 1.50000 -94.3706
-195.55000 -35.66000 1.50000 -147.1201
-250.94000 -128.50000 1.50000 -149.1798
19.96000 -49.48000 1.50000 -94.3056
-195.55000 -35.66000 1.50000 -147.1183
-250.94000 -128.50000 1.50000 -149.1718
19.96000 -49.48000 1.50000 -94.4294
-195.55000 -35.66000 1.50000 -147.1503
-250.94000 -128.50000 1.50000 -149.1958
19.96000 -49.48000 1.50000 -94.5519
-195.55000 -35.66000 1.50000 -147.1821
-250.94000 -128.50000 1.50000 -149.2198
19.96000 -49.48000 1.50000 -94.6731
-195.55000 -35.66000 1.50000 -147.2138
-250.94000 -128.50000 1.50000 -149.2437
19.96000 -49.48000 1.50000 -54.7931
-195.55000 -35.66000 1.50000 -147.2454
-250.94000 -128.50000 1.50000 -149.2675
19.96000 -49.48000 1.50000 -54.9118
-195.55000 -35.66000 1.50000 -147.2769
-250.94000 -128.50000 1.50000 -149.2913
19.96000 -49.48000 1.50000 -55.0292
-195.55000 -35.66000 1.50000 -147.3083
-250.94000 -128.50000 1.50000 -149.3150
19.96000 -49.48000 1.50000 -55.1454
-195.55000 -35.66000 1.50000 -147.3396
-250.94000 -128.50000 1.50000 -149.3386
19.96000 -49.48000 1.50000 -55.2605
-195.55000 -35.66000 1.50000 -147.3707
-250.94000 -128.50000 1.50000 -149.3622
19.96000 -49.48000 1.50000 -55.3743
-195.55000 -35.66000 1.50000 -147.4018
-250.94000 -128.50000 1.50000 -149.3858
19.96000 -49.48000 1.50000 -55.4869
-195.55000 -35.66000 1.50000 -147.4327
-250.94000 -128.50000 1.50000 -149.4092
19.96000 -49.48000 1.50000 -55.5983
-195.55000 -35.66000 1.50000 -147.4635
-250.94000 -128.50000 1.50000 -149.4327
19.96000 -49.48000 1.50000 -55.7086
-195.55000 -35.66000 1.50000 -147.4942
-250.94000 -128.50000 1.50000 -149.4560
19.96000 -49.48000 1.50000 -55.8178
-195.55000 -35.66000 1.50000 -147.5248
-250.94000 -128.50000 1.50000 -149.4794
19.96000 -49.48000 1.50000 -55.9259
-195.55000 -35.66000 1.50000 -147.5553
-250.94000 -128.50000 1.50000 -189.5026
19.96000 -49.48000 1.50000 -56.0328
-195.55000 -35.66000 1.50000 -147.5857
-250.94000 -128.50000 1.50000 -189.5258
19.96000 -49.48000 1.50000 -56.1387
-195.55000 -35.66000 1.50000 -147.6160
-250.94000 -128.50000 1.50000 -149.5490
19.96000 -49.48000 1.50000 -56.2435
-195.55000 -35.66000 1.50000 -147.6462
-250.94000 -128.50000 1.50000 -149.5720
19.96000 -49.48000 1.50000 -56.3472
-195.55000 -35.66000 1.50000 -147.6763
-250.94000 -128.50000 1.50000 -149.5951
19.96000 -49.48000 1.50000 -56.4499
-195.55000 -35.66000 1.50000 -147.7062
-250.94000 -128.50000 1.50000 -149.6181
19.96000 -49.48000 1.50000 -56.5515
-195.55000 -35.66000 1.50000 -147.7361
-250.94000 -128.50000 1.50000 -149.6410
19.96000 -49.48000 1.50000 -56.6522
-195.55000 -35.66000 1.50000 -147.7659
-250.94000 -128.50000 1.50000 -149.6638
19.96000 -49.48000 1.50000 -56.7519
-195.55000 -35.66000 1.50000 -147.7955
-250.94000 -128.50000 1.50000 -149.6867
19.96000 -49.48000 1.50000 -56.8506
-195.55000 -35.66000 1.50000 -147.8251
-250.94000 -128.50000 1.50000 -149.7094
19.96000 -49.48000 1.50000 -56.9483
-195.55000 -35.66000 1.50000 -147.8546
-250.94000 -128.50000 1.50000 -149.7321
19.96000 -49.48000 1.50000 -57.0451
-195.55000 -35.66000 1.50000 -147.8839
-250.94000 -128.50000 1.50000 -149.7548
19.96000 -49.48000 1.50000 -57.1409
-195.55000 -35.66000 1.50000 -147.9132
-250.94000 -128.50000 1.50000 -149.7774
19.96000 -49.48000 1.50000 -57.2358
-195.55000 -35.66000 1.50000 -147.9424
-250.94000 -128.50000 1.50000 -149.7999
19.96000 -49.48000 1.50000 -57.3299
-195.55000 -35.66000 1.50000 -147.9714
-250.94000 -128.50000 1.50000 -149.8224
19.96000 -49.48000 1.50000 -57.4230
-195.55000 -35.66000 1.50000 -148.0004
-250.94000 -128.50000 1.50000 -149.8449
19.96000 -49.48000 1.50000 -57.5153
-195.55000 -35.66000 1.50000 -148.0293
-250.94000 -128.50000 1.50000 -149.8672
19.96000 -49.48000 1.50000 -57.6067
-195.55000 -35.66000 1.50000 -148.0581
-250.94000 -128.50000 1.50000 -109.8896
19.96000 -49.48000 1.50000 -57.6972
-195.55000 -35.66000 1.50000 -148.0868
-250.94000 -128.50000 1.50000 -109.9119
19.96000 -49.48000 1.50000 -57.7869
-195.55000 -35.66000 1.50000 -148.1154
-250.94000 -128.50000 1.50000 -109.9341
19.96000 -49.48000 1.50000 -57.8758
-195.55000 -35.66000 1.50000 -148.1439
-250.94000 -128.50000 1.50000 -109.9563