19.96000 -49.48000 1.50000 -144.0694
-195.55000 -35.66000 1.50000 -150.0712
-250.94000 -128.50000 1.50000 -191.8102
19.96000 -49.48000 1.50000 -144.1054
-195.55000 -35.66000 1.50000 -150.0932
-250.94000 -128.50000 1.50000 -191.8272
19.96000 -49.48000 1.50000 -144.0779
-195.55000 -35.66000 1.50000 -150.0871
-250.94000 -128.50000 1.50000 -191.8194
19.96000 -49.48000 1.50000 -144.0416
-195.55000 -35.66000 1.50000 -150.0651
-250.94000 -128.50000 1.50000 -191.8024
19.96000 -49.48000 1.50000 -144.0053
-195.55000 -35.66000 1.50000 -150.0431
-250.94000 -128.50000 1.50000 -191.7854
19.96000 -49.48000 1.50000 -143.9689
-195.55000 -35.66000 1.50000 -150.0210
-250.94000 -128.50000 1.50000 -191.7684
19.96000 -49.48000 1.50000 -143.9408
-195.55000 -35.66000 1.50000 -150.0149
-250.94000 -128.50000 1.50000 -191.7605
19.96000 -49.48000 1.50000 -143.9774
-195.55000 -35.66000 1.50000 -150.0370
-250.94000 -128.50000 1.50000 -191.7776
19.96000 -49.48000 1.50000 -144.0139
-195.55000 -35.66000 1.50000 -150.0590
-250.94000 -128.50000 1.50000 -191.7946
19.96000 -49.48000 1.50000 -144.0504
-195.55000 -35.66000 1.50000 -150.0810
-250.94000 -128.50000 1.50000 -191.8116
19.96000 -49.48000 1.50000 -144.0868
-195.55000 -35.66000 1.50000 -150.1030
-250.94000 -128.50000 1.50000 -191.8286
19.96000 -49.48000 1.50000 -144.0596
-195.55000 -35.66000 1.50000 -150.0970
-250.94000 -128.50000 1.50000 -191.8208
19.96000 -49.48000 1.50000 -144.0230
-195.55000 -35.66000 1.50000 -150.0750
-250.94000 -128.50000 1.50000 -191.8038
19.96000 -49.48000 1.50000 -143.9863
-195.55000 -35.66000 1.50000 -150.0530
-250.94000 -128.50000 1.50000 -191.7868
19.96000 -49.48000 1.50000 -143.9495
-195.55000 -35.66000 1.50000 -150.0309
-250.94000 -128.50000 1.50000 -191.7697
19.96000 -49.48000 1.50000 -143.9126
-195.55000 -35.66000 1.50000 -150.0088
-250.94000 -128.50000 1.50000 -191.7527
19.96000 -49.48000 1.50000 -143.8757
-195.55000 -35.66000 1.50000 -149.9866
-250.94000 -128.50000 1.50000 -191.7356
19.96000 -49.48000 1.50000 -143.8387
-195.55000 -35.66000 1.50000 -149.9643
-250.94000 -128.50000 1.50000 -191.7184
19.96000 -49.48000 1.50000 -143.8017
-195.55000 -35.66000 1.50000 -149.9420
-250.94000 -128.50000 1.50000 -191.7013
19.96000 -49.48000 1.50000 -143.7729
-195.55000 -35.66000 1.50000 -149.9359
-250.94000 -128.50000 1.50000 -191.6934
19.96000 -49.48000 1.50000 -143.8102
-195.55000 -35.66000 1.50000 -149.9582
-250.94000 -128.50000 1.50000 -191.7105
19.96000 -49.48000 1.50000 -143.8474
-195.55000 -35.66000 1.50000 -149.9805
-250.94000 -128.50000 1.50000 -191.7277
19.96000 -49.48000 1.50000 -143.8846
-195.55000 -35.66000 1.50000 -150.0027
-250.94000 -128.50000 1.50000 -191.7448
19.96000 -49.48000 1.50000 -143.9217
-195.55000 -35.66000 1.50000 -150.0249
-250.94000 -128.50000 1.50000 -191.7620
19.96000 -49.48000 1.50000 -143.9587
-195.55000 -35.66000 1.50000 -150.0470
-250.94000 -128.50000 1.50000 -191.7790
19.96000 -49.48000 1.50000 -143.9957
-195.55000 -35.66000 1.50000 -150.0691
-250.94000 -128.50000 1.50000 -191.7961
19.96000 -49.48000 1.50000 -144.0325
-195.55000 -35.66000 1.50000 -150.0911
-250.94000 -128.50000 1.50000 -191.8131
19.96000 -49.48000 1.50000 -144.0055
-195.55000 -35.66000 1.50000 -150.0853
-250.94000 -128.50000 1.50000 -191.8055
19.96000 -49.48000 1.50000 -143.9684
-195.55000 -35.66000 1.50000 -150.0632
-250.94000 -128.50000 1.50000 -191.7884
19.96000 -49.48000 1.50000 -143.9312
-195.55000 -35.66000 1.50000 -150.0411
-250.94000 -128.50000 1.50000 -191.7713
19.96000 -49.48000 1.50000 -143.8939
-195.55000 -35.66000 1.50000 -150.0190
-250.94000 -128.50000 1.50000 -191.7542
19.96000 -49.48000 1.50000 -143.8566
-195.55000 -35.66000 1.50000 -149.9968
-250.94000 -128.50000 1.50000 -191.7371
19.96000 -49.48000 1.50000 -143.8192
-195.55000 -35.66000 1.50000 -149.9745
-250.94000 -128.50000 1.50000 -191.7199
19.96000 -49.48000 1.50000 -143.7817
-195.55000 -35.66000 1.50000 -149.9522
-250.94000 -128.50000 1.50000 -191.7027
19.96000 -49.48000 1.50000 -143.7442
-195.55000 -35.66000 1.50000 -149.9298
-250.94000 -128.50000 1.50000 -191.6855
19.96000 -49.48000 1.50000 -143.7065
-195.55000 -35.66000 1.50000 -149.9074
-250.94000 -128.50000 1.50000 -191.6682
19.96000 -49.48000 1.50000 -143.6689
-195.55000 -35.66000 1.50000 -149.8849
-250.94000 -128.50000 1.50000 -191.6509
19.96000 -49.48000 1.50000 -143.6311
-195.55000 -35.66000 1.50000 -149.8624
-250.94000 -128.50000 1.50000 -191.6336
19.96000 -49.48000 1.50000 -143.6017
-195.55000 -35.66000 1.50000 -149.8563
-250.94000 -128.50000 1.50000 -191.6257
19.96000 -49.48000 1.50000 -143.6397
-195.55000 -35.66000 1.50000 -149.8789
-250.94000 -128.50000 1.50000 -191.6430
19.96000 -49.48000 1.50000 -143.6776
-195.55000 -35.66000 1.50000 -149.9014
-250.94000 -128.50000 1.50000 -191.6603
19.96000 -49.48000 1.50000 -143.7155
-195.55000 -35.66000 1.50000 -149.9238
-250.94000 -128.50000 1.50000 -191.6776
19.96000 -49.48000 1.50000 -143.7533
-195.55000 -35.66000 1.50000 -149.9462
-250.94000 -128.50000 1.50000 -191.6949
19.96000 -49.48000 1.50000 -143.7910
-195.55000 -35.66000 1.50000 -149.9685
-250.94000 -128.50000 1.50000 -191.7121
19.96000 -49.48000 1.50000 -143.8287
-195.55000 -35.66000 1.50000 -149.9908
-250.94000 -128.50000 1.50000 -191.7293
19.96000 -49.48000 1.50000 -143.8662
-195.55000 -35.66000 1.50000 -150.0131
-250.94000 -128.50000 1.50000 -191.7465
19.96000 -49.48000 1.50000 -143.9037
-195.55000 -35.66000 1.50000 -150.0352
-250.94000 -128.50000 1.50000 -191.7636
19.96000 -49.48000 1.50000 -183.8764
-195.55000 -35.66000 1.50000 -150.0294
-250.94000 -128.50000 1.50000 -191.7559
19.96000 -49.48000 1.50000 -143.8386
-195.55000 -35.66000 1.50000 -150.0072
-250.94000 -128.50000 1.50000 -191.7387
19.96000 -49.48000 1.50000 -143.8008
-195.55000 -35.66000 1.50000 -149.9850
-250.94000 -128.50000 1.50000 -191.7215
19.96000 -49.48000 1.50000 -143.7629
-195.55000 -35.66000 1.50000 -149.9626
-250.94000 -128.50000 1.50000 -191.7043
19.96000 -49.48000 1.50000 -143.7250
-195.55000 -35.66000 1.50000 -149.9403
-250.94000 -128.50000 1.50000 -191.6871
19.96000 -49.48000 1.50000 -143.6869
-195.55000 -35.66000 1.50000 -149.9178
-250.94000 -128.50000 1.50000 -191.6698
19.96000 -49.48000 1.50000 -143.6488
-195.55000 -35.66000 1.50000 -149.8954
-250.94000 -128.50000 1.50000 -191.6525
19.96000 -49.48000 1.50000 -143.6106
-195.55000 -35.66000 1.50000 -149.8728
-250.94000 -128.50000 1.50000 -191.6351
19.96000 -49.48000 1.50000 -143.5724
-195.55000 -35.66000 1.50000 -149.8502
-250.94000 -128.50000 1.50000 -191.6178
19.96000 -49.48000 1.50000 -143.5340
-195.55000 -35.66000 1.50000 -149.8276
-250.94000 -128.50000 1.50000 -191.6004
19.96000 -49.48000 1.50000 -143.4957
-195.55000 -35.66000 1.50000 -149.8049
-250.94000 -128.50000 1.50000 -191.5829
19.96000 -49.48000 1.50000 -143.4572
-195.55000 -35.66000 1.50000 -149.7822
-250.94000 -128.50000 1.50000 -191.5655
19.96000 -49.48000 1.50000 -143.4187
-195.55000 -35.66000 1.50000 -149.7593
-250.94000 -128.50000 1.50000 -191.5480
19.96000 -49.48000 1.50000 -143.3883
-195.55000 -35.66000 1.50000 -149.7532
-250.94000 -128.50000 1.50000 -191.5400
19.96000 -49.48000 1.50000 -143.4271
-195.55000 -35.66000 1.50000 -149.7760
-250.94000 -128.50000 1.50000 -191.5575
19.96000 -49.48000 1.50000 -143.4659
-195.55000 -35.66000 1.50000 -149.7988
-250.94000 -128.50000 1.50000 -191.5750
19.96000 -49.48000 1.50000 -143.5045
-195.55000 -35.66000 1.50000 -149.8216
-250.94000 -128.50000 1.50000 -191.5924
19.96000 -49.48000 1.50000 -143.5431
-195.55000 -35.66000 1.50000 -149.8442
-250.94000 -128.50000 1.50000 -191.6099
19.96000 -49.48000 1.50000 -143.5816
-195.55000 -35.66000 1.50000 -149.8669
-250.94000 -128.50000 1.50000 -191.6273
19.96000 -49.48000 1.50000 -143.6201
-195.55000 -35.66000 1.50000 -149.8894
-250.94000 -128.50000 1.50000 -191.6446
19.96000 -49.48000 1.50000 -143.6584
-195.55000 -35.66000 1.50000 -149.9119
-250.94000 -128.50000 1.50000 -191.6620
19.96000 -49.48000 1.50000 -143.6967
-195.55000 -35.66000 1.50000 -149.9344
-250.94000 -128.50000 1.50000 -191.6793
19.96000 -49.48000 1.50000 -143.7349
-195.55000 -35.66000 1.50000 -149.9568
-250.94000 -128.50000 1.50000 -191.6966
19.96000 -49.48000 1.50000 -183.7070
-195.55000 -35.66000 1.50000 -149.9510
-250.94000 -128.50000 1.50000 -191.6889
19.96000 -49.48000 1.50000 -143.6685
-195.55000 -35.66000 1.50000 -149.9286
-250.94000 -128.50000 1.50000 -191.6715
19.96000 -49.48000 1.50000 -143.6300
-195.55000 -35.66000 1.50000 -149.9061
-250.94000 -128.50000 1.50000 -191.6542
19.96000 -49.48000 1.50000 -143.5914
-195.55000 -35.66000 1.50000 -149.8835
-250.94000 -128.50000 1.50000 -191.6368
19.96000 -49.48000 1.50000 -143.5527
-195.55000 -35.66000 1.50000 -149.8609
-250.94000 -128.50000 1.50000 -191.6194
19.96000 -49.48000 1.50000 -143.5139
-195.55000 -35.66000 1.50000 -149.8383
-250.94000 -128.50000 1.50000 -191.6020
19.96000 -49.48000 1.50000 -143.4751
-195.55000 -35.66000 1.50000 -149.8156
-250.94000 -128.50000 1.50000 -191.5845
19.96000 -49.48000 1.50000 -143.4361
-195.55000 -35.66000 1.50000 -149.7928
-250.94000 -128.50000 1.50000 -191.5670
19.96000 -49.48000 1.50000 -143.3971
-195.55000 -35.66000 1.50000 -149.7700
-250.94000 -128.50000 1.50000 -191.5495
19.96000 -49.48000 1.50000 -143.3581
-195.55000 -35.66000 1.50000 -149.7471
-250.94000 -128.50000 1.50000 -191.5320
19.96000 -49.48000 1.50000 -143.3189
-195.55000 -35.66000 1.50000 -149.7242
-250.94000 -128.50000 1.50000 -191.5144
19.96000 -49.48000 1.50000 -143.2797
-195.55000 -35.66000 1.50000 -149.7012
-250.94000 -128.50000 1.50000 -191.4968
19.96000 -49.48000 1.50000 -143.2404
-195.55000 -35.66000 1.50000 -149.6782
-250.94000 -128.50000 1.50000 -191.4792
19.96000 -49.48000 1.50000 -143.2094
-195.55000 -35.66000 1.50000 -149.6721
-250.94000 -128.50000 1.50000 -191.4711
19.96000 -49.48000 1.50000 -143.2490
-195.55000 -35.66000 1.50000 -149.6951
-250.94000 -128.50000 1.50000 -191.4888
19.96000 -49.48000 1.50000 -143.2885
-195.55000 -35.66000 1.50000 -149.7181
-250.94000 -128.50000 1.50000 -191.5064
19.96000 -49.48000 1.50000 -143.3279
-195.55000 -35.66000 1.50000 -149.7411
-250.94000 -128.50000 1.50000 -191.5240
19.96000 -49.48000 1.50000 -143.3672
-195.55000 -35.66000 1.50000 -149.7640
-250.94000 -128.50000 1.50000 -191.5416
19.96000 -49.48000 1.50000 -143.4065
-195.55000 -35.66000 1.50000 -149.7869
-250.94000 -128.50000 1.50000 -191.5591
19.96000 -49.48000 1.50000 -143.4457
-195.55000 -35.66000 1.50000 -149.8096
-250.94000 -128.50000 1.50000 -191.5767
19.96000 -49.48000 1.50000 -143.4848
-195.55000 -35.66000 1.50000 -149.8324
-250.94000 -128.50000 1.50000 -191.5941
19.96000 -49.48000 1.50000 -143.5238
-195.55000 -35.66000 1.50000 -149.8551
-250.94000 -128.50000 1.50000 -191.6116
19.96000 -49.48000 1.50000 -143.4950
-195.55000 -35.66000 1.50000 -149.8493
-250.94000 -128.50000 1.50000 -191.6038
19.96000 -49.48000 1.50000 -143.4557
-195.55000 -35.66000 1.50000 -149.8265
-250.94000 -128.50000 1.50000 -191.5863
19.96000 -49.48000 1.50000 -143.4164
-195.55000 -35.66000 1.50000 -149.8038
-250.94000 -128.50000 1.50000 -191.5688
19.96000 -49.48000 1.50000 -143.3769
-195.55000 -35.66000 1.50000 -149.7810
-250.94000 -128.50000 1.50000 -191.5513
19.96000 -49.48000 1.50000 -143.3374
-195.55000 -35.66000 1.50000 -149.7581
-250.94000 -128.50000 1.50000 -191.5337
19.96000 -49.48000 1.50000 -143.2978
-195.55000 -35.66000 1.50000 -149.7351
-250.94000 -128.50000 1.50000 -191.5161
19.96000 -49.48000 1.50000 -143.2581
-195.55000 -35.66000 1.50000 -149.7121
-250.94000 -128.50000 1.50000 -191.4984
19.96000 -49.48000 1.50000 -143.2183
-195.55000 -35.66000 1.50000 -149.6891
-250.94000 -128.50000 1.50000 -191.4808
19.96000 -49.48000 1.50000 -143.1785
-195.55000 -35.66000 1.50000 -149.6660
-250.94000 -128.50000 1.50000 -191.4631
19.96000 -49.48000 1.50000 -143.1386
-195.55000 -35.66000 1.50000 -149.6428
-250.94000 -128.50000 1.50000 -191.4454
19.96000 -49.48000 1.50000 -143.0986
-195.55000 -35.66000 1.50000 -149.6196
-250.94000 -128.50000 1.50000 -191.4276
19.96000 -49.48000 1.50000 -143.0585
-195.55000 -35.66000 1.50000 -149.5963
-250.94000 -128.50000 1.50000 -191.4099
19.96000 -49.48000 1.50000 -143.0268
-195.55000 -35.66000 1.50000 -149.5902
-250.94000 -128.50000 1.50000 -191.4017
19.96000 -49.48000 1.50000 -143.0671
-195.55000 -35.66000 1.50000 -149.6135
-250.94000 -128.50000 1.50000 -191.4196
19.96000 -49.48000 1.50000 -143.1074
-195.55000 -35.66000 1.50000 -149.6368
-250.94000 -128.50000 1.50000 -191.4373
19.96000 -49.48000 1.50000 -143.1476
-195.55000 -35.66000 1.50000 -149.6600
-250.94000 -128.50000 1.50000 -191.4551
19.96000 -49.48000 1.50000 -143.1877
-195.55000 -35.66000 1.50000 -149.6831
-250.94000 -128.50000 1.50000 -191.4728
19.96000 -49.48000 1.50000 -143.2278
-195.55000 -35.66000 1.50000 -149.7062
-250.94000 -128.50000 1.50000 -191.4905
19.96000 -49.48000 1.50000 -143.2677
-195.55000 -35.66000 1.50000 -149.7292
-250.94000 -128.50000 1.50000 -191.5082
19.96000 -49.48000 1.50000 -143.3076
-195.55000 -35.66000 1.50000 -149.7522
-250.94000 -128.50000 1.50000 -191.5258
19.96000 -49.48000 1.50000 -143.3474
-195.55000 -35.66000 1.50000 -149.7751
-250.94000 -128.50000 1.50000 -191.5434
19.96000 -49.48000 1.50000 -143.3871
-195.55000 -35.66000 1.50000 -149.7980
-250.94000 -128.50000 1.50000 -191.5610
19.96000 -49.48000 1.50000 -143.3580
-195.55000 -35.66000 1.50000 -149.7922
-250.94000 -128.50000 1.50000 -191.5532
19.96000 -49.48000 1.50000 -143.3180
-195.55000 -35.66000 1.50000 -149.7693
-250.94000 -128.50000 1.50000 -191.5356
19.96000 -49.48000 1.50000 -143.2779
-195.55000 -35.66000 1.50000 -149.7464
-250.94000 -128.50000 1.50000 -191.5179
19.96000 -49.48000 1.50000 -143.2378
-195.55000 -35.66000 1.50000 -149.7234
-250.94000 -128.50000 1.50000 -191.5003
19.96000 -49.48000 1.50000 -143.1975
-195.55000 -35.66000 1.50000 -149.7003
-250.94000 -128.50000 1.50000 -191.4826
19.96000 -49.48000 1.50000 -143.1572
-195.55000 -35.66000 1.50000 -149.6772
-250.94000 -128.50000 1.50000 -191.4648
19.96000 -49.48000 1.50000 -143.1168
-195.55000 -35.66000 1.50000 -149.6541
-250.94000 -128.50000 1.50000 -191.4471
19.96000 -49.48000 1.50000 -143.0763
-195.55000 -35.66000 1.50000 -149.6308
-250.94000 -128.50000 1.50000 -191.4293
19.96000 -49.48000 1.50000 -143.0358
-195.55000 -35.66000 1.50000 -149.6075
-250.94000 -128.50000 1.50000 -191.4115
19.96000 -49.48000 1.50000 -142.9951
-195.55000 -35.66000 1.50000 -149.5842
-250.94000 -128.50000 1.50000 -191.3936
19.96000 -49.48000 1.50000 -142.9544
-195.55000 -35.66000 1.50000 -149.5608
-250.94000 -128.50000 1.50000 -191.3758
19.96000 -49.48000 1.50000 -142.9136
-195.55000 -35.66000 1.50000 -149.5373
-250.94000 -128.50000 1.50000 -191.3579
19.96000 -49.48000 1.50000 -142.8727
-195.55000 -35.66000 1.50000 -149.5138
-250.94000 -128.50000 1.50000 -191.3400
19.96000 -49.48000 1.50000 -142.8318
-195.55000 -35.66000 1.50000 -149.4902
-250.94000 -128.50000 1.50000 -191.3220
19.96000 -49.48000 1.50000 -142.7990
-195.55000 -35.66000 1.50000 -149.4841
-250.94000 -128.50000 1.50000 -191.3138
19.96000 -49.48000 1.50000 -142.8402
-195.55000 -35.66000 1.50000 -149.5077
-250.94000 -128.50000 1.50000 -191.3318
19.96000 -49.48000 1.50000 -142.8814
-195.55000 -35.66000 1.50000 -149.5313
-250.94000 -128.50000 1.50000 -191.3498
19.96000 -49.48000 1.50000 -142.9225
-195.55000 -35.66000 1.50000 -149.5548
-250.94000 -128.50000 1.50000 -191.3677
19.96000 -49.48000 1.50000 -142.9635
-195.55000 -35.66000 1.50000 -149.5782
-250.94000 -128.50000 1.50000 -191.3856
19.96000 -49.48000 1.50000 -143.0044
-195.55000 -35.66000 1.50000 -149.6016
-250.94000 -128.50000 1.50000 -191.4035
19.96000 -49.48000 1.50000 -143.0453
-195.55000 -35.66000 1.50000 -149.6249
-250.94000 -128.50000 1.50000 -191.4213
19.96000 -49.48000 1.50000 -143.0861
-195.55000 -35.66000 1.50000 -149.6482
-250.94000 -128.50000 1.50000 -191.4391
19.96000 -49.48000 1.50000 -143.1268
-195.55000 -35.66000 1.50000 -149.6714
-250.94000 -128.50000 1.50000 -191.4569
19.96000 -49.48000 1.50000 -143.1674
-195.55000 -35.66000 1.50000 -149.6945
-250.94000 -128.50000 1.50000 -191.4747
19.96000 -49.48000 1.50000 -143.1373
-195.55000 -35.66000 1.50000 -149.6887
-250.94000 -128.50000 1.50000 -191.4668
19.96000 -49.48000 1.50000 -143.0964
-195.55000 -35.66000 1.50000 -149.6656
-250.94000 -128.50000 1.50000 -191.4490
19.96000 -49.48000 1.50000 -143.0554
-195.55000 -35.66000 1.50000 -149.6423
-250.94000 -128.50000 1.50000 -191.4312
19.96000 -49.48000 1.50000 -143.0144
-195.55000 -35.66000 1.50000 -149.6190
-250.94000 -128.50000 1.50000 -191.4134
19.96000 -49.48000 1.50000 -142.9732
-195.55000 -35.66000 1.50000 -149.5957
-250.94000 -128.50000 1.50000 -191.3955
19.96000 -49.48000 1.50000 -142.9320
-195.55000 -35.66000 1.50000 -149.5723
-250.94000 -128.50000 1.50000 -191.3776
19.96000 -49.48000 1.50000 -142.8907
-195.55000 -35.66000 1.50000 -149.5488
-250.94000 -128.50000 1.50000 -191.3596
19.96000 -49.48000 1.50000 -142.8493
-195.55000 -35.66000 1.50000 -149.5253
-250.94000 -128.50000 1.50000 -191.3417
19.96000 -49.48000 1.50000 -142.8078
-195.55000 -35.66000 1.50000 -149.5017
-250.94000 -128.50000 1.50000 -191.3237
19.96000 -49.48000 1.50000 -142.7663
-195.55000 -35.66000 1.50000 -149.4781
-250.94000 -128.50000 1.50000 -191.3056
19.96000 -49.48000 1.50000 -142.7246
-195.55000 -35.66000 1.50000 -149.4543
-250.94000 -128.50000 1.50000 -191.2876
19.96000 -49.48000 1.50000 -142.6829
-195.55000 -35.66000 1.50000 -149.4306
-250.94000 -128.50000 1.50000 -191.2695
19.96000 -49.48000 1.50000 -142.6412
-195.55000 -35.66000 1.50000 -149.4068
-250.94000 -128.50000 1.50000 -191.2514
19.96000 -49.48000 1.50000 -142.6075
-195.55000 -35.66000 1.50000 -149.4007
-250.94000 -128.50000 1.50000 -191.2431
19.96000 -49.48000 1.50000 -142.6496
-195.55000 -35.66000 1.50000 -149.4245
-250.94000 -128.50000 1.50000 -191.2613
19.96000 -49.48000 1.50000 -142.6917
-195.55000 -35.66000 1.50000 -149.4483
-250.94000 -128.50000 1.50000 -191.2794
19.96000 -49.48000 1.50000 -142.7336
-195.55000 -35.66000 1.50000 -149.4721
-250.94000 -128.50000 1.50000 -191.2975
19.96000 -49.48000 1.50000 -142.7755
-195.55000 -35.66000 1.50000 -149.4957
-250.94000 -128.50000 1.50000 -191.3156
19.96000 -49.48000 1.50000 -142.8172
-195.55000 -35.66000 1.50000 -149.5194
-250.94000 -128.50000 1.50000 -191.3336
19.96000 -49.48000 1.50000 -142.8589
-195.55000 -35.66000 1.50000 -149.5429
-250.94000 -128.50000 1.50000 -191.3516
19.96000 -49.48000 1.50000 -142.9005
-195.55000 -35.66000 1.50000 -149.5664
-250.94000 -128.50000 1.50000 -191.3696
19.96000 -49.48000 1.50000 -142.9421
-195.55000 -35.66000 1.50000 -149.5899
-250.94000 -128.50000 1.50000 -191.3875
19.96000 -49.48000 1.50000 -142.9835
-195.55000 -35.66000 1.50000 -149.6132
-250.94000 -128.50000 1.50000 -191.4054
19.96000 -49.48000 1.50000 -142.9528
-195.55000 -35.66000 1.50000 -109.6075
-250.94000 -128.50000 1.50000 -231.3975
19.96000 -49.48000 1.50000 -142.9110
-195.55000 -35.66000 1.50000 -109.5841
-250.94000 -128.50000 1.50000 -191.3796
19.96000 -49.48000 1.50000 -142.8692
-195.55000 -35.66000 1.50000 -109.5606
-250.94000 -128.50000 1.50000 -191.3616
19.96000 -49.48000 1.50000 -142.8273
-195.55000 -35.66000 1.50000 -109.5371
-250.94000 -128.50000 1.50000 -191.3436
19.96000 -49.48000 1.50000 -142.7853
-195.55000 -35.66000 1.50000 -149.5135
-250.94000 -128.50000 1.50000 -191.3256
19.96000 -49.48000 1.50000 -142.7432
-195.55000 -35.66000 1.50000 -149.4898
-250.94000 -128.50000 1.50000 -191.3075
19.96000 -49.48000 1.50000 -142.7010
-195.55000 -35.66000 1.50000 -149.4661
-250.94000 -128.50000 1.50000 -191.2894
19.96000 -49.48000 1.50000 -142.6587
-195.55000 -35.66000 1.50000 -149.4424
-250.94000 -128.50000 1.50000 -191.2713
19.96000 -49.48000 1.50000 -142.6164
-195.55000 -35.66000 1.50000 -149.4185
-250.94000 -128.50000 1.50000 -191.2531
19.96000 -49.48000 1.50000 -142.5740
-195.55000 -35.66000 1.50000 -149.3946
-250.94000 -128.50000 1.50000 -191.2350
19.96000 -49.48000 1.50000 -142.5315
-195.55000 -35.66000 1.50000 -149.3707
-250.94000 -128.50000 1.50000 -191.2167
19.96000 -49.48000 1.50000 -142.4889
-195.55000 -35.66000 1.50000 -149.3466
-250.94000 -128.50000 1.50000 -191.1985
19.96000 -49.48000 1.50000 -142.4463
-195.55000 -35.66000 1.50000 -149.3226
-250.94000 -128.50000 1.50000 -191.1802
19.96000 -49.48000 1.50000 -142.4118
-195.55000 -35.66000 1.50000 -149.3165
-250.94000 -128.50000 1.50000 -191.1719
19.96000 -49.48000 1.50000 -142.4548
-195.55000 -35.66000 1.50000 -149.3406
-250.94000 -128.50000 1.50000 -191.1902
19.96000 -49.48000 1.50000 -142.4977
-195.55000 -35.66000 1.50000 -149.3647
-250.94000 -128.50000 1.50000 -191.2085
19.96000 -49.48000 1.50000 -142.5405
-195.55000 -35.66000 1.50000 -149.3887
-250.94000 -128.50000 1.50000 -191.2268
19.96000 -49.48000 1.50000 -142.5833
-195.55000 -35.66000 1.50000 -149.4126
-250.94000 -128.50000 1.50000 -191.2450
19.96000 -49.48000 1.50000 -142.6259
-195.55000 -35.66000 1.50000 -109.4365
-250.94000 -128.50000 1.50000 -191.2632
19.96000 -49.48000 1.50000 -142.6685
-195.55000 -35.66000 1.50000 -109.4603
-250.94000 -128.50000 1.50000 -191.2813
19.96000 -49.48000 1.50000 -142.7110
-195.55000 -35.66000 1.50000 -109.4840
-250.94000 -128.50000 1.50000 -191.2995
19.96000 -49.48000 1.50000 -142.7534
-195.55000 -35.66000 1.50000 -109.5077
-250.94000 -128.50000 1.50000 -191.3176
19.96000 -49.48000 1.50000 -142.7216
-195.55000 -35.66000 1.50000 -109.5019
-250.94000 -128.50000 1.50000 -231.3096
19.96000 -49.48000 1.50000 -142.6789
-195.55000 -35.66000 1.50000 -109.4782
-250.94000 -128.50000 1.50000 -191.2915
19.96000 -49.48000 1.50000 -142.6361
-195.55000 -35.66000 1.50000 -109.4545
-250.94000 -128.50000 1.50000 -191.2733
19.96000 -49.48000 1.50000 -142.5932
-195.55000 -35.66000 1.50000 -109.4306
-250.94000 -128.50000 1.50000 -191.2551
19.96000 -49.48000 1.50000 -142.5502
-195.55000 -35.66000 1.50000 -109.4067
-250.94000 -128.50000 1.50000 -191.2369
19.96000 -49.48000 1.50000 -142.5071
-195.55000 -35.66000 1.50000 -109.3828
-250.94000 -128.50000 1.50000 -191.2186
19.96000 -49.48000 1.50000 -142.4640
-195.55000 -35.66000 1.50000 -109.3587
-250.94000 -128.50000 1.50000 -191.2003
19.96000 -49.48000 1.50000 -142.4207
-195.55000 -35.66000 1.50000 -109.3346
-250.94000 -128.50000 1.50000 -191.1820
19.96000 -49.48000 1.50000 -142.3774
-195.55000 -35.66000 1.50000 -149.3105
-250.94000 -128.50000 1.50000 -191.1637
19.96000 -49.48000 1.50000 -142.3340
-195.55000 -35.66000 1.50000 -149.2863
-250.94000 -128.50000 1.50000 -191.1453
19.96000 -49.48000 1.50000 -142.2905
-195.55000 -35.66000 1.50000 -149.2620
-250.94000 -128.50000 1.50000 -191.1269
19.96000 -49.48000 1.50000 -142.2469
-195.55000 -35.66000 1.50000 -149.2377
-250.94000 -128.50000 1.50000 -191.1085
19.96000 -49.48000 1.50000 -142.2115
-195.55000 -35.66000 1.50000 -109.2316
-250.94000 -128.50000 1.50000 -191.1001
19.96000 -49.48000 1.50000 -142.2555
-195.55000 -35.66000 1.50000 -109.2560
-250.94000 -128.50000 1.50000 -191.1186
19.96000 -49.48000 1.50000 -142.2993
-195.55000 -35.66000 1.50000 -109.2803
-250.94000 -128.50000 1.50000 -191.1371
19.96000 -49.48000 1.50000 -142.3431
-195.55000 -35.66000 1.50000 -109.3046
-250.94000 -128.50000 1.50000 -191.1555
19.96000 -49.48000 1.50000 -142.3867
-195.55000 -35.66000 1.50000 -109.3287
-250.94000 -128.50000 1.50000 -191.1739
19.96000 -49.48000 1.50000 -142.4303
-195.55000 -35.66000 1.50000 -109.3529
-250.94000 -128.50000 1.50000 -191.1922
19.96000 -49.48000 1.50000 -142.4738
-195.55000 -35.66000 1.50000 -109.3769
-250.94000 -128.50000 1.50000 -191.2105
19.96000 -49.48000 1.50000 -142.5172
-195.55000 -35.66000 1.50000 -109.4009
-250.94000 -128.50000 1.50000 -191.2288
19.96000 -49.48000 1.50000 -142.5605
-195.55000 -35.66000 1.50000 -109.4248
-250.94000 -128.50000 1.50000 -191.2471
19.96000 -49.48000 1.50000 -142.5280
-195.55000 -35.66000 1.50000 -109.4191
-250.94000 -128.50000 1.50000 -231.2391
19.96000 -49.48000 1.50000 -142.4843
-195.55000 -35.66000 1.50000 -109.3951
-250.94000 -128.50000 1.50000 -231.2208
19.96000 -49.48000 1.50000 -142.4406
-195.55000 -35.66000 1.50000 -109.3711
-250.94000 -128.50000 1.50000 -231.2025
19.96000 -49.48000 1.50000 -142.3968
-195.55000 -35.66000 1.50000 -109.3470
-250.94000 -128.50000 1.50000 -191.1841
19.96000 -49.48000 1.50000 -142.3528
-195.55000 -35.66000 1.50000 -109.3229
-250.94000 -128.50000 1.50000 -191.1657
19.96000 -49.48000 1.50000 -142.3088
-195.55000 -35.66000 1.50000 -109.2987
-250.94000 -128.50000 1.50000 -191.1473
19.96000 -49.48000 1.50000 -142.2647
-195.55000 -35.66000 1.50000 -109.2744
-250.94000 -128.50000 1.50000 -191.1288
19.96000 -49.48000 1.50000 -142.2205
-195.55000 -35.66000 1.50000 -109.2501
-250.94000 -128.50000 1.50000 -191.1104
19.96000 -49.48000 1.50000 -142.1763
-195.55000 -35.66000 1.50000 -109.2256
-250.94000 -128.50000 1.50000 -191.0919
19.96000 -49.48000 1.50000 -142.1319
-195.55000 -35.66000 1.50000 -109.2012
-250.94000 -128.50000 1.50000 -191.0733
19.96000 -49.48000 1.50000 -142.0875
-195.55000 -35.66000 1.50000 -109.1766
-250.94000 -128.50000 1.50000 -191.0547
19.96000 -49.48000 1.50000 -142.0429
-195.55000 -35.66000 1.50000 -109.1520
-250.94000 -128.50000 1.50000 -191.0361
19.96000 -49.48000 1.50000 -142.0066
-195.55000 -35.66000 1.50000 -109.1460
-250.94000 -128.50000 1.50000 -191.0278
19.96000 -49.48000 1.50000 -142.0515
-195.55000 -35.66000 1.50000 -109.1707
-250.94000 -128.50000 1.50000 -191.0464
19.96000 -49.48000 1.50000 -142.0963
-195.55000 -35.66000 1.50000 -109.1952
-250.94000 -128.50000 1.50000 -191.0650
19.96000 -49.48000 1.50000 -142.1411
-195.55000 -35.66000 1.50000 -109.2197
-250.94000 -128.50000 1.50000 -191.0836
19.96000 -49.48000 1.50000 -142.1857
-195.55000 -35.66000 1.50000 -109.2442
-250.94000 -128.50000 1.50000 -191.1022
19.96000 -49.48000 1.50000 -142.2302
-195.55000 -35.66000 1.50000 -109.2685
-250.94000 -128.50000 1.50000 -191.1207
19.96000 -49.48000 1.50000 -142.2747
-195.55000 -35.66000 1.50000 -109.2929
-250.94000 -128.50000 1.50000 -191.1392
19.96000 -49.48000 1.50000 -142.3190
-195.55000 -35.66000 1.50000 -109.3171
-250.94000 -128.50000 1.50000 -231.1576
19.96000 -49.48000 1.50000 -142.3633
-195.55000 -35.66000 1.50000 -109.3413
-250.94000 -128.50000 1.50000 -231.1760
19.96000 -49.48000 1.50000 -142.4075
-195.55000 -35.66000 1.50000 -109.3654
-250.94000 -128.50000 1.50000 -231.1944
19.96000 -49.48000 1.50000 -142.3745
-195.55000 -35.66000 1.50000 -109.3597
-250.94000 -128.50000 1.50000 -231.1864
19.96000 -49.48000 1.50000 -142.3299
-195.55000 -35.66000 1.50000 -109.3356
-250.94000 -128.50000 1.50000 -231.1680
19.96000 -49.48000 1.50000 -142.2853
-195.55000 -35.66000 1.50000 -109.3114
-250.94000 -128.50000 1.50000 -231.1495
19.96000 -49.48000 1.50000 -142.2406
-195.55000 -35.66000 1.50000 -109.2871
-250.94000 -128.50000 1.50000 -231.1310
19.96000 -49.48000 1.50000 -142.1958
-195.55000 -35.66000 1.50000 -109.2628
-250.94000 -128.50000 1.50000 -231.1125
19.96000 -49.48000 1.50000 -142.1509
-195.55000 -35.66000 1.50000 -109.2384
-250.94000 -128.50000 1.50000 -191.0940
19.96000 -49.48000 1.50000 -142.1059
-195.55000 -35.66000 1.50000 -109.2139
-250.94000 -128.50000 1.50000 -191.0754
19.96000 -49.48000 1.50000 -142.0608
-195.55000 -35.66000 1.50000 -109.1893
-250.94000 -128.50000 1.50000 -191.0568
19.96000 -49.48000 1.50000 -142.0157
-195.55000 -35.66000 1.50000 -109.1647
-250.94000 -128.50000 1.50000 -191.0381
19.96000 -49.48000 1.50000 -141.9704
-195.55000 -35.66000 1.50000 -109.1401
-250.94000 -128.50000 1.50000 -191.0195
19.96000 -49.48000 1.50000 -141.9250
-195.55000 -35.66000 1.50000 -109.1153
-250.94000 -128.50000 1.50000 -191.0007
19.96000 -49.48000 1.50000 -141.8796
-195.55000 -35.66000 1.50000 -109.0905
-250.94000 -128.50000 1.50000 -190.9820
19.96000 -49.48000 1.50000 -141.8341
-195.55000 -35.66000 1.50000 -109.0657
-250.94000 -128.50000 1.50000 -190.9632
19.96000 -49.48000 1.50000 -141.7885
-195.55000 -35.66000 1.50000 -109.0407
-250.94000 -128.50000 1.50000 -190.9444