19.96000 -49.48000 1.50000 -144.0339
-195.55000 -35.66000 1.50000 -150.2302
-250.94000 -128.50000 1.50000 -231.8741
19.96000 -49.48000 1.50000 -144.0105
-195.55000 -35.66000 1.50000 -150.2254
-250.94000 -128.50000 1.50000 -231.8671
19.96000 -49.48000 1.50000 -143.9710
-195.55000 -35.66000 1.50000 -150.2034
-250.94000 -128.50000 1.50000 -231.8499
19.96000 -49.48000 1.50000 -143.9314
-195.55000 -35.66000 1.50000 -150.1815
-250.94000 -128.50000 1.50000 -231.8326
19.96000 -49.48000 1.50000 -143.9872
-195.55000 -35.66000 1.50000 -150.2206
-250.94000 -128.50000 1.50000 -231.8602
19.96000 -49.48000 1.50000 -144.0268
-195.55000 -35.66000 1.50000 -110.2425
-250.94000 -128.50000 1.50000 -231.8774
19.96000 -49.48000 1.50000 -144.0039
-195.55000 -35.66000 1.50000 -110.2378
-250.94000 -128.50000 1.50000 -231.8705
19.96000 -49.48000 1.50000 -143.9640
-195.55000 -35.66000 1.50000 -110.2159
-250.94000 -128.50000 1.50000 -231.8533
19.96000 -49.48000 1.50000 -143.9241
-195.55000 -35.66000 1.50000 -110.1939
-250.94000 -128.50000 1.50000 -231.8360
19.96000 -49.48000 1.50000 -143.8840
-195.55000 -35.66000 1.50000 -110.1719
-250.94000 -128.50000 1.50000 -231.8187
19.96000 -49.48000 1.50000 -143.7796
-195.55000 -35.66000 1.50000 -110.1229
-250.94000 -128.50000 1.50000 -231.7770
19.96000 -49.48000 1.50000 -143.8201
-195.55000 -35.66000 1.50000 -110.1451
-250.94000 -128.50000 1.50000 -231.7944
19.96000 -49.48000 1.50000 -143.8605
-195.55000 -35.66000 1.50000 -110.1672
-250.94000 -128.50000 1.50000 -231.8117
19.96000 -49.48000 1.50000 -143.9008
-195.55000 -35.66000 1.50000 -110.1893
-250.94000 -128.50000 1.50000 -231.8291
19.96000 -49.48000 1.50000 -143.9410
-195.55000 -35.66000 1.50000 -110.2113
-250.94000 -128.50000 1.50000 -231.8464
19.96000 -49.48000 1.50000 -143.9810
-195.55000 -35.66000 1.50000 -110.2332
-250.94000 -128.50000 1.50000 -231.8636
19.96000 -49.48000 1.50000 -144.0209
-195.55000 -35.66000 1.50000 -110.2551
-250.94000 -128.50000 1.50000 -231.8809
19.96000 -49.48000 1.50000 -143.9984
-195.55000 -35.66000 1.50000 -110.2505
-250.94000 -128.50000 1.50000 -231.8741
19.96000 -49.48000 1.50000 -143.9583
-195.55000 -35.66000 1.50000 -110.2286
-250.94000 -128.50000 1.50000 -231.8568
19.96000 -49.48000 1.50000 -143.9181
-195.55000 -35.66000 1.50000 -110.2067
-250.94000 -128.50000 1.50000 -231.8395
19.96000 -49.48000 1.50000 -143.8777
-195.55000 -35.66000 1.50000 -110.1846
-250.94000 -128.50000 1.50000 -231.8222
19.96000 -49.48000 1.50000 -143.8372
-195.55000 -35.66000 1.50000 -110.1626
-250.94000 -128.50000 1.50000 -231.8048
19.96000 -49.48000 1.50000 -143.7966
-195.55000 -35.66000 1.50000 -110.1404
-250.94000 -128.50000 1.50000 -231.7874
19.96000 -49.48000 1.50000 -143.7558
-195.55000 -35.66000 1.50000 -110.1183
-250.94000 -128.50000 1.50000 -231.7700
19.96000 -49.48000 1.50000 -143.7150
-195.55000 -35.66000 1.50000 -110.0960
-250.94000 -128.50000 1.50000 -231.7526
19.96000 -49.48000 1.50000 -143.6740
-195.55000 -35.66000 1.50000 -110.0737
-250.94000 -128.50000 1.50000 -231.7351
19.96000 -49.48000 1.50000 -143.6498
-195.55000 -35.66000 1.50000 -110.0690
-250.94000 -128.50000 1.50000 -231.7281
19.96000 -49.48000 1.50000 -143.6911
-195.55000 -35.66000 1.50000 -110.0914
-250.94000 -128.50000 1.50000 -231.7456
19.96000 -49.48000 1.50000 -143.7322
-195.55000 -35.66000 1.50000 -110.1136
-250.94000 -128.50000 1.50000 -231.7631
19.96000 -49.48000 1.50000 -143.7731
-195.55000 -35.66000 1.50000 -110.1358
-250.94000 -128.50000 1.50000 -231.7805
19.96000 -49.48000 1.50000 -143.8140
-195.55000 -35.66000 1.50000 -110.1580
-250.94000 -128.50000 1.50000 -231.7979
19.96000 -49.48000 1.50000 -143.8547
-195.55000 -35.66000 1.50000 -110.1801
-250.94000 -128.50000 1.50000 -231.8153
19.96000 -49.48000 1.50000 -143.8953
-195.55000 -35.66000 1.50000 -110.2021
-250.94000 -128.50000 1.50000 -231.8327
19.96000 -49.48000 1.50000 -143.9357
-195.55000 -35.66000 1.50000 -110.2241
-250.94000 -128.50000 1.50000 -231.8500
19.96000 -49.48000 1.50000 -143.9760
-195.55000 -35.66000 1.50000 -110.2460
-250.94000 -128.50000 1.50000 -231.8673
19.96000 -49.48000 1.50000 -144.0162
-195.55000 -35.66000 1.50000 -110.2679
-250.94000 -128.50000 1.50000 -231.8846
19.96000 -49.48000 1.50000 -143.9942
-195.55000 -35.66000 1.50000 -110.2635
-250.94000 -128.50000 1.50000 -231.8779
19.96000 -49.48000 1.50000 -143.9538
-195.55000 -35.66000 1.50000 -110.2416
-250.94000 -128.50000 1.50000 -231.8606
19.96000 -49.48000 1.50000 -143.9133
-195.55000 -35.66000 1.50000 -110.2196
-250.94000 -128.50000 1.50000 -231.8432
19.96000 -49.48000 1.50000 -143.8726
-195.55000 -35.66000 1.50000 -110.1976
-250.94000 -128.50000 1.50000 -231.8259
19.96000 -49.48000 1.50000 -143.8318
-195.55000 -35.66000 1.50000 -110.1756
-250.94000 -128.50000 1.50000 -231.8085
19.96000 -49.48000 1.50000 -143.7909
-195.55000 -35.66000 1.50000 -110.1534
-250.94000 -128.50000 1.50000 -231.7911
19.96000 -49.48000 1.50000 -143.7498
-195.55000 -35.66000 1.50000 -110.1313
-250.94000 -128.50000 1.50000 -231.7737
19.96000 -49.48000 1.50000 -143.7086
-195.55000 -35.66000 1.50000 -110.1090
-250.94000 -128.50000 1.50000 -231.7562
19.96000 -49.48000 1.50000 -143.6673
-195.55000 -35.66000 1.50000 -110.0867
-250.94000 -128.50000 1.50000 -231.7387
19.96000 -49.48000 1.50000 -143.6258
-195.55000 -35.66000 1.50000 -110.0644
-250.94000 -128.50000 1.50000 -231.7212
19.96000 -49.48000 1.50000 -143.5842
-195.55000 -35.66000 1.50000 -110.0420
-250.94000 -128.50000 1.50000 -231.7036
19.96000 -49.48000 1.50000 -143.5425
-195.55000 -35.66000 1.50000 -110.0196
-250.94000 -128.50000 1.50000 -231.6860
19.96000 -49.48000 1.50000 -143.5007
-195.55000 -35.66000 1.50000 -109.9971
-250.94000 -128.50000 1.50000 -231.6684
19.96000 -49.48000 1.50000 -143.4587
-195.55000 -35.66000 1.50000 -109.9745
-250.94000 -128.50000 1.50000 -231.6507
19.96000 -49.48000 1.50000 -143.4339
-195.55000 -35.66000 1.50000 -109.9698
-250.94000 -128.50000 1.50000 -231.6437
19.96000 -49.48000 1.50000 -143.4761
-195.55000 -35.66000 1.50000 -109.9924
-250.94000 -128.50000 1.50000 -231.6614
19.96000 -49.48000 1.50000 -143.5182
-195.55000 -35.66000 1.50000 -110.0149
-250.94000 -128.50000 1.50000 -231.6790
19.96000 -49.48000 1.50000 -143.5602
-195.55000 -35.66000 1.50000 -110.0374
-250.94000 -128.50000 1.50000 -231.6966
19.96000 -49.48000 1.50000 -143.6020
-195.55000 -35.66000 1.50000 -110.0598
-250.94000 -128.50000 1.50000 -231.7142
19.96000 -49.48000 1.50000 -143.6437
-195.55000 -35.66000 1.50000 -110.0822
-250.94000 -128.50000 1.50000 -231.7318
19.96000 -49.48000 1.50000 -143.6852
-195.55000 -35.66000 1.50000 -110.1045
-250.94000 -128.50000 1.50000 -231.7493
19.96000 -49.48000 1.50000 -143.7266
-195.55000 -35.66000 1.50000 -110.1268
-250.94000 -128.50000 1.50000 -231.7668
19.96000 -49.48000 1.50000 -143.7679
-195.55000 -35.66000 1.50000 -110.1490
-250.94000 -128.50000 1.50000 -231.7843
19.96000 -49.48000 1.50000 -143.8091
-195.55000 -35.66000 1.50000 -110.1711
-250.94000 -128.50000 1.50000 -231.8017
19.96000 -49.48000 1.50000 -143.7864
-195.55000 -35.66000 1.50000 -110.1667
-250.94000 -128.50000 1.50000 -231.7950
19.96000 -49.48000 1.50000 -143.7451
-195.55000 -35.66000 1.50000 -110.1445
-250.94000 -128.50000 1.50000 -231.7775
19.96000 -49.48000 1.50000 -143.7036
-195.55000 -35.66000 1.50000 -110.1223
-250.94000 -128.50000 1.50000 -231.7600
19.96000 -49.48000 1.50000 -143.6619
-195.55000 -35.66000 1.50000 -110.1000
-250.94000 -128.50000 1.50000 -231.7425
19.96000 -49.48000 1.50000 -143.6202
-195.55000 -35.66000 1.50000 -110.0777
-250.94000 -128.50000 1.50000 -231.7249
19.96000 -49.48000 1.50000 -143.5782
-195.55000 -35.66000 1.50000 -110.0553
-250.94000 -128.50000 1.50000 -231.7073
19.96000 -49.48000 1.50000 -143.5362
-195.55000 -35.66000 1.50000 -110.0329
-250.94000 -128.50000 1.50000 -231.6897
19.96000 -49.48000 1.50000 -143.4940
-195.55000 -35.66000 1.50000 -110.0104
-250.94000 -128.50000 1.50000 -231.6721
19.96000 -49.48000 1.50000 -143.4517
-195.55000 -35.66000 1.50000 -109.9878
-250.94000 -128.50000 1.50000 -231.6544
19.96000 -49.48000 1.50000 -143.4092
-195.55000 -35.66000 1.50000 -109.9652
-250.94000 -128.50000 1.50000 -231.6367
19.96000 -49.48000 1.50000 -143.3666
-195.55000 -35.66000 1.50000 -109.9425
-250.94000 -128.50000 1.50000 -231.6189
19.96000 -49.48000 1.50000 -143.3239
-195.55000 -35.66000 1.50000 -109.9198
-250.94000 -128.50000 1.50000 -231.6012
19.96000 -49.48000 1.50000 -143.2810
-195.55000 -35.66000 1.50000 -109.8970
-250.94000 -128.50000 1.50000 -231.5834
19.96000 -49.48000 1.50000 -143.2557
-195.55000 -35.66000 1.50000 -109.8924
-250.94000 -128.50000 1.50000 -231.5763
19.96000 -49.48000 1.50000 -143.2989
-195.55000 -35.66000 1.50000 -109.9152
-250.94000 -128.50000 1.50000 -231.5941
19.96000 -49.48000 1.50000 -143.3418
-195.55000 -35.66000 1.50000 -109.9380
-250.94000 -128.50000 1.50000 -231.6119
19.96000 -49.48000 1.50000 -143.3847
-195.55000 -35.66000 1.50000 -109.9606
-250.94000 -128.50000 1.50000 -231.6297
19.96000 -49.48000 1.50000 -143.4274
-195.55000 -35.66000 1.50000 -109.9833
-250.94000 -128.50000 1.50000 -231.6474
19.96000 -49.48000 1.50000 -143.4700
-195.55000 -35.66000 1.50000 -110.0059
-250.94000 -128.50000 1.50000 -231.6651
19.96000 -49.48000 1.50000 -143.5124
-195.55000 -35.66000 1.50000 -110.0284
-250.94000 -128.50000 1.50000 -231.6828
19.96000 -49.48000 1.50000 -143.5547
-195.55000 -35.66000 1.50000 -110.0508
-250.94000 -128.50000 1.50000 -231.7004
19.96000 -49.48000 1.50000 -143.5968
-195.55000 -35.66000 1.50000 -110.0733
-250.94000 -128.50000 1.50000 -231.7180
19.96000 -49.48000 1.50000 -143.6388
-195.55000 -35.66000 1.50000 -110.0956
-250.94000 -128.50000 1.50000 -231.7356
19.96000 -49.48000 1.50000 -143.6807
-195.55000 -35.66000 1.50000 -150.1179
-250.94000 -128.50000 1.50000 -231.7532
19.96000 -49.48000 1.50000 -143.6579
-195.55000 -35.66000 1.50000 -150.1136
-250.94000 -128.50000 1.50000 -231.7464
19.96000 -49.48000 1.50000 -143.6158
-195.55000 -35.66000 1.50000 -150.0912
-250.94000 -128.50000 1.50000 -231.7289
19.96000 -49.48000 1.50000 -143.5312
-195.55000 -35.66000 1.50000 -150.0464
-250.94000 -128.50000 1.50000 -231.6936
19.96000 -49.48000 1.50000 -143.4887
-195.55000 -35.66000 1.50000 -150.0240
-250.94000 -128.50000 1.50000 -231.6759
19.96000 -49.48000 1.50000 -143.4461
-195.55000 -35.66000 1.50000 -150.0014
-250.94000 -128.50000 1.50000 -231.6582
19.96000 -49.48000 1.50000 -143.4033
-195.55000 -35.66000 1.50000 -149.9788
-250.94000 -128.50000 1.50000 -231.6405
19.96000 -49.48000 1.50000 -143.3603
-195.55000 -35.66000 1.50000 -109.9561
-250.94000 -128.50000 1.50000 -231.6227
19.96000 -49.48000 1.50000 -143.3172
-195.55000 -35.66000 1.50000 -109.9334
-250.94000 -128.50000 1.50000 -231.6049
19.96000 -49.48000 1.50000 -143.2740
-195.55000 -35.66000 1.50000 -109.9107
-250.94000 -128.50000 1.50000 -231.5871
19.96000 -49.48000 1.50000 -143.2306
-195.55000 -35.66000 1.50000 -109.8878
-250.94000 -128.50000 1.50000 -231.5692
19.96000 -49.48000 1.50000 -143.1871
-195.55000 -35.66000 1.50000 -109.8649
-250.94000 -128.50000 1.50000 -231.5514
19.96000 -49.48000 1.50000 -143.1434
-195.55000 -35.66000 1.50000 -109.8420
-250.94000 -128.50000 1.50000 -231.5334
19.96000 -49.48000 1.50000 -143.0996
-195.55000 -35.66000 1.50000 -109.8190
-250.94000 -128.50000 1.50000 -231.5155
19.96000 -49.48000 1.50000 -143.0739
-195.55000 -35.66000 1.50000 -109.8144
-250.94000 -128.50000 1.50000 -231.5084
19.96000 -49.48000 1.50000 -143.1179
-195.55000 -35.66000 1.50000 -109.8374
-250.94000 -128.50000 1.50000 -231.5264
19.96000 -49.48000 1.50000 -143.1619
-195.55000 -35.66000 1.50000 -149.8604
-250.94000 -128.50000 1.50000 -231.5443
19.96000 -49.48000 1.50000 -143.2056
-195.55000 -35.66000 1.50000 -149.8833
-250.94000 -128.50000 1.50000 -231.5622
19.96000 -49.48000 1.50000 -143.2493
-195.55000 -35.66000 1.50000 -149.9062
-250.94000 -128.50000 1.50000 -231.5801
19.96000 -49.48000 1.50000 -143.2928
-195.55000 -35.66000 1.50000 -149.9290
-250.94000 -128.50000 1.50000 -231.5980
19.96000 -49.48000 1.50000 -143.3361
-195.55000 -35.66000 1.50000 -149.9517
-250.94000 -128.50000 1.50000 -231.6158
19.96000 -49.48000 1.50000 -143.3793
-195.55000 -35.66000 1.50000 -149.9744
-250.94000 -128.50000 1.50000 -231.6336
19.96000 -49.48000 1.50000 -143.4223
-195.55000 -35.66000 1.50000 -149.9970
-250.94000 -128.50000 1.50000 -231.6514
19.96000 -49.48000 1.50000 -143.5079
-195.55000 -35.66000 1.50000 -150.0421
-250.94000 -128.50000 1.50000 -231.6868
19.96000 -49.48000 1.50000 -143.4848
-195.55000 -35.66000 1.50000 -150.0378
-250.94000 -128.50000 1.50000 -231.6800
19.96000 -49.48000 1.50000 -143.4418
-195.55000 -35.66000 1.50000 -150.0153
-250.94000 -128.50000 1.50000 -231.6623
19.96000 -49.48000 1.50000 -143.3987
-195.55000 -35.66000 1.50000 -149.9927
-250.94000 -128.50000 1.50000 -231.6445
19.96000 -49.48000 1.50000 -143.3554
-195.55000 -35.66000 1.50000 -149.9700
-250.94000 -128.50000 1.50000 -231.6267
19.96000 -49.48000 1.50000 -143.2684
-195.55000 -35.66000 1.50000 -149.9246
-250.94000 -128.50000 1.50000 -231.5911
19.96000 -49.48000 1.50000 -143.2247
-195.55000 -35.66000 1.50000 -149.9017
-250.94000 -128.50000 1.50000 -231.5732
19.96000 -49.48000 1.50000 -143.1808
-195.55000 -35.66000 1.50000 -149.8789
-250.94000 -128.50000 1.50000 -231.5553
19.96000 -49.48000 1.50000 -143.1368
-195.55000 -35.66000 1.50000 -149.8559
-250.94000 -128.50000 1.50000 -231.5373
19.96000 -49.48000 1.50000 -143.0926
-195.55000 -35.66000 1.50000 -149.8329
-250.94000 -128.50000 1.50000 -231.5193
19.96000 -49.48000 1.50000 -143.0483
-195.55000 -35.66000 1.50000 -149.8099
-250.94000 -128.50000 1.50000 -231.5013
19.96000 -49.48000 1.50000 -143.0038
-195.55000 -35.66000 1.50000 -149.7868
-250.94000 -128.50000 1.50000 -231.4833
19.96000 -49.48000 1.50000 -142.9592
-195.55000 -35.66000 1.50000 -149.7636
-250.94000 -128.50000 1.50000 -231.4652
19.96000 -49.48000 1.50000 -142.9144
-195.55000 -35.66000 1.50000 -149.7404
-250.94000 -128.50000 1.50000 -231.4471
19.96000 -49.48000 1.50000 -142.8881
-195.55000 -35.66000 1.50000 -149.7358
-250.94000 -128.50000 1.50000 -231.4400
19.96000 -49.48000 1.50000 -142.9332
-195.55000 -35.66000 1.50000 -149.7591
-250.94000 -128.50000 1.50000 -231.4581
19.96000 -49.48000 1.50000 -142.9781
-195.55000 -35.66000 1.50000 -149.7823
-250.94000 -128.50000 1.50000 -231.4762
19.96000 -49.48000 1.50000 -143.0228
-195.55000 -35.66000 1.50000 -149.8054
-250.94000 -128.50000 1.50000 -231.4943
19.96000 -49.48000 1.50000 -143.0674
-195.55000 -35.66000 1.50000 -149.8285
-250.94000 -128.50000 1.50000 -231.5123
19.96000 -49.48000 1.50000 -143.1119
-195.55000 -35.66000 1.50000 -149.8515
-250.94000 -128.50000 1.50000 -231.5303
19.96000 -49.48000 1.50000 -143.1561
-195.55000 -35.66000 1.50000 -149.8745
-250.94000 -128.50000 1.50000 -231.5483
19.96000 -49.48000 1.50000 -143.2442
-195.55000 -35.66000 1.50000 -149.9202
-250.94000 -128.50000 1.50000 -231.5842
19.96000 -49.48000 1.50000 -143.2881
-195.55000 -35.66000 1.50000 -149.9430
-250.94000 -128.50000 1.50000 -231.6021
19.96000 -49.48000 1.50000 -143.3317
-195.55000 -35.66000 1.50000 -149.9657
-250.94000 -128.50000 1.50000 -231.6199
19.96000 -49.48000 1.50000 -143.3082
-195.55000 -35.66000 1.50000 -149.9615
-250.94000 -128.50000 1.50000 -231.6131
19.96000 -49.48000 1.50000 -143.2643
-195.55000 -35.66000 1.50000 -149.9387
-250.94000 -128.50000 1.50000 -231.5952
19.96000 -49.48000 1.50000 -143.2202
-195.55000 -35.66000 1.50000 -149.9159
-250.94000 -128.50000 1.50000 -231.5773
19.96000 -49.48000 1.50000 -143.1760
-195.55000 -35.66000 1.50000 -149.8931
-250.94000 -128.50000 1.50000 -231.5594
19.96000 -49.48000 1.50000 -143.1316
-195.55000 -35.66000 1.50000 -149.8701
-250.94000 -128.50000 1.50000 -231.5414
19.96000 -49.48000 1.50000 -143.0871
-195.55000 -35.66000 1.50000 -149.8472
-250.94000 -128.50000 1.50000 -231.5234
19.96000 -49.48000 1.50000 -142.9975
-195.55000 -35.66000 1.50000 -149.8010
-250.94000 -128.50000 1.50000 -231.4873
19.96000 -49.48000 1.50000 -142.9525
-195.55000 -35.66000 1.50000 -149.7778
-250.94000 -128.50000 1.50000 -231.4692
19.96000 -49.48000 1.50000 -142.9074
-195.55000 -35.66000 1.50000 -149.7546
-250.94000 -128.50000 1.50000 -231.4511
19.96000 -49.48000 1.50000 -142.8620
-195.55000 -35.66000 1.50000 -149.7314
-250.94000 -128.50000 1.50000 -231.4329
19.96000 -49.48000 1.50000 -142.8165
-195.55000 -35.66000 1.50000 -149.7080
-250.94000 -128.50000 1.50000 -231.4147
19.96000 -49.48000 1.50000 -142.7709
-195.55000 -35.66000 1.50000 -149.6846
-250.94000 -128.50000 1.50000 -231.3965
19.96000 -49.48000 1.50000 -142.7251
-195.55000 -35.66000 1.50000 -149.6612
-250.94000 -128.50000 1.50000 -231.3782
19.96000 -49.48000 1.50000 -142.6791
-195.55000 -35.66000 1.50000 -149.6376
-250.94000 -128.50000 1.50000 -231.3599
19.96000 -49.48000 1.50000 -142.6521
-195.55000 -35.66000 1.50000 -149.6331
-250.94000 -128.50000 1.50000 -231.3528
19.96000 -49.48000 1.50000 -142.6983
-195.55000 -35.66000 1.50000 -149.6567
-250.94000 -128.50000 1.50000 -231.3711
19.96000 -49.48000 1.50000 -142.7444
-195.55000 -35.66000 1.50000 -149.6801
-250.94000 -128.50000 1.50000 -231.3894
19.96000 -49.48000 1.50000 -142.7903
-195.55000 -35.66000 1.50000 -149.7036
-250.94000 -128.50000 1.50000 -231.4076
19.96000 -49.48000 1.50000 -142.8361
-195.55000 -35.66000 1.50000 -149.7269
-250.94000 -128.50000 1.50000 -231.4258
19.96000 -49.48000 1.50000 -142.9272
-195.55000 -35.66000 1.50000 -149.7735
-250.94000 -128.50000 1.50000 -231.4622
19.96000 -49.48000 1.50000 -142.9724
-195.55000 -35.66000 1.50000 -149.7967
-250.94000 -128.50000 1.50000 -231.4803
19.96000 -49.48000 1.50000 -143.0175
-195.55000 -35.66000 1.50000 -149.8198
-250.94000 -128.50000 1.50000 -231.4984
19.96000 -49.48000 1.50000 -143.0625
-195.55000 -35.66000 1.50000 -149.8428
-250.94000 -128.50000 1.50000 -231.5165
19.96000 -49.48000 1.50000 -143.1073
-195.55000 -35.66000 1.50000 -149.8658
-250.94000 -128.50000 1.50000 -231.5345
19.96000 -49.48000 1.50000 -143.0831
-195.55000 -35.66000 1.50000 -149.8616
-250.94000 -128.50000 1.50000 -231.5277
19.96000 -49.48000 1.50000 -143.0380
-195.55000 -35.66000 1.50000 -149.8386
-250.94000 -128.50000 1.50000 -231.5096
19.96000 -49.48000 1.50000 -142.9928
-195.55000 -35.66000 1.50000 -149.8155
-250.94000 -128.50000 1.50000 -231.4915
19.96000 -49.48000 1.50000 -142.9475
-195.55000 -35.66000 1.50000 -149.7924
-250.94000 -128.50000 1.50000 -231.4734
19.96000 -49.48000 1.50000 -142.9019
-195.55000 -35.66000 1.50000 -149.7692
-250.94000 -128.50000 1.50000 -231.4552
19.96000 -49.48000 1.50000 -142.8562
-195.55000 -35.66000 1.50000 -149.7459
-250.94000 -128.50000 1.50000 -231.4370
19.96000 -49.48000 1.50000 -142.8103
-195.55000 -35.66000 1.50000 -149.7226
-250.94000 -128.50000 1.50000 -231.4188
19.96000 -49.48000 1.50000 -142.7181
-195.55000 -35.66000 1.50000 -149.6758
-250.94000 -128.50000 1.50000 -231.3823
19.96000 -49.48000 1.50000 -142.6717
-195.55000 -35.66000 1.50000 -149.6522
-250.94000 -128.50000 1.50000 -231.3640
19.96000 -49.48000 1.50000 -142.6252
-195.55000 -35.66000 1.50000 -149.6287
-250.94000 -128.50000 1.50000 -231.3456
19.96000 -49.48000 1.50000 -142.5785
-195.55000 -35.66000 1.50000 -149.6050
-250.94000 -128.50000 1.50000 -231.3272
19.96000 -49.48000 1.50000 -142.5316
-195.55000 -35.66000 1.50000 -149.5813
-250.94000 -128.50000 1.50000 -231.3088
19.96000 -49.48000 1.50000 -142.4846
-195.55000 -35.66000 1.50000 -149.5576
-250.94000 -128.50000 1.50000 -231.2903
19.96000 -49.48000 1.50000 -142.4570
-195.55000 -35.66000 1.50000 -149.5531
-250.94000 -128.50000 1.50000 -231.2831
19.96000 -49.48000 1.50000 -142.5043
-195.55000 -35.66000 1.50000 -149.5769
-250.94000 -128.50000 1.50000 -231.3016
19.96000 -49.48000 1.50000 -142.5515
-195.55000 -35.66000 1.50000 -149.6006
-250.94000 -128.50000 1.50000 -231.3201
19.96000 -49.48000 1.50000 -142.6453
-195.55000 -35.66000 1.50000 -149.6479
-250.94000 -128.50000 1.50000 -231.3569
19.96000 -49.48000 1.50000 -142.6920
-195.55000 -35.66000 1.50000 -149.6714
-250.94000 -128.50000 1.50000 -231.3752
19.96000 -49.48000 1.50000 -142.7384
-195.55000 -35.66000 1.50000 -149.6949
-250.94000 -128.50000 1.50000 -231.3935
19.96000 -49.48000 1.50000 -142.7848
-195.55000 -35.66000 1.50000 -149.7183
-250.94000 -128.50000 1.50000 -231.4118
19.96000 -49.48000 1.50000 -142.8309
-195.55000 -35.66000 1.50000 -149.7416
-250.94000 -128.50000 1.50000 -231.4301
19.96000 -49.48000 1.50000 -142.8769
-195.55000 -35.66000 1.50000 -149.7649
-250.94000 -128.50000 1.50000 -231.4483
19.96000 -49.48000 1.50000 -142.9227
-195.55000 -35.66000 1.50000 -149.7881
-250.94000 -128.50000 1.50000 -231.4665
19.96000 -49.48000 1.50000 -142.9683
-195.55000 -35.66000 1.50000 -149.8113
-250.94000 -128.50000 1.50000 -231.4846
19.96000 -49.48000 1.50000 -142.9439
-195.55000 -35.66000 1.50000 -149.8072
-250.94000 -128.50000 1.50000 -231.4778
19.96000 -49.48000 1.50000 -142.8980
-195.55000 -35.66000 1.50000 -149.7840
-250.94000 -128.50000 1.50000 -231.4596
19.96000 -49.48000 1.50000 -142.8520
-195.55000 -35.66000 1.50000 -149.7607
-250.94000 -128.50000 1.50000 -231.4414
19.96000 -49.48000 1.50000 -142.8058
-195.55000 -35.66000 1.50000 -149.7374
-250.94000 -128.50000 1.50000 -231.4231
19.96000 -49.48000 1.50000 -142.7593
-195.55000 -35.66000 1.50000 -149.7140
-250.94000 -128.50000 1.50000 -231.4049
19.96000 -49.48000 1.50000 -142.7128
-195.55000 -35.66000 1.50000 -149.6906
-250.94000 -128.50000 1.50000 -231.3866
19.96000 -49.48000 1.50000 -142.6660
-195.55000 -35.66000 1.50000 -149.6671
-250.94000 -128.50000 1.50000 -231.3682
19.96000 -49.48000 1.50000 -142.6191
-195.55000 -35.66000 1.50000 -149.6436
-250.94000 -128.50000 1.50000 -231.3498
19.96000 -49.48000 1.50000 -142.5719
-195.55000 -35.66000 1.50000 -149.6199
-250.94000 -128.50000 1.50000 -231.3314
19.96000 -49.48000 1.50000 -142.5247
-195.55000 -35.66000 1.50000 -149.5963
-250.94000 -128.50000 1.50000 -231.3130
19.96000 -49.48000 1.50000 -142.4296
-195.55000 -35.66000 1.50000 -149.5487
-250.94000 -128.50000 1.50000 -231.2760
19.96000 -49.48000 1.50000 -142.3817
-195.55000 -35.66000 1.50000 -149.5249
-250.94000 -128.50000 1.50000 -231.2574
19.96000 -49.48000 1.50000 -142.3338
-195.55000 -35.66000 1.50000 -149.5009
-250.94000 -128.50000 1.50000 -231.2388
19.96000 -49.48000 1.50000 -142.2856
-195.55000 -35.66000 1.50000 -149.4769
-250.94000 -128.50000 1.50000 -231.2202
19.96000 -49.48000 1.50000 -142.2574
-195.55000 -35.66000 1.50000 -149.4725
-250.94000 -128.50000 1.50000 -231.2130
19.96000 -49.48000 1.50000 -142.3542
-195.55000 -35.66000 1.50000 -149.5205
-250.94000 -128.50000 1.50000 -231.2503
19.96000 -49.48000 1.50000 -142.4023
-195.55000 -35.66000 1.50000 -149.5444
-250.94000 -128.50000 1.50000 -231.2688
19.96000 -49.48000 1.50000 -142.4503
-195.55000 -35.66000 1.50000 -149.5682
-250.94000 -128.50000 1.50000 -231.2874
19.96000 -49.48000 1.50000 -142.4980
-195.55000 -35.66000 1.50000 -149.5920
-250.94000 -128.50000 1.50000 -231.3059
19.96000 -49.48000 1.50000 -142.5456
-195.55000 -35.66000 1.50000 -149.6157
-250.94000 -128.50000 1.50000 -231.3244
19.96000 -49.48000 1.50000 -142.5930
-195.55000 -35.66000 1.50000 -149.6393
-250.94000 -128.50000 1.50000 -231.3428
19.96000 -49.48000 1.50000 -142.6402
-195.55000 -35.66000 1.50000 -149.6629
-250.94000 -128.50000 1.50000 -231.3612
19.96000 -49.48000 1.50000 -142.6872
-195.55000 -35.66000 1.50000 -149.6864
-250.94000 -128.50000 1.50000 -231.3796
19.96000 -49.48000 1.50000 -142.7341
-195.55000 -35.66000 1.50000 -149.7099
-250.94000 -128.50000 1.50000 -231.3979
19.96000 -49.48000 1.50000 -142.7090
-195.55000 -35.66000 1.50000 -149.7057
-250.94000 -128.50000 1.50000 -231.3910
19.96000 -49.48000 1.50000 -142.6619
-195.55000 -35.66000 1.50000 -149.6823
-250.94000 -128.50000 1.50000 -231.3727
19.96000 -49.48000 1.50000 -142.6146
-195.55000 -35.66000 1.50000 -149.6587
-250.94000 -128.50000 1.50000 -231.3543
19.96000 -49.48000 1.50000 -142.5671
-195.55000 -35.66000 1.50000 -149.6351
-250.94000 -128.50000 1.50000 -231.3358
19.96000 -49.48000 1.50000 -142.5194
-195.55000 -35.66000 1.50000 -149.6115
-250.94000 -128.50000 1.50000 -231.3174
19.96000 -49.48000 1.50000 -142.4715
-195.55000 -35.66000 1.50000 -149.5877
-250.94000 -128.50000 1.50000 -231.2988
19.96000 -49.48000 1.50000 -142.4235
-195.55000 -35.66000 1.50000 -149.5639
-250.94000 -128.50000 1.50000 -231.2803
19.96000 -49.48000 1.50000 -142.3753
-195.55000 -35.66000 1.50000 -149.5401
-250.94000 -128.50000 1.50000 -231.2617
19.96000 -49.48000 1.50000 -142.3268
-195.55000 -35.66000 1.50000 -149.5162
-250.94000 -128.50000 1.50000 -231.2431
19.96000 -49.48000 1.50000 -142.2782
-195.55000 -35.66000 1.50000 -149.4922
-250.94000 -128.50000 1.50000 -231.2245
19.96000 -49.48000 1.50000 -142.2294
-195.55000 -35.66000 1.50000 -149.4682
-250.94000 -128.50000 1.50000 -231.2058
19.96000 -49.48000 1.50000 -142.1805
-195.55000 -35.66000 1.50000 -149.4441
-250.94000 -128.50000 1.50000 -231.1871
19.96000 -49.48000 1.50000 -142.1029
-195.55000 -35.66000 1.50000 -149.4156
-250.94000 -128.50000 1.50000 -231.1611
19.96000 -49.48000 1.50000 -142.1523
-195.55000 -35.66000 1.50000 -149.4398
-250.94000 -128.50000 1.50000 -231.1799
19.96000 -49.48000 1.50000 -142.2016
-195.55000 -35.66000 1.50000 -149.4639
-250.94000 -128.50000 1.50000 -231.1986
19.96000 -49.48000 1.50000 -142.2507
-195.55000 -35.66000 1.50000 -149.4879
-250.94000 -128.50000 1.50000 -231.2173
19.96000 -49.48000 1.50000 -142.2997
-195.55000 -35.66000 1.50000 -149.5119
-250.94000 -128.50000 1.50000 -231.2360
19.96000 -49.48000 1.50000 -142.3484
-195.55000 -35.66000 1.50000 -149.5359
-250.94000 -128.50000 1.50000 -231.2547
19.96000 -49.48000 1.50000 -142.3969
-195.55000 -35.66000 1.50000 -149.5598
-250.94000 -128.50000 1.50000 -231.2733
19.96000 -49.48000 1.50000 -142.4453
-195.55000 -35.66000 1.50000 -149.5836
-250.94000 -128.50000 1.50000 -231.2918
19.96000 -49.48000 1.50000 -142.4934
-195.55000 -35.66000 1.50000 -149.6073
-250.94000 -128.50000 1.50000 -231.3104
19.96000 -49.48000 1.50000 -142.5414
-195.55000 -35.66000 1.50000 -149.6310
-250.94000 -128.50000 1.50000 -231.3289
19.96000 -49.48000 1.50000 -142.5159
-195.55000 -35.66000 1.50000 -149.6270
-250.94000 -128.50000 1.50000 -231.3220
19.96000 -49.48000 1.50000 -142.4676
-195.55000 -35.66000 1.50000 -149.6032
-250.94000 -128.50000 1.50000 -231.3034
19.96000 -49.48000 1.50000 -142.4192
-195.55000 -35.66000 1.50000 -149.5795
-250.94000 -128.50000 1.50000 -231.2849
19.96000 -49.48000 1.50000 -142.3705
-195.55000 -35.66000 1.50000 -149.5556
-250.94000 -128.50000 1.50000 -231.2663
19.96000 -49.48000 1.50000 -142.3217
-195.55000 -35.66000 1.50000 -149.5317
-250.94000 -128.50000 1.50000 -231.2476
19.96000 -49.48000 1.50000 -142.2727
-195.55000 -35.66000 1.50000 -149.5078
-250.94000 -128.50000 1.50000 -231.2290
19.96000 -49.48000 1.50000 -142.2234
-195.55000 -35.66000 1.50000 -149.4837
-250.94000 -128.50000 1.50000 -231.2103
19.96000 -49.48000 1.50000 -142.1740
-195.55000 -35.66000 1.50000 -149.4597
-250.94000 -128.50000 1.50000 -231.1915
19.96000 -49.48000 1.50000 -142.1244
-195.55000 -35.66000 1.50000 -149.4355
-250.94000 -128.50000 1.50000 -231.1727