19.96000 -49.48000 1.50000 -84.1895
-195.55000 -35.66000 1.50000 -130.4543
-250.94000 -128.50000 1.50000 -171.9801
19.96000 -49.48000 1.50000 -84.2305
-195.55000 -35.66000 1.50000 -130.4758
-250.94000 -128.50000 1.50000 -171.9974
19.96000 -49.48000 1.50000 -84.2132
-195.55000 -35.66000 1.50000 -130.4724
-250.94000 -128.50000 1.50000 -171.9915
19.96000 -49.48000 1.50000 -84.1720
-195.55000 -35.66000 1.50000 -130.4509
-250.94000 -128.50000 1.50000 -171.9742
19.96000 -49.48000 1.50000 -84.1307
-195.55000 -35.66000 1.50000 -130.4293
-250.94000 -128.50000 1.50000 -171.9568
19.96000 -49.48000 1.50000 -84.0891
-195.55000 -35.66000 1.50000 -130.4077
-250.94000 -128.50000 1.50000 -171.9395
19.96000 -49.48000 1.50000 -84.0715
-195.55000 -35.66000 1.50000 -130.4043
-250.94000 -128.50000 1.50000 -171.9335
19.96000 -49.48000 1.50000 -84.1132
-195.55000 -35.66000 1.50000 -130.4260
-250.94000 -128.50000 1.50000 -171.9509
19.96000 -49.48000 1.50000 -124.1547
-195.55000 -35.66000 1.50000 -130.4476
-250.94000 -128.50000 1.50000 -171.9682
19.96000 -49.48000 1.50000 -84.1961
-195.55000 -35.66000 1.50000 -130.4691
-250.94000 -128.50000 1.50000 -171.9856
19.96000 -49.48000 1.50000 -84.2373
-195.55000 -35.66000 1.50000 -130.4906
-250.94000 -128.50000 1.50000 -172.0029
19.96000 -49.48000 1.50000 -84.2205
-195.55000 -35.66000 1.50000 -130.4874
-250.94000 -128.50000 1.50000 -171.9970
19.96000 -49.48000 1.50000 -84.1791
-195.55000 -35.66000 1.50000 -130.4659
-250.94000 -128.50000 1.50000 -171.9797
19.96000 -49.48000 1.50000 -84.1376
-195.55000 -35.66000 1.50000 -130.4443
-250.94000 -128.50000 1.50000 -171.9624
19.96000 -49.48000 1.50000 -84.0959
-195.55000 -35.66000 1.50000 -130.4227
-250.94000 -128.50000 1.50000 -171.9450
19.96000 -49.48000 1.50000 -124.0541
-195.55000 -35.66000 1.50000 -130.4010
-250.94000 -128.50000 1.50000 -171.9276
19.96000 -49.48000 1.50000 -84.0120
-195.55000 -35.66000 1.50000 -130.3793
-250.94000 -128.50000 1.50000 -171.9101
19.96000 -49.48000 1.50000 -83.9699
-195.55000 -35.66000 1.50000 -130.3575
-250.94000 -128.50000 1.50000 -171.8926
19.96000 -49.48000 1.50000 -83.9275
-195.55000 -35.66000 1.50000 -130.3357
-250.94000 -128.50000 1.50000 -171.8751
19.96000 -49.48000 1.50000 -123.9097
-195.55000 -35.66000 1.50000 -130.3324
-250.94000 -128.50000 1.50000 -171.8691
19.96000 -49.48000 1.50000 -83.9522
-195.55000 -35.66000 1.50000 -130.3543
-250.94000 -128.50000 1.50000 -171.8867
19.96000 -49.48000 1.50000 -83.9946
-195.55000 -35.66000 1.50000 -130.3761
-250.94000 -128.50000 1.50000 -171.9042
19.96000 -49.48000 1.50000 -84.0368
-195.55000 -35.66000 1.50000 -130.3978
-250.94000 -128.50000 1.50000 -171.9216
19.96000 -49.48000 1.50000 -84.0788
-195.55000 -35.66000 1.50000 -130.4195
-250.94000 -128.50000 1.50000 -171.9391
19.96000 -49.48000 1.50000 -84.1207
-195.55000 -35.66000 1.50000 -130.4411
-250.94000 -128.50000 1.50000 -171.9565
19.96000 -49.48000 1.50000 -84.1624
-195.55000 -35.66000 1.50000 -130.4627
-250.94000 -128.50000 1.50000 -171.9739
19.96000 -49.48000 1.50000 -124.2039
-195.55000 -35.66000 1.50000 -130.4843
-250.94000 -128.50000 1.50000 -171.9912
19.96000 -49.48000 1.50000 -124.2452
-195.55000 -35.66000 1.50000 -130.5057
-250.94000 -128.50000 1.50000 -172.0085
19.96000 -49.48000 1.50000 -124.2289
-195.55000 -35.66000 1.50000 -130.5026
-250.94000 -128.50000 1.50000 -172.0028
19.96000 -49.48000 1.50000 -124.1874
-195.55000 -35.66000 1.50000 -130.4811
-250.94000 -128.50000 1.50000 -171.9854
19.96000 -49.48000 1.50000 -124.1457
-195.55000 -35.66000 1.50000 -130.4596
-250.94000 -128.50000 1.50000 -171.9681
19.96000 -49.48000 1.50000 -124.1039
-195.55000 -35.66000 1.50000 -130.4380
-250.94000 -128.50000 1.50000 -171.9507
19.96000 -49.48000 1.50000 -84.0619
-195.55000 -35.66000 1.50000 -130.4163
-250.94000 -128.50000 1.50000 -171.9332
19.96000 -49.48000 1.50000 -84.0197
-195.55000 -35.66000 1.50000 -130.3946
-250.94000 -128.50000 1.50000 -171.9158
19.96000 -49.48000 1.50000 -83.9773
-195.55000 -35.66000 1.50000 -130.3729
-250.94000 -128.50000 1.50000 -171.8983
19.96000 -49.48000 1.50000 -83.9348
-195.55000 -35.66000 1.50000 -130.3511
-250.94000 -128.50000 1.50000 -171.8807
19.96000 -49.48000 1.50000 -83.8921
-195.55000 -35.66000 1.50000 -130.3292
-250.94000 -128.50000 1.50000 -171.8632
19.96000 -49.48000 1.50000 -83.8492
-195.55000 -35.66000 1.50000 -130.3073
-250.94000 -128.50000 1.50000 -171.8456
19.96000 -49.48000 1.50000 -123.8062
-195.55000 -35.66000 1.50000 -130.2853
-250.94000 -128.50000 1.50000 -171.8280
19.96000 -49.48000 1.50000 -83.7630
-195.55000 -35.66000 1.50000 -130.2633
-250.94000 -128.50000 1.50000 -171.8103
19.96000 -49.48000 1.50000 -83.7450
-195.55000 -35.66000 1.50000 -130.2601
-250.94000 -128.50000 1.50000 -171.8043
19.96000 -49.48000 1.50000 -83.7884
-195.55000 -35.66000 1.50000 -130.2821
-250.94000 -128.50000 1.50000 -171.8220
19.96000 -49.48000 1.50000 -83.8316
-195.55000 -35.66000 1.50000 -130.3041
-250.94000 -128.50000 1.50000 -171.8397
19.96000 -49.48000 1.50000 -83.8747
-195.55000 -35.66000 1.50000 -130.3260
-250.94000 -128.50000 1.50000 -171.8573
19.96000 -49.48000 1.50000 -83.9175
-195.55000 -35.66000 1.50000 -130.3479
-250.94000 -128.50000 1.50000 -171.8748
19.96000 -49.48000 1.50000 -83.9602
-195.55000 -35.66000 1.50000 -130.3697
-250.94000 -128.50000 1.50000 -171.8924
19.96000 -49.48000 1.50000 -124.0027
-195.55000 -35.66000 1.50000 -130.3915
-250.94000 -128.50000 1.50000 -171.9099
19.96000 -49.48000 1.50000 -124.0451
-195.55000 -35.66000 1.50000 -130.4132
-250.94000 -128.50000 1.50000 -171.9274
19.96000 -49.48000 1.50000 -124.0873
-195.55000 -35.66000 1.50000 -130.4349
-250.94000 -128.50000 1.50000 -171.9449
19.96000 -49.48000 1.50000 -124.1293
-195.55000 -35.66000 1.50000 -130.4565
-250.94000 -128.50000 1.50000 -171.9623
19.96000 -49.48000 1.50000 -124.1711
-195.55000 -35.66000 1.50000 -130.4781
-250.94000 -128.50000 1.50000 -171.9797
19.96000 -49.48000 1.50000 -124.1550
-195.55000 -35.66000 1.50000 -170.4751
-250.94000 -128.50000 1.50000 -171.9740
19.96000 -49.48000 1.50000 -124.1130
-195.55000 -35.66000 1.50000 -170.4535
-250.94000 -128.50000 1.50000 -171.9566
19.96000 -49.48000 1.50000 -124.0708
-195.55000 -35.66000 1.50000 -170.4319
-250.94000 -128.50000 1.50000 -171.9391
19.96000 -49.48000 1.50000 -124.0285
-195.55000 -35.66000 1.50000 -170.4102
-250.94000 -128.50000 1.50000 -171.9216
19.96000 -49.48000 1.50000 -123.9860
-195.55000 -35.66000 1.50000 -170.3884
-250.94000 -128.50000 1.50000 -171.9041
19.96000 -49.48000 1.50000 -123.9433
-195.55000 -35.66000 1.50000 -130.3666
-250.94000 -128.50000 1.50000 -171.8866
19.96000 -49.48000 1.50000 -83.9004
-195.55000 -35.66000 1.50000 -130.3448
-250.94000 -128.50000 1.50000 -171.8690
19.96000 -49.48000 1.50000 -83.8574
-195.55000 -35.66000 1.50000 -130.3229
-250.94000 -128.50000 1.50000 -171.8514
19.96000 -49.48000 1.50000 -83.8142
-195.55000 -35.66000 1.50000 -130.3010
-250.94000 -128.50000 1.50000 -171.8337
19.96000 -49.48000 1.50000 -83.7708
-195.55000 -35.66000 1.50000 -130.2789
-250.94000 -128.50000 1.50000 -171.8161
19.96000 -49.48000 1.50000 -83.7272
-195.55000 -35.66000 1.50000 -130.2569
-250.94000 -128.50000 1.50000 -171.7984
19.96000 -49.48000 1.50000 -83.6835
-195.55000 -35.66000 1.50000 -130.2348
-250.94000 -128.50000 1.50000 -171.7806
19.96000 -49.48000 1.50000 -83.6395
-195.55000 -35.66000 1.50000 -130.2126
-250.94000 -128.50000 1.50000 -171.7629
19.96000 -49.48000 1.50000 -83.5954
-195.55000 -35.66000 1.50000 -130.1904
-250.94000 -128.50000 1.50000 -171.7451
19.96000 -49.48000 1.50000 -83.5773
-195.55000 -35.66000 1.50000 -130.1872
-250.94000 -128.50000 1.50000 -171.7391
19.96000 -49.48000 1.50000 -83.6216
-195.55000 -35.66000 1.50000 -130.2095
-250.94000 -128.50000 1.50000 -171.7569
19.96000 -49.48000 1.50000 -83.6657
-195.55000 -35.66000 1.50000 -170.2316
-250.94000 -128.50000 1.50000 -171.7747
19.96000 -49.48000 1.50000 -83.7096
-195.55000 -35.66000 1.50000 -170.2538
-250.94000 -128.50000 1.50000 -171.7924
19.96000 -49.48000 1.50000 -83.7534
-195.55000 -35.66000 1.50000 -170.2758
-250.94000 -128.50000 1.50000 -171.8102
19.96000 -49.48000 1.50000 -83.7969
-195.55000 -35.66000 1.50000 -170.2979
-250.94000 -128.50000 1.50000 -171.8279
19.96000 -49.48000 1.50000 -123.8403
-195.55000 -35.66000 1.50000 -170.3198
-250.94000 -128.50000 1.50000 -171.8455
19.96000 -49.48000 1.50000 -123.8835
-195.55000 -35.66000 1.50000 -170.3418
-250.94000 -128.50000 1.50000 -171.8632
19.96000 -49.48000 1.50000 -123.9266
-195.55000 -35.66000 1.50000 -170.3636
-250.94000 -128.50000 1.50000 -171.8808
19.96000 -49.48000 1.50000 -123.9694
-195.55000 -35.66000 1.50000 -170.3854
-250.94000 -128.50000 1.50000 -171.8983
19.96000 -49.48000 1.50000 -124.0121
-195.55000 -35.66000 1.50000 -170.4072
-250.94000 -128.50000 1.50000 -171.9159
19.96000 -49.48000 1.50000 -123.9959
-195.55000 -35.66000 1.50000 -170.4042
-250.94000 -128.50000 1.50000 -171.9101
19.96000 -49.48000 1.50000 -123.9530
-195.55000 -35.66000 1.50000 -170.3824
-250.94000 -128.50000 1.50000 -171.8926
19.96000 -49.48000 1.50000 -123.9100
-195.55000 -35.66000 1.50000 -170.3606
-250.94000 -128.50000 1.50000 -171.8750
19.96000 -49.48000 1.50000 -123.8668
-195.55000 -35.66000 1.50000 -170.3388
-250.94000 -128.50000 1.50000 -171.8574
19.96000 -49.48000 1.50000 -123.8234
-195.55000 -35.66000 1.50000 -170.3168
-250.94000 -128.50000 1.50000 -171.8397
19.96000 -49.48000 1.50000 -123.7799
-195.55000 -35.66000 1.50000 -170.2948
-250.94000 -128.50000 1.50000 -171.8220
19.96000 -49.48000 1.50000 -83.7361
-195.55000 -35.66000 1.50000 -170.2728
-250.94000 -128.50000 1.50000 -171.8043
19.96000 -49.48000 1.50000 -83.6922
-195.55000 -35.66000 1.50000 -170.2507
-250.94000 -128.50000 1.50000 -171.7866
19.96000 -49.48000 1.50000 -83.6481
-195.55000 -35.66000 1.50000 -170.2286
-250.94000 -128.50000 1.50000 -171.7688
19.96000 -49.48000 1.50000 -83.6038
-195.55000 -35.66000 1.50000 -170.2064
-250.94000 -128.50000 1.50000 -171.7510
19.96000 -49.48000 1.50000 -83.5593
-195.55000 -35.66000 1.50000 -170.1841
-250.94000 -128.50000 1.50000 -171.7331
19.96000 -49.48000 1.50000 -83.5146
-195.55000 -35.66000 1.50000 -170.1618
-250.94000 -128.50000 1.50000 -171.7152
19.96000 -49.48000 1.50000 -83.4698
-195.55000 -35.66000 1.50000 -170.1394
-250.94000 -128.50000 1.50000 -171.6973
19.96000 -49.48000 1.50000 -83.4247
-195.55000 -35.66000 1.50000 -170.1170
-250.94000 -128.50000 1.50000 -171.6794
19.96000 -49.48000 1.50000 -83.4064
-195.55000 -35.66000 1.50000 -170.1139
-250.94000 -128.50000 1.50000 -171.6734
19.96000 -49.48000 1.50000 -83.4516
-195.55000 -35.66000 1.50000 -170.1364
-250.94000 -128.50000 1.50000 -171.6913
19.96000 -49.48000 1.50000 -83.4967
-195.55000 -35.66000 1.50000 -170.1587
-250.94000 -128.50000 1.50000 -171.7093
19.96000 -49.48000 1.50000 -83.5416
-195.55000 -35.66000 1.50000 -170.1811
-250.94000 -128.50000 1.50000 -171.7272
19.96000 -49.48000 1.50000 -83.5862
-195.55000 -35.66000 1.50000 -170.2033
-250.94000 -128.50000 1.50000 -171.7451
19.96000 -49.48000 1.50000 -83.6307
-195.55000 -35.66000 1.50000 -170.2256
-250.94000 -128.50000 1.50000 -171.7629
19.96000 -49.48000 1.50000 -123.6750
-195.55000 -35.66000 1.50000 -170.2477
-250.94000 -128.50000 1.50000 -171.7807
19.96000 -49.48000 1.50000 -123.7191
-195.55000 -35.66000 1.50000 -170.2698
-250.94000 -128.50000 1.50000 -171.7985
19.96000 -49.48000 1.50000 -123.7630
-195.55000 -35.66000 1.50000 -170.2919
-250.94000 -128.50000 1.50000 -171.8162
19.96000 -49.48000 1.50000 -123.8067
-195.55000 -35.66000 1.50000 -170.3139
-250.94000 -128.50000 1.50000 -171.8339
19.96000 -49.48000 1.50000 -123.8503
-195.55000 -35.66000 1.50000 -170.3358
-250.94000 -128.50000 1.50000 -171.8516
19.96000 -49.48000 1.50000 -123.8339
-195.55000 -35.66000 1.50000 -170.3329
-250.94000 -128.50000 1.50000 -171.8459
19.96000 -49.48000 1.50000 -123.7902
-195.55000 -35.66000 1.50000 -170.3110
-250.94000 -128.50000 1.50000 -171.8282
19.96000 -49.48000 1.50000 -123.7463
-195.55000 -35.66000 1.50000 -170.2890
-250.94000 -128.50000 1.50000 -171.8104
19.96000 -49.48000 1.50000 -123.7022
-195.55000 -35.66000 1.50000 -170.2669
-250.94000 -128.50000 1.50000 -171.7927
19.96000 -49.48000 1.50000 -123.6580
-195.55000 -35.66000 1.50000 -170.2448
-250.94000 -128.50000 1.50000 -171.7749
19.96000 -49.48000 1.50000 -123.6135
-195.55000 -35.66000 1.50000 -170.2226
-250.94000 -128.50000 1.50000 -171.7570
19.96000 -49.48000 1.50000 -83.5689
-195.55000 -35.66000 1.50000 -170.2004
-250.94000 -128.50000 1.50000 -171.7392
19.96000 -49.48000 1.50000 -83.5240
-195.55000 -35.66000 1.50000 -170.1781
-250.94000 -128.50000 1.50000 -171.7213
19.96000 -49.48000 1.50000 -83.4790
-195.55000 -35.66000 1.50000 -170.1557
-250.94000 -128.50000 1.50000 -171.7034
19.96000 -49.48000 1.50000 -83.4337
-195.55000 -35.66000 1.50000 -170.1333
-250.94000 -128.50000 1.50000 -171.6854
19.96000 -49.48000 1.50000 -83.3883
-195.55000 -35.66000 1.50000 -170.1109
-250.94000 -128.50000 1.50000 -171.6674
19.96000 -49.48000 1.50000 -83.3427
-195.55000 -35.66000 1.50000 -170.0884
-250.94000 -128.50000 1.50000 -171.6494
19.96000 -49.48000 1.50000 -83.2968
-195.55000 -35.66000 1.50000 -170.0658
-250.94000 -128.50000 1.50000 -171.6313
19.96000 -49.48000 1.50000 -83.2508
-195.55000 -35.66000 1.50000 -170.0432
-250.94000 -128.50000 1.50000 -171.6132
19.96000 -49.48000 1.50000 -83.2323
-195.55000 -35.66000 1.50000 -170.0401
-250.94000 -128.50000 1.50000 -171.6072
19.96000 -49.48000 1.50000 -83.2785
-195.55000 -35.66000 1.50000 -170.0628
-250.94000 -128.50000 1.50000 -171.6253
19.96000 -49.48000 1.50000 -83.3246
-195.55000 -35.66000 1.50000 -170.0854
-250.94000 -128.50000 1.50000 -171.6434
19.96000 -49.48000 1.50000 -83.3704
-195.55000 -35.66000 1.50000 -170.1079
-250.94000 -128.50000 1.50000 -171.6615
19.96000 -49.48000 1.50000 -83.4160
-195.55000 -35.66000 1.50000 -170.1304
-250.94000 -128.50000 1.50000 -171.6795
19.96000 -49.48000 1.50000 -83.4614
-195.55000 -35.66000 1.50000 -170.1528
-250.94000 -128.50000 1.50000 -171.6974
19.96000 -49.48000 1.50000 -123.5067
-195.55000 -35.66000 1.50000 -170.1751
-250.94000 -128.50000 1.50000 -171.7154
19.96000 -49.48000 1.50000 -123.5517
-195.55000 -35.66000 1.50000 -170.1974
-250.94000 -128.50000 1.50000 -171.7333
19.96000 -49.48000 1.50000 -123.5965
-195.55000 -35.66000 1.50000 -170.2197
-250.94000 -128.50000 1.50000 -171.7512
19.96000 -49.48000 1.50000 -123.6411
-195.55000 -35.66000 1.50000 -170.2419
-250.94000 -128.50000 1.50000 -171.7691
19.96000 -49.48000 1.50000 -123.6856
-195.55000 -35.66000 1.50000 -170.2640
-250.94000 -128.50000 1.50000 -171.7869
19.96000 -49.48000 1.50000 -123.6691
-195.55000 -35.66000 1.50000 -170.2612
-250.94000 -128.50000 1.50000 -211.7812
19.96000 -49.48000 1.50000 -123.6245
-195.55000 -35.66000 1.50000 -170.2390
-250.94000 -128.50000 1.50000 -211.7633
19.96000 -49.48000 1.50000 -123.5797
-195.55000 -35.66000 1.50000 -170.2168
-250.94000 -128.50000 1.50000 -171.7454
19.96000 -49.48000 1.50000 -123.5347
-195.55000 -35.66000 1.50000 -170.1946
-250.94000 -128.50000 1.50000 -171.7275
19.96000 -49.48000 1.50000 -123.4895
-195.55000 -35.66000 1.50000 -170.1723
-250.94000 -128.50000 1.50000 -171.7096
19.96000 -49.48000 1.50000 -123.4441
-195.55000 -35.66000 1.50000 -170.1499
-250.94000 -128.50000 1.50000 -171.6916
19.96000 -49.48000 1.50000 -83.3985
-195.55000 -35.66000 1.50000 -170.1275
-250.94000 -128.50000 1.50000 -171.6736
19.96000 -49.48000 1.50000 -83.3527
-195.55000 -35.66000 1.50000 -170.1050
-250.94000 -128.50000 1.50000 -171.6555
19.96000 -49.48000 1.50000 -83.3067
-195.55000 -35.66000 1.50000 -170.0824
-250.94000 -128.50000 1.50000 -171.6375
19.96000 -49.48000 1.50000 -83.2605
-195.55000 -35.66000 1.50000 -170.0598
-250.94000 -128.50000 1.50000 -171.6194
19.96000 -49.48000 1.50000 -83.2140
-195.55000 -35.66000 1.50000 -170.0372
-250.94000 -128.50000 1.50000 -171.6012
19.96000 -49.48000 1.50000 -83.1674
-195.55000 -35.66000 1.50000 -170.0145
-250.94000 -128.50000 1.50000 -171.5830
19.96000 -49.48000 1.50000 -83.1206
-195.55000 -35.66000 1.50000 -169.9917
-250.94000 -128.50000 1.50000 -171.5648
19.96000 -49.48000 1.50000 -83.0735
-195.55000 -35.66000 1.50000 -169.9688
-250.94000 -128.50000 1.50000 -171.5466
19.96000 -49.48000 1.50000 -83.0263
-195.55000 -35.66000 1.50000 -169.9459
-250.94000 -128.50000 1.50000 -171.5283
19.96000 -49.48000 1.50000 -83.0074
-195.55000 -35.66000 1.50000 -169.9430
-250.94000 -128.50000 1.50000 -171.5222
19.96000 -49.48000 1.50000 -83.0549
-195.55000 -35.66000 1.50000 -169.9659
-250.94000 -128.50000 1.50000 -171.5405
19.96000 -49.48000 1.50000 -83.1021
-195.55000 -35.66000 1.50000 -169.9887
-250.94000 -128.50000 1.50000 -171.5588
19.96000 -49.48000 1.50000 -83.1492
-195.55000 -35.66000 1.50000 -170.0115
-250.94000 -128.50000 1.50000 -171.5771
19.96000 -49.48000 1.50000 -83.1960
-195.55000 -35.66000 1.50000 -170.0343
-250.94000 -128.50000 1.50000 -171.5953
19.96000 -49.48000 1.50000 -83.2426
-195.55000 -35.66000 1.50000 -170.0569
-250.94000 -128.50000 1.50000 -171.6134
19.96000 -49.48000 1.50000 -83.2890
-195.55000 -35.66000 1.50000 -170.0795
-250.94000 -128.50000 1.50000 -171.6316
19.96000 -49.48000 1.50000 -123.3352
-195.55000 -35.66000 1.50000 -170.1021
-250.94000 -128.50000 1.50000 -171.6497
19.96000 -49.48000 1.50000 -123.3812
-195.55000 -35.66000 1.50000 -170.1246
-250.94000 -128.50000 1.50000 -171.6677
19.96000 -49.48000 1.50000 -123.4270
-195.55000 -35.66000 1.50000 -170.1471
-250.94000 -128.50000 1.50000 -171.6858
19.96000 -49.48000 1.50000 -123.4726
-195.55000 -35.66000 1.50000 -170.1694
-250.94000 -128.50000 1.50000 -211.7038
19.96000 -49.48000 1.50000 -123.5179
-195.55000 -35.66000 1.50000 -170.1918
-250.94000 -128.50000 1.50000 -211.7217
19.96000 -49.48000 1.50000 -123.5014
-195.55000 -35.66000 1.50000 -170.1890
-250.94000 -128.50000 1.50000 -211.7160
19.96000 -49.48000 1.50000 -123.4558
-195.55000 -35.66000 1.50000 -170.1667
-250.94000 -128.50000 1.50000 -211.6980
19.96000 -49.48000 1.50000 -123.4101
-195.55000 -35.66000 1.50000 -170.1443
-250.94000 -128.50000 1.50000 -211.6800
19.96000 -49.48000 1.50000 -123.3641
-195.55000 -35.66000 1.50000 -170.1218
-250.94000 -128.50000 1.50000 -211.6619
19.96000 -49.48000 1.50000 -123.3179
-195.55000 -35.66000 1.50000 -170.0993
-250.94000 -128.50000 1.50000 -211.6438
19.96000 -49.48000 1.50000 -83.2715
-195.55000 -35.66000 1.50000 -170.0767
-250.94000 -128.50000 1.50000 -171.6257
19.96000 -49.48000 1.50000 -83.2249
-195.55000 -35.66000 1.50000 -170.0541
-250.94000 -128.50000 1.50000 -171.6075
19.96000 -49.48000 1.50000 -83.1781
-195.55000 -35.66000 1.50000 -170.0314
-250.94000 -128.50000 1.50000 -171.5894
19.96000 -49.48000 1.50000 -83.1311
-195.55000 -35.66000 1.50000 -170.0087
-250.94000 -128.50000 1.50000 -171.5711
19.96000 -49.48000 1.50000 -83.0839
-195.55000 -35.66000 1.50000 -169.9858
-250.94000 -128.50000 1.50000 -171.5529
19.96000 -49.48000 1.50000 -83.0364
-195.55000 -35.66000 1.50000 -169.9630
-250.94000 -128.50000 1.50000 -171.5346
19.96000 -49.48000 1.50000 -82.9888
-195.55000 -35.66000 1.50000 -169.9401
-250.94000 -128.50000 1.50000 -171.5162
19.96000 -49.48000 1.50000 -82.9409
-195.55000 -35.66000 1.50000 -169.9171
-250.94000 -128.50000 1.50000 -171.4979
19.96000 -49.48000 1.50000 -82.8928
-195.55000 -35.66000 1.50000 -169.8940
-250.94000 -128.50000 1.50000 -171.4795
19.96000 -49.48000 1.50000 -82.8444
-195.55000 -35.66000 1.50000 -169.8709
-250.94000 -128.50000 1.50000 -171.4610
19.96000 -49.48000 1.50000 -82.8254
-195.55000 -35.66000 1.50000 -169.8680
-250.94000 -128.50000 1.50000 -171.4550
19.96000 -49.48000 1.50000 -82.8740
-195.55000 -35.66000 1.50000 -169.8911
-250.94000 -128.50000 1.50000 -171.4734
19.96000 -49.48000 1.50000 -82.9223
-195.55000 -35.66000 1.50000 -169.9142
-250.94000 -128.50000 1.50000 -171.4919
19.96000 -49.48000 1.50000 -82.9704
-195.55000 -35.66000 1.50000 -169.9372
-250.94000 -128.50000 1.50000 -171.5103
19.96000 -49.48000 1.50000 -83.0182
-195.55000 -35.66000 1.50000 -169.9601
-250.94000 -128.50000 1.50000 -171.5286
19.96000 -49.48000 1.50000 -83.0659
-195.55000 -35.66000 1.50000 -169.9830
-250.94000 -128.50000 1.50000 -171.5469
19.96000 -49.48000 1.50000 -83.1133
-195.55000 -35.66000 1.50000 -170.0058
-250.94000 -128.50000 1.50000 -211.5652
19.96000 -49.48000 1.50000 -83.1605
-195.55000 -35.66000 1.50000 -170.0286
-250.94000 -128.50000 1.50000 -211.5835
19.96000 -49.48000 1.50000 -83.2075
-195.55000 -35.66000 1.50000 -170.0513
-250.94000 -128.50000 1.50000 -211.6017
19.96000 -49.48000 1.50000 -83.2543
-195.55000 -35.66000 1.50000 -170.0740
-250.94000 -128.50000 1.50000 -211.6199
19.96000 -49.48000 1.50000 -83.3009
-195.55000 -35.66000 1.50000 -170.0966
-250.94000 -128.50000 1.50000 -211.6380
19.96000 -49.48000 1.50000 -123.3472
-195.55000 -35.66000 1.50000 -210.1191
-250.94000 -128.50000 1.50000 -211.6561
19.96000 -49.48000 1.50000 -83.3306
-195.55000 -35.66000 1.50000 -210.1164
-250.94000 -128.50000 1.50000 -211.6504
19.96000 -49.48000 1.50000 -83.2840
-195.55000 -35.66000 1.50000 -210.0939
-250.94000 -128.50000 1.50000 -211.6323
19.96000 -49.48000 1.50000 -83.2373
-195.55000 -35.66000 1.50000 -210.0713
-250.94000 -128.50000 1.50000 -171.6141
19.96000 -49.48000 1.50000 -83.1903
-195.55000 -35.66000 1.50000 -210.0486
-250.94000 -128.50000 1.50000 -211.5959
19.96000 -49.48000 1.50000 -83.1431
-195.55000 -35.66000 1.50000 -210.0259
-250.94000 -128.50000 1.50000 -211.5776
19.96000 -49.48000 1.50000 -83.0957
-195.55000 -35.66000 1.50000 -210.0031
-250.94000 -128.50000 1.50000 -211.5594
19.96000 -49.48000 1.50000 -83.0481
-195.55000 -35.66000 1.50000 -209.9803
-250.94000 -128.50000 1.50000 -211.5410
19.96000 -49.48000 1.50000 -83.0003
-195.55000 -35.66000 1.50000 -209.9574
-250.94000 -128.50000 1.50000 -211.5227
19.96000 -49.48000 1.50000 -82.9522
-195.55000 -35.66000 1.50000 -209.9344
-250.94000 -128.50000 1.50000 -211.5043
19.96000 -49.48000 1.50000 -82.9039
-195.55000 -35.66000 1.50000 -169.9114
-250.94000 -128.50000 1.50000 -171.4859
19.96000 -49.48000 1.50000 -82.8554
-195.55000 -35.66000 1.50000 -169.8883
-250.94000 -128.50000 1.50000 -171.4674
19.96000 -49.48000 1.50000 -82.8066
-195.55000 -35.66000 1.50000 -169.8652
-250.94000 -128.50000 1.50000 -171.4489
19.96000 -49.48000 1.50000 -82.7576
-195.55000 -35.66000 1.50000 -169.8420
-250.94000 -128.50000 1.50000 -171.4304
19.96000 -49.48000 1.50000 -82.7084
-195.55000 -35.66000 1.50000 -169.8187
-250.94000 -128.50000 1.50000 -171.4119
19.96000 -49.48000 1.50000 -82.6590
-195.55000 -35.66000 1.50000 -169.7954
-250.94000 -128.50000 1.50000 -171.3933
19.96000 -49.48000 1.50000 -82.6398
-195.55000 -35.66000 1.50000 -209.7926
-250.94000 -128.50000 1.50000 -171.3872
19.96000 -49.48000 1.50000 -82.6894
-195.55000 -35.66000 1.50000 -209.8159
-250.94000 -128.50000 1.50000 -171.4058
19.96000 -49.48000 1.50000 -82.7389
-195.55000 -35.66000 1.50000 -209.8392
-250.94000 -128.50000 1.50000 -171.4244
19.96000 -49.48000 1.50000 -82.7881
-195.55000 -35.66000 1.50000 -209.8624
-250.94000 -128.50000 1.50000 -171.4430
19.96000 -49.48000 1.50000 -82.8370
-195.55000 -35.66000 1.50000 -209.8856
-250.94000 -128.50000 1.50000 -211.4615
19.96000 -49.48000 1.50000 -82.8858
-195.55000 -35.66000 1.50000 -209.9086
-250.94000 -128.50000 1.50000 -211.4799
19.96000 -49.48000 1.50000 -82.9342
-195.55000 -35.66000 1.50000 -209.9317
-250.94000 -128.50000 1.50000 -211.4984
19.96000 -49.48000 1.50000 -82.9825
-195.55000 -35.66000 1.50000 -209.9547
-250.94000 -128.50000 1.50000 -211.5168
19.96000 -49.48000 1.50000 -83.0306
-195.55000 -35.66000 1.50000 -209.9776
-250.94000 -128.50000 1.50000 -211.5352
19.96000 -49.48000 1.50000 -83.0784
-195.55000 -35.66000 1.50000 -210.0004
-250.94000 -128.50000 1.50000 -171.5535
19.96000 -49.48000 1.50000 -83.1260
-195.55000 -35.66000 1.50000 -210.0232
-250.94000 -128.50000 1.50000 -211.5718
19.96000 -49.48000 1.50000 -83.1733
-195.55000 -35.66000 1.50000 -210.0459
-250.94000 -128.50000 1.50000 -211.5901
19.96000 -49.48000 1.50000 -83.1566
-195.55000 -35.66000 1.50000 -210.0433
-250.94000 -128.50000 1.50000 -171.5843
19.96000 -49.48000 1.50000 -83.1090
-195.55000 -35.66000 1.50000 -210.0206
-250.94000 -128.50000 1.50000 -171.5660
19.96000 -49.48000 1.50000 -83.0612
-195.55000 -35.66000 1.50000 -209.9978
-250.94000 -128.50000 1.50000 -211.5477
19.96000 -49.48000 1.50000 -83.0132
-195.55000 -35.66000 1.50000 -209.9749
-250.94000 -128.50000 1.50000 -211.5294
19.96000 -49.48000 1.50000 -82.9650
-195.55000 -35.66000 1.50000 -209.9520
-250.94000 -128.50000 1.50000 -211.5110
19.96000 -49.48000 1.50000 -82.9165
-195.55000 -35.66000 1.50000 -209.9290
-250.94000 -128.50000 1.50000 -171.4925
19.96000 -49.48000 1.50000 -82.8679
-195.55000 -35.66000 1.50000 -209.9060
-250.94000 -128.50000 1.50000 -171.4741
19.96000 -49.48000 1.50000 -82.8189
-195.55000 -35.66000 1.50000 -209.8829
-250.94000 -128.50000 1.50000 -211.4556
19.96000 -49.48000 1.50000 -82.7698
-195.55000 -35.66000 1.50000 -209.8597
-250.94000 -128.50000 1.50000 -211.4370
19.96000 -49.48000 1.50000 -82.7204
-195.55000 -35.66000 1.50000 -209.8365
-250.94000 -128.50000 1.50000 -211.4184
19.96000 -49.48000 1.50000 -82.6707
-195.55000 -35.66000 1.50000 -209.8132
-250.94000 -128.50000 1.50000 -171.3998
19.96000 -49.48000 1.50000 -82.6208
-195.55000 -35.66000 1.50000 -209.7898
-250.94000 -128.50000 1.50000 -171.3812
19.96000 -49.48000 1.50000 -82.5707
-195.55000 -35.66000 1.50000 -209.7664
-250.94000 -128.50000 1.50000 -171.3625
19.96000 -49.48000 1.50000 -82.5203
-195.55000 -35.66000 1.50000 -209.7430
-250.94000 -128.50000 1.50000 -171.3438
19.96000 -49.48000 1.50000 -82.4697
-195.55000 -35.66000 1.50000 -209.7194
-250.94000 -128.50000 1.50000 -171.3250
19.96000 -49.48000 1.50000 -82.4504
-195.55000 -35.66000 1.50000 -209.7167
-250.94000 -128.50000 1.50000 -171.3190
19.96000 -49.48000 1.50000 -82.5012
-195.55000 -35.66000 1.50000 -209.7402
-250.94000 -128.50000 1.50000 -171.3378
19.96000 -49.48000 1.50000 -82.5518
-195.55000 -35.66000 1.50000 -209.7637
-250.94000 -128.50000 1.50000 -211.3565
19.96000 -49.48000 1.50000 -82.6021
-195.55000 -35.66000 1.50000 -209.7871
-250.94000 -128.50000 1.50000 -211.3752
19.96000 -49.48000 1.50000 -82.6522
-195.55000 -35.66000 1.50000 -209.8105
-250.94000 -128.50000 1.50000 -211.3939
19.96000 -49.48000 1.50000 -82.7021
-195.55000 -35.66000 1.50000 -209.8338
-250.94000 -128.50000 1.50000 -171.4125
19.96000 -49.48000 1.50000 -82.7517
-195.55000 -35.66000 1.50000 -209.8570
-250.94000 -128.50000 1.50000 -171.4311
19.96000 -49.48000 1.50000 -82.8011
-195.55000 -35.66000 1.50000 -169.8802
-250.94000 -128.50000 1.50000 -211.4497
19.96000 -49.48000 1.50000 -82.8502
-195.55000 -35.66000 1.50000 -169.9033
-250.94000 -128.50000 1.50000 -211.4682
19.96000 -49.48000 1.50000 -82.8991
-195.55000 -35.66000 1.50000 -169.9264
-250.94000 -128.50000 1.50000 -171.4867
19.96000 -49.48000 1.50000 -82.9477
-195.55000 -35.66000 1.50000 -169.9494
-250.94000 -128.50000 1.50000 -171.5051
19.96000 -49.48000 1.50000 -82.9962
-195.55000 -35.66000 1.50000 -169.9723
-250.94000 -128.50000 1.50000 -171.5236
19.96000 -49.48000 1.50000 -83.0444
-195.55000 -35.66000 1.50000 -169.9952
-250.94000 -128.50000 1.50000 -171.5419
19.96000 -49.48000 1.50000 -83.0277
-195.55000 -35.66000 1.50000 -169.9927
-250.94000 -128.50000 1.50000 -171.5362
19.96000 -49.48000 1.50000 -82.9793
-195.55000 -35.66000 1.50000 -169.9698
-250.94000 -128.50000 1.50000 -171.5178
19.96000 -49.48000 1.50000 -82.9307
-195.55000 -35.66000 1.50000 -169.9469
-250.94000 -128.50000 1.50000 -171.4994
19.96000 -49.48000 1.50000 -82.8819
-195.55000 -35.66000 1.50000 -169.9238
-250.94000 -128.50000 1.50000 -171.4809
19.96000 -49.48000 1.50000 -82.8328
-195.55000 -35.66000 1.50000 -169.9008
-250.94000 -128.50000 1.50000 -171.4624
19.96000 -49.48000 1.50000 -82.7834
-195.55000 -35.66000 1.50000 -169.8776
-250.94000 -128.50000 1.50000 -171.4438
19.96000 -49.48000 1.50000 -82.7339
-195.55000 -35.66000 1.50000 -169.8544
-250.94000 -128.50000 1.50000 -171.4252
19.96000 -49.48000 1.50000 -82.6841
-195.55000 -35.66000 1.50000 -169.8312
-250.94000 -128.50000 1.50000 -211.4066
19.96000 -49.48000 1.50000 -82.6340
-195.55000 -35.66000 1.50000 -169.8079
-250.94000 -128.50000 1.50000 -211.3879
19.96000 -49.48000 1.50000 -82.5837
-195.55000 -35.66000 1.50000 -169.7845
-250.94000 -128.50000 1.50000 -171.3692
19.96000 -49.48000 1.50000 -82.5331
-195.55000 -35.66000 1.50000 -169.7611
-250.94000 -128.50000 1.50000 -171.3505
19.96000 -49.48000 1.50000 -82.4823
-195.55000 -35.66000 1.50000 -169.7375
-250.94000 -128.50000 1.50000 -211.3318
19.96000 -49.48000 1.50000 -82.4313
-195.55000 -35.66000 1.50000 -169.7140
-250.94000 -128.50000 1.50000 -211.3129
19.96000 -49.48000 1.50000 -82.3799
-195.55000 -35.66000 1.50000 -169.6904
-250.94000 -128.50000 1.50000 -171.2941
19.96000 -49.48000 1.50000 -82.3284
-195.55000 -35.66000 1.50000 -209.6667
-250.94000 -128.50000 1.50000 -171.2752
19.96000 -49.48000 1.50000 -82.2765
-195.55000 -35.66000 1.50000 -209.6429
-250.94000 -128.50000 1.50000 -171.2563
19.96000 -49.48000 1.50000 -82.2570
-195.55000 -35.66000 1.50000 -169.6403
-250.94000 -128.50000 1.50000 -171.2502
19.96000 -49.48000 1.50000 -82.3091
-195.55000 -35.66000 1.50000 -169.6640
-250.94000 -128.50000 1.50000 -211.2692
19.96000 -49.48000 1.50000 -82.3609
-195.55000 -35.66000 1.50000 -169.6877
-250.94000 -128.50000 1.50000 -171.2881
19.96000 -49.48000 1.50000 -82.4124
-195.55000 -35.66000 1.50000 -169.7114
-250.94000 -128.50000 1.50000 -211.3069
19.96000 -49.48000 1.50000 -82.4637
-195.55000 -35.66000 1.50000 -169.7350
-250.94000 -128.50000 1.50000 -211.3258
19.96000 -49.48000 1.50000 -82.5147
-195.55000 -35.66000 1.50000 -169.7585
-250.94000 -128.50000 1.50000 -211.3446
19.96000 -49.48000 1.50000 -82.5655
-195.55000 -35.66000 1.50000 -169.7819
-250.94000 -128.50000 1.50000 -171.3633
19.96000 -49.48000 1.50000 -82.6160
-195.55000 -35.66000 1.50000 -169.8053
-250.94000 -128.50000 1.50000 -171.3820
19.96000 -49.48000 1.50000 -82.6663
-195.55000 -35.66000 1.50000 -169.8286
-250.94000 -128.50000 1.50000 -171.4007
19.96000 -49.48000 1.50000 -82.7163
-195.55000 -35.66000 1.50000 -169.8519
-250.94000 -128.50000 1.50000 -171.4194
19.96000 -49.48000 1.50000 -82.7661
-195.55000 -35.66000 1.50000 -169.8751
-250.94000 -128.50000 1.50000 -171.4380
19.96000 -49.48000 1.50000 -82.8156
-195.55000 -35.66000 1.50000 -169.8983
-250.94000 -128.50000 1.50000 -171.4566
19.96000 -49.48000 1.50000 -82.8649
-195.55000 -35.66000 1.50000 -169.9214
-250.94000 -128.50000 1.50000 -171.4751
19.96000 -49.48000 1.50000 -82.8482
-195.55000 -35.66000 1.50000 -209.9189
-250.94000 -128.50000 1.50000 -171.4694
19.96000 -49.48000 1.50000 -82.7987
-195.55000 -35.66000 1.50000 -209.8958
-250.94000 -128.50000 1.50000 -171.4508
19.96000 -49.48000 1.50000 -82.7490
-195.55000 -35.66000 1.50000 -209.8727
-250.94000 -128.50000 1.50000 -171.4322
19.96000 -49.48000 1.50000 -82.6990
-195.55000 -35.66000 1.50000 -209.8494
-250.94000 -128.50000 1.50000 -171.4136
19.96000 -49.48000 1.50000 -82.6488
-195.55000 -35.66000 1.50000 -209.8262
-250.94000 -128.50000 1.50000 -171.3949
19.96000 -49.48000 1.50000 -82.5983
-195.55000 -35.66000 1.50000 -209.8028
-250.94000 -128.50000 1.50000 -171.3762
19.96000 -49.48000 1.50000 -82.5476
-195.55000 -35.66000 1.50000 -209.7794
-250.94000 -128.50000 1.50000 -171.3575
19.96000 -49.48000 1.50000 -82.4966
-195.55000 -35.66000 1.50000 -169.7560
-250.94000 -128.50000 1.50000 -171.3387
19.96000 -49.48000 1.50000 -82.4454
-195.55000 -35.66000 1.50000 -169.7324
-250.94000 -128.50000 1.50000 -171.3199
19.96000 -49.48000 1.50000 -82.3939
-195.55000 -35.66000 1.50000 -169.7088
-250.94000 -128.50000 1.50000 -171.3010
19.96000 -49.48000 1.50000 -82.3421
-195.55000 -35.66000 1.50000 -169.6852
-250.94000 -128.50000 1.50000 -211.2821
19.96000 -49.48000 1.50000 -82.2901
-195.55000 -35.66000 1.50000 -169.6615
-250.94000 -128.50000 1.50000 -211.2632
19.96000 -49.48000 1.50000 -82.2378
-195.55000 -35.66000 1.50000 -169.6377
-250.94000 -128.50000 1.50000 -211.2442
19.96000 -49.48000 1.50000 -82.1852
-195.55000 -35.66000 1.50000 -169.6138
-250.94000 -128.50000 1.50000 -171.2252
19.96000 -49.48000 1.50000 -82.1324
-195.55000 -35.66000 1.50000 -169.5899
-250.94000 -128.50000 1.50000 -211.2061
19.96000 -49.48000 1.50000 -82.0793
-195.55000 -35.66000 1.50000 -169.5659
-250.94000 -128.50000 1.50000 -171.1871
19.96000 -49.48000 1.50000 -82.0596
-195.55000 -35.66000 1.50000 -209.5634
-250.94000 -128.50000 1.50000 -211.1810
19.96000 -49.48000 1.50000 -82.1129
-195.55000 -35.66000 1.50000 -209.5873
-250.94000 -128.50000 1.50000 -211.2001
19.96000 -49.48000 1.50000 -82.1660
-195.55000 -35.66000 1.50000 -209.6113
-250.94000 -128.50000 1.50000 -211.2192
19.96000 -49.48000 1.50000 -82.2188
-195.55000 -35.66000 1.50000 -209.6351
-250.94000 -128.50000 1.50000 -171.2382
19.96000 -49.48000 1.50000 -82.2713
-195.55000 -35.66000 1.50000 -209.6589
-250.94000 -128.50000 1.50000 -171.2572
19.96000 -49.48000 1.50000 -82.3236
-195.55000 -35.66000 1.50000 -209.6827
-250.94000 -128.50000 1.50000 -171.2762
19.96000 -49.48000 1.50000 -82.3756
-195.55000 -35.66000 1.50000 -209.7063
-250.94000 -128.50000 1.50000 -171.2951
19.96000 -49.48000 1.50000 -82.4273
-195.55000 -35.66000 1.50000 -209.7299
-250.94000 -128.50000 1.50000 -171.3139
19.96000 -49.48000 1.50000 -82.4787
-195.55000 -35.66000 1.50000 -209.7535
-250.94000 -128.50000 1.50000 -171.3328
19.96000 -49.48000 1.50000 -82.5299
-195.55000 -35.66000 1.50000 -209.7770
-250.94000 -128.50000 1.50000 -171.3516
19.96000 -49.48000 1.50000 -82.5809
-195.55000 -35.66000 1.50000 -209.8004
-250.94000 -128.50000 1.50000 -171.3704
19.96000 -49.48000 1.50000 -82.6315
-195.55000 -35.66000 1.50000 -209.8237
-250.94000 -128.50000 1.50000 -171.3891
19.96000 -49.48000 1.50000 -82.6820
-195.55000 -35.66000 1.50000 -209.8470
-250.94000 -128.50000 1.50000 -171.4078
19.96000 -49.48000 1.50000 -82.6652
-195.55000 -35.66000 1.50000 -209.8447
-250.94000 -128.50000 1.50000 -171.4021
19.96000 -49.48000 1.50000 -82.6146
-195.55000 -35.66000 1.50000 -209.8214
-250.94000 -128.50000 1.50000 -171.3834
19.96000 -49.48000 1.50000 -82.5637
-195.55000 -35.66000 1.50000 -209.7980
-250.94000 -128.50000 1.50000 -171.3646
19.96000 -49.48000 1.50000 -82.5126
-195.55000 -35.66000 1.50000 -209.7746
-250.94000 -128.50000 1.50000 -171.3458
19.96000 -49.48000 1.50000 -82.4612
-195.55000 -35.66000 1.50000 -209.7511
-250.94000 -128.50000 1.50000 -171.3270
19.96000 -49.48000 1.50000 -82.4095
-195.55000 -35.66000 1.50000 -209.7275
-250.94000 -128.50000 1.50000 -171.3081
19.96000 -49.48000 1.50000 -82.3576
-195.55000 -35.66000 1.50000 -209.7039
-250.94000 -128.50000 1.50000 -171.2892
19.96000 -49.48000 1.50000 -82.3054
-195.55000 -35.66000 1.50000 -209.6802
-250.94000 -128.50000 1.50000 -171.2702
19.96000 -49.48000 1.50000 -82.2529
-195.55000 -35.66000 1.50000 -209.6565
-250.94000 -128.50000 1.50000 -171.2513
19.96000 -49.48000 1.50000 -82.2001
-195.55000 -35.66000 1.50000 -209.6327
-250.94000 -128.50000 1.50000 -171.2322
19.96000 -49.48000 1.50000 -82.1471
-195.55000 -35.66000 1.50000 -209.6088
-250.94000 -128.50000 1.50000 -171.2132
19.96000 -49.48000 1.50000 -82.0938
-195.55000 -35.66000 1.50000 -209.5849
-250.94000 -128.50000 1.50000 -171.1941
19.96000 -49.48000 1.50000 -82.0402
-195.55000 -35.66000 1.50000 -209.5609
-250.94000 -128.50000 1.50000 -171.1750
19.96000 -49.48000 1.50000 -81.9864
-195.55000 -35.66000 1.50000 -209.5368
-250.94000 -128.50000 1.50000 -171.1558
19.96000 -49.48000 1.50000 -81.9322
-195.55000 -35.66000 1.50000 -209.5126
-250.94000 -128.50000 1.50000 -211.1366