19.96000 -49.48000 1.50000 -102.8347
-195.55000 -35.66000 1.50000 -190.0119
-250.94000 -128.50000 1.50000 -111.4729
19.96000 -49.48000 1.50000 -62.8455
-195.55000 -35.66000 1.50000 -190.0131
-250.94000 -128.50000 1.50000 -111.4778
19.96000 -49.48000 1.50000 -62.8966
-195.55000 -35.66000 1.50000 -190.0360
-250.94000 -128.50000 1.50000 -111.4966
19.96000 -49.48000 1.50000 -62.9076
-195.55000 -35.66000 1.50000 -190.0373
-250.94000 -128.50000 1.50000 -111.5015
19.96000 -49.48000 1.50000 -62.8566
-195.55000 -35.66000 1.50000 -190.0144
-250.94000 -128.50000 1.50000 -111.4828
19.96000 -49.48000 1.50000 -62.8053
-195.55000 -35.66000 1.50000 -189.9914
-250.94000 -128.50000 1.50000 -111.4640
19.96000 -49.48000 1.50000 -62.8167
-195.55000 -35.66000 1.50000 -229.9928
-250.94000 -128.50000 1.50000 -111.4690
19.96000 -49.48000 1.50000 -62.8679
-195.55000 -35.66000 1.50000 -230.0157
-250.94000 -128.50000 1.50000 -111.4878
19.96000 -49.48000 1.50000 -62.9188
-195.55000 -35.66000 1.50000 -230.0386
-250.94000 -128.50000 1.50000 -111.5065
19.96000 -49.48000 1.50000 -62.9694
-195.55000 -35.66000 1.50000 -230.0614
-250.94000 -128.50000 1.50000 -111.5251
19.96000 -49.48000 1.50000 -63.0197
-195.55000 -35.66000 1.50000 -230.0842
-250.94000 -128.50000 1.50000 -111.5438
19.96000 -49.48000 1.50000 -63.0697
-195.55000 -35.66000 1.50000 -190.1069
-250.94000 -128.50000 1.50000 -111.5624
19.96000 -49.48000 1.50000 -63.1195
-195.55000 -35.66000 1.50000 -190.1296
-250.94000 -128.50000 1.50000 -111.5809
19.96000 -49.48000 1.50000 -63.1305
-195.55000 -35.66000 1.50000 -230.1310
-250.94000 -128.50000 1.50000 -111.5858
19.96000 -49.48000 1.50000 -63.0808
-195.55000 -35.66000 1.50000 -230.1083
-250.94000 -128.50000 1.50000 -111.5673
19.96000 -49.48000 1.50000 -63.0309
-195.55000 -35.66000 1.50000 -230.0856
-250.94000 -128.50000 1.50000 -111.5487
19.96000 -49.48000 1.50000 -62.9807
-195.55000 -35.66000 1.50000 -230.0628
-250.94000 -128.50000 1.50000 -111.5301
19.96000 -49.48000 1.50000 -62.9303
-195.55000 -35.66000 1.50000 -230.0400
-250.94000 -128.50000 1.50000 -111.5115
19.96000 -49.48000 1.50000 -62.8795
-195.55000 -35.66000 1.50000 -230.0171
-250.94000 -128.50000 1.50000 -71.4928
19.96000 -49.48000 1.50000 -62.8285
-195.55000 -35.66000 1.50000 -229.9942
-250.94000 -128.50000 1.50000 -71.4740
19.96000 -49.48000 1.50000 -62.7772
-195.55000 -35.66000 1.50000 -229.9712
-250.94000 -128.50000 1.50000 -71.4553
19.96000 -49.48000 1.50000 -102.7894
-195.55000 -35.66000 1.50000 -229.9727
-250.94000 -128.50000 1.50000 -71.4604
19.96000 -49.48000 1.50000 -102.8406
-195.55000 -35.66000 1.50000 -229.9957
-250.94000 -128.50000 1.50000 -71.4791
19.96000 -49.48000 1.50000 -102.8914
-195.55000 -35.66000 1.50000 -230.0186
-250.94000 -128.50000 1.50000 -71.4978
19.96000 -49.48000 1.50000 -102.9420
-195.55000 -35.66000 1.50000 -230.0415
-250.94000 -128.50000 1.50000 -71.5165
19.96000 -49.48000 1.50000 -62.9924
-195.55000 -35.66000 1.50000 -230.0643
-250.94000 -128.50000 1.50000 -71.5351
19.96000 -49.48000 1.50000 -63.0424
-195.55000 -35.66000 1.50000 -230.0871
-250.94000 -128.50000 1.50000 -71.5537
19.96000 -49.48000 1.50000 -63.0922
-195.55000 -35.66000 1.50000 -230.1097
-250.94000 -128.50000 1.50000 -111.5723
19.96000 -49.48000 1.50000 -63.1417
-195.55000 -35.66000 1.50000 -230.1324
-250.94000 -128.50000 1.50000 -111.5908
19.96000 -49.48000 1.50000 -63.1909
-195.55000 -35.66000 1.50000 -230.1550
-250.94000 -128.50000 1.50000 -111.6093
19.96000 -49.48000 1.50000 -63.2399
-195.55000 -35.66000 1.50000 -230.1775
-250.94000 -128.50000 1.50000 -111.6277
19.96000 -49.48000 1.50000 -63.2887
-195.55000 -35.66000 1.50000 -230.2000
-250.94000 -128.50000 1.50000 -111.6461
19.96000 -49.48000 1.50000 -63.2998
-195.55000 -35.66000 1.50000 -230.2014
-250.94000 -128.50000 1.50000 -111.6510
19.96000 -49.48000 1.50000 -63.2512
-195.55000 -35.66000 1.50000 -230.1790
-250.94000 -128.50000 1.50000 -71.6327
19.96000 -49.48000 1.50000 -103.2023
-195.55000 -35.66000 1.50000 -230.1564
-250.94000 -128.50000 1.50000 -71.6142
19.96000 -49.48000 1.50000 -103.1532
-195.55000 -35.66000 1.50000 -230.1339
-250.94000 -128.50000 1.50000 -71.5958
19.96000 -49.48000 1.50000 -103.1038
-195.55000 -35.66000 1.50000 -230.1112
-250.94000 -128.50000 1.50000 -71.5773
19.96000 -49.48000 1.50000 -103.0542
-195.55000 -35.66000 1.50000 -230.0886
-250.94000 -128.50000 1.50000 -71.5587
19.96000 -49.48000 1.50000 -103.0043
-195.55000 -35.66000 1.50000 -230.0658
-250.94000 -128.50000 1.50000 -71.5402
19.96000 -49.48000 1.50000 -102.9541
-195.55000 -35.66000 1.50000 -230.0430
-250.94000 -128.50000 1.50000 -71.5216
19.96000 -49.48000 1.50000 -102.9036
-195.55000 -35.66000 1.50000 -230.0201
-250.94000 -128.50000 1.50000 -71.5029
19.96000 -49.48000 1.50000 -102.8529
-195.55000 -35.66000 1.50000 -229.9972
-250.94000 -128.50000 1.50000 -71.4842
19.96000 -49.48000 1.50000 -102.8019
-195.55000 -35.66000 1.50000 -229.9742
-250.94000 -128.50000 1.50000 -71.4655
19.96000 -49.48000 1.50000 -102.8146
-195.55000 -35.66000 1.50000 -229.9758
-250.94000 -128.50000 1.50000 -71.4707
19.96000 -49.48000 1.50000 -102.8655
-195.55000 -35.66000 1.50000 -229.9988
-250.94000 -128.50000 1.50000 -71.4894
19.96000 -49.48000 1.50000 -102.9161
-195.55000 -35.66000 1.50000 -230.0217
-250.94000 -128.50000 1.50000 -71.5080
19.96000 -49.48000 1.50000 -102.9664
-195.55000 -35.66000 1.50000 -230.0446
-250.94000 -128.50000 1.50000 -71.5267
19.96000 -49.48000 1.50000 -103.0165
-195.55000 -35.66000 1.50000 -230.0674
-250.94000 -128.50000 1.50000 -71.5452
19.96000 -49.48000 1.50000 -103.0662
-195.55000 -35.66000 1.50000 -230.0901
-250.94000 -128.50000 1.50000 -71.5638
19.96000 -49.48000 1.50000 -103.1157
-195.55000 -35.66000 1.50000 -230.1128
-250.94000 -128.50000 1.50000 -71.5823
19.96000 -49.48000 1.50000 -103.1650
-195.55000 -35.66000 1.50000 -230.1354
-250.94000 -128.50000 1.50000 -71.6008
19.96000 -49.48000 1.50000 -103.2140
-195.55000 -35.66000 1.50000 -230.1580
-250.94000 -128.50000 1.50000 -71.6192
19.96000 -49.48000 1.50000 -103.2627
-195.55000 -35.66000 1.50000 -230.1805
-250.94000 -128.50000 1.50000 -71.6376
19.96000 -49.48000 1.50000 -103.3112
-195.55000 -35.66000 1.50000 -230.2029
-250.94000 -128.50000 1.50000 -71.6560
19.96000 -49.48000 1.50000 -103.3594
-195.55000 -35.66000 1.50000 -230.2253
-250.94000 -128.50000 1.50000 -71.6743
19.96000 -49.48000 1.50000 -103.4073
-195.55000 -35.66000 1.50000 -230.2477
-250.94000 -128.50000 1.50000 -71.6926
19.96000 -49.48000 1.50000 -63.4550
-195.55000 -35.66000 1.50000 -230.2700
-250.94000 -128.50000 1.50000 -71.7109
19.96000 -49.48000 1.50000 -103.4663
-195.55000 -35.66000 1.50000 -230.2715
-250.94000 -128.50000 1.50000 -71.7158
19.96000 -49.48000 1.50000 -103.4187
-195.55000 -35.66000 1.50000 -230.2492
-250.94000 -128.50000 1.50000 -71.6976
19.96000 -49.48000 1.50000 -103.3709
-195.55000 -35.66000 1.50000 -230.2269
-250.94000 -128.50000 1.50000 -71.6793
19.96000 -49.48000 1.50000 -103.3228
-195.55000 -35.66000 1.50000 -230.2045
-250.94000 -128.50000 1.50000 -71.6610
19.96000 -49.48000 1.50000 -103.2745
-195.55000 -35.66000 1.50000 -230.1821
-250.94000 -128.50000 1.50000 -71.6426
19.96000 -49.48000 1.50000 -103.2259
-195.55000 -35.66000 1.50000 -230.1596
-250.94000 -128.50000 1.50000 -71.6243
19.96000 -49.48000 1.50000 -103.1770
-195.55000 -35.66000 1.50000 -230.1370
-250.94000 -128.50000 1.50000 -71.6058
19.96000 -49.48000 1.50000 -103.1279
-195.55000 -35.66000 1.50000 -230.1144
-250.94000 -128.50000 1.50000 -71.5874
19.96000 -49.48000 1.50000 -103.0785
-195.55000 -35.66000 1.50000 -230.0917
-250.94000 -128.50000 1.50000 -71.5689
19.96000 -49.48000 1.50000 -103.0289
-195.55000 -35.66000 1.50000 -230.0690
-250.94000 -128.50000 1.50000 -71.5504
19.96000 -49.48000 1.50000 -103.0416
-195.55000 -35.66000 1.50000 -190.0707
-250.94000 -128.50000 1.50000 -71.5555
19.96000 -49.48000 1.50000 -103.0911
-195.55000 -35.66000 1.50000 -190.0934
-250.94000 -128.50000 1.50000 -71.5740
19.96000 -49.48000 1.50000 -103.1403
-195.55000 -35.66000 1.50000 -190.1161
-250.94000 -128.50000 1.50000 -71.5925
19.96000 -49.48000 1.50000 -103.1893
-195.55000 -35.66000 1.50000 -230.1387
-250.94000 -128.50000 1.50000 -71.6109
19.96000 -49.48000 1.50000 -103.2380
-195.55000 -35.66000 1.50000 -230.1612
-250.94000 -128.50000 1.50000 -71.6293
19.96000 -49.48000 1.50000 -103.2865
-195.55000 -35.66000 1.50000 -230.1837
-250.94000 -128.50000 1.50000 -71.6477
19.96000 -49.48000 1.50000 -103.3347
-195.55000 -35.66000 1.50000 -230.2062
-250.94000 -128.50000 1.50000 -71.6660
19.96000 -49.48000 1.50000 -103.3826
-195.55000 -35.66000 1.50000 -230.2285
-250.94000 -128.50000 1.50000 -71.6843
19.96000 -49.48000 1.50000 -103.4303
-195.55000 -35.66000 1.50000 -230.2509
-250.94000 -128.50000 1.50000 -71.7026
19.96000 -49.48000 1.50000 -103.4778
-195.55000 -35.66000 1.50000 -230.2731
-250.94000 -128.50000 1.50000 -71.7208
19.96000 -49.48000 1.50000 -103.5250
-195.55000 -35.66000 1.50000 -230.2953
-250.94000 -128.50000 1.50000 -71.7390
19.96000 -49.48000 1.50000 -103.5720
-195.55000 -35.66000 1.50000 -230.3175
-250.94000 -128.50000 1.50000 -71.7571
19.96000 -49.48000 1.50000 -103.6187
-195.55000 -35.66000 1.50000 -230.3396
-250.94000 -128.50000 1.50000 -71.7752
19.96000 -49.48000 1.50000 -103.6301
-195.55000 -35.66000 1.50000 -190.3412
-250.94000 -128.50000 1.50000 -71.7802
19.96000 -49.48000 1.50000 -103.5835
-195.55000 -35.66000 1.50000 -190.3191
-250.94000 -128.50000 1.50000 -71.7621
19.96000 -49.48000 1.50000 -103.5366
-195.55000 -35.66000 1.50000 -190.2970
-250.94000 -128.50000 1.50000 -71.7439
19.96000 -49.48000 1.50000 -103.4895
-195.55000 -35.66000 1.50000 -190.2748
-250.94000 -128.50000 1.50000 -71.7258
19.96000 -49.48000 1.50000 -103.4422
-195.55000 -35.66000 1.50000 -190.2525
-250.94000 -128.50000 1.50000 -71.7076
19.96000 -49.48000 1.50000 -103.3946
-195.55000 -35.66000 1.50000 -190.2302
-250.94000 -128.50000 1.50000 -71.6894
19.96000 -49.48000 1.50000 -103.3468
-195.55000 -35.66000 1.50000 -190.2079
-250.94000 -128.50000 1.50000 -71.6711
19.96000 -49.48000 1.50000 -103.2987
-195.55000 -35.66000 1.50000 -190.1854
-250.94000 -128.50000 1.50000 -71.6528
19.96000 -49.48000 1.50000 -103.2504
-195.55000 -35.66000 1.50000 -190.1629
-250.94000 -128.50000 1.50000 -71.6344
19.96000 -49.48000 1.50000 -103.2019
-195.55000 -35.66000 1.50000 -190.1404
-250.94000 -128.50000 1.50000 -111.6161
19.96000 -49.48000 1.50000 -103.2147
-195.55000 -35.66000 1.50000 -270.1422
-250.94000 -128.50000 1.50000 -151.6212
19.96000 -49.48000 1.50000 -103.2631
-195.55000 -35.66000 1.50000 -270.1647
-250.94000 -128.50000 1.50000 -151.6396
19.96000 -49.48000 1.50000 -103.3113
-195.55000 -35.66000 1.50000 -270.1872
-250.94000 -128.50000 1.50000 -151.6579
19.96000 -49.48000 1.50000 -103.3592
-195.55000 -35.66000 1.50000 -270.2096
-250.94000 -128.50000 1.50000 -111.6762
19.96000 -49.48000 1.50000 -103.4069
-195.55000 -35.66000 1.50000 -270.2320
-250.94000 -128.50000 1.50000 -71.6944
19.96000 -49.48000 1.50000 -103.4543
-195.55000 -35.66000 1.50000 -270.2543
-250.94000 -128.50000 1.50000 -71.7126
19.96000 -49.48000 1.50000 -103.5015
-195.55000 -35.66000 1.50000 -270.2765
-250.94000 -128.50000 1.50000 -71.7308
19.96000 -49.48000 1.50000 -103.5485
-195.55000 -35.66000 1.50000 -270.2987
-250.94000 -128.50000 1.50000 -71.7490
19.96000 -49.48000 1.50000 -103.5952
-195.55000 -35.66000 1.50000 -230.3208
-250.94000 -128.50000 1.50000 -71.7671
19.96000 -49.48000 1.50000 -103.6417
-195.55000 -35.66000 1.50000 -230.3429
-250.94000 -128.50000 1.50000 -71.7851
19.96000 -49.48000 1.50000 -103.6880
-195.55000 -35.66000 1.50000 -230.3649
-250.94000 -128.50000 1.50000 -71.8032
19.96000 -49.48000 1.50000 -103.7340
-195.55000 -35.66000 1.50000 -230.3869
-250.94000 -128.50000 1.50000 -71.8212
19.96000 -49.48000 1.50000 -103.7798
-195.55000 -35.66000 1.50000 -190.4088
-250.94000 -128.50000 1.50000 -71.8392
19.96000 -49.48000 1.50000 -103.8254
-195.55000 -35.66000 1.50000 -190.4307
-250.94000 -128.50000 1.50000 -71.8571
19.96000 -49.48000 1.50000 -103.8367
-195.55000 -35.66000 1.50000 -270.4324
-250.94000 -128.50000 1.50000 -71.8620
19.96000 -49.48000 1.50000 -103.7913
-195.55000 -35.66000 1.50000 -270.4105
-250.94000 -128.50000 1.50000 -71.8441
19.96000 -49.48000 1.50000 -103.7456
-195.55000 -35.66000 1.50000 -270.3886
-250.94000 -128.50000 1.50000 -71.8261
19.96000 -49.48000 1.50000 -103.6997
-195.55000 -35.66000 1.50000 -270.3667
-250.94000 -128.50000 1.50000 -71.8082
19.96000 -49.48000 1.50000 -103.6535
-195.55000 -35.66000 1.50000 -270.3447
-250.94000 -128.50000 1.50000 -71.7902
19.96000 -49.48000 1.50000 -103.6072
-195.55000 -35.66000 1.50000 -270.3226
-250.94000 -128.50000 1.50000 -71.7721
19.96000 -49.48000 1.50000 -103.5606
-195.55000 -35.66000 1.50000 -270.3005
-250.94000 -128.50000 1.50000 -111.7540
19.96000 -49.48000 1.50000 -103.5137
-195.55000 -35.66000 1.50000 -270.2783
-250.94000 -128.50000 1.50000 -111.7359
19.96000 -49.48000 1.50000 -103.4667
-195.55000 -35.66000 1.50000 -270.2560
-250.94000 -128.50000 1.50000 -151.7177
19.96000 -49.48000 1.50000 -103.4194
-195.55000 -35.66000 1.50000 -270.2338
-250.94000 -128.50000 1.50000 -151.6995
19.96000 -49.48000 1.50000 -103.3718
-195.55000 -35.66000 1.50000 -270.2114
-250.94000 -128.50000 1.50000 -151.6813
19.96000 -49.48000 1.50000 -103.3847
-195.55000 -35.66000 1.50000 -270.2133
-250.94000 -128.50000 1.50000 -151.6865
19.96000 -49.48000 1.50000 -103.4321
-195.55000 -35.66000 1.50000 -270.2356
-250.94000 -128.50000 1.50000 -151.7047
19.96000 -49.48000 1.50000 -103.4793
-195.55000 -35.66000 1.50000 -270.2579
-250.94000 -128.50000 1.50000 -151.7229
19.96000 -49.48000 1.50000 -103.5262
-195.55000 -35.66000 1.50000 -270.2801
-250.94000 -128.50000 1.50000 -151.7410
19.96000 -49.48000 1.50000 -103.5729
-195.55000 -35.66000 1.50000 -270.3023
-250.94000 -128.50000 1.50000 -151.7591
19.96000 -49.48000 1.50000 -103.6194
-195.55000 -35.66000 1.50000 -270.3244
-250.94000 -128.50000 1.50000 -151.7772
19.96000 -49.48000 1.50000 -103.6656
-195.55000 -35.66000 1.50000 -270.3465
-250.94000 -128.50000 1.50000 -151.7952
19.96000 -49.48000 1.50000 -103.7116
-195.55000 -35.66000 1.50000 -270.3685
-250.94000 -128.50000 1.50000 -111.8132
19.96000 -49.48000 1.50000 -103.7574
-195.55000 -35.66000 1.50000 -270.3904
-250.94000 -128.50000 1.50000 -111.8312
19.96000 -49.48000 1.50000 -103.8030
-195.55000 -35.66000 1.50000 -270.4123
-250.94000 -128.50000 1.50000 -71.8491
19.96000 -49.48000 1.50000 -103.8483
-195.55000 -35.66000 1.50000 -270.4341
-250.94000 -128.50000 1.50000 -71.8670
19.96000 -49.48000 1.50000 -103.8934
-195.55000 -35.66000 1.50000 -270.4559
-250.94000 -128.50000 1.50000 -71.8848
19.96000 -49.48000 1.50000 -103.9383
-195.55000 -35.66000 1.50000 -270.4777
-250.94000 -128.50000 1.50000 -71.9027
19.96000 -49.48000 1.50000 -103.9830
-195.55000 -35.66000 1.50000 -270.4993
-250.94000 -128.50000 1.50000 -71.9204
19.96000 -49.48000 1.50000 -103.9944
-195.55000 -35.66000 1.50000 -270.5011
-250.94000 -128.50000 1.50000 -71.9254
19.96000 -49.48000 1.50000 -103.9499
-195.55000 -35.66000 1.50000 -270.4795
-250.94000 -128.50000 1.50000 -71.9076
19.96000 -49.48000 1.50000 -103.9051
-195.55000 -35.66000 1.50000 -270.4578
-250.94000 -128.50000 1.50000 -111.8898
19.96000 -49.48000 1.50000 -103.8601
-195.55000 -35.66000 1.50000 -270.4360
-250.94000 -128.50000 1.50000 -111.8720
19.96000 -49.48000 1.50000 -103.8149
-195.55000 -35.66000 1.50000 -270.4142
-250.94000 -128.50000 1.50000 -151.8541
19.96000 -49.48000 1.50000 -103.7694
-195.55000 -35.66000 1.50000 -270.3923
-250.94000 -128.50000 1.50000 -151.8362
19.96000 -49.48000 1.50000 -103.7238
-195.55000 -35.66000 1.50000 -270.3703
-250.94000 -128.50000 1.50000 -151.8182
19.96000 -49.48000 1.50000 -103.6779
-195.55000 -35.66000 1.50000 -270.3483
-250.94000 -128.50000 1.50000 -151.8003
19.96000 -49.48000 1.50000 -103.6318
-195.55000 -35.66000 1.50000 -270.3263
-250.94000 -128.50000 1.50000 -151.7823
19.96000 -49.48000 1.50000 -103.5855
-195.55000 -35.66000 1.50000 -270.3042
-250.94000 -128.50000 1.50000 -151.7642
19.96000 -49.48000 1.50000 -103.5983
-195.55000 -35.66000 1.50000 -270.3061
-250.94000 -128.50000 1.50000 -151.7694
19.96000 -49.48000 1.50000 -103.6445
-195.55000 -35.66000 1.50000 -270.3282
-250.94000 -128.50000 1.50000 -151.7874
19.96000 -49.48000 1.50000 -103.6904
-195.55000 -35.66000 1.50000 -270.3503
-250.94000 -128.50000 1.50000 -151.8054
19.96000 -49.48000 1.50000 -103.7362
-195.55000 -35.66000 1.50000 -270.3723
-250.94000 -128.50000 1.50000 -151.8233
19.96000 -49.48000 1.50000 -103.7817
-195.55000 -35.66000 1.50000 -270.3942
-250.94000 -128.50000 1.50000 -151.8412
19.96000 -49.48000 1.50000 -103.8270
-195.55000 -35.66000 1.50000 -270.4160
-250.94000 -128.50000 1.50000 -151.8591
19.96000 -49.48000 1.50000 -103.8721
-195.55000 -35.66000 1.50000 -270.4379
-250.94000 -128.50000 1.50000 -151.8770
19.96000 -49.48000 1.50000 -103.9170
-195.55000 -35.66000 1.50000 -270.4596
-250.94000 -128.50000 1.50000 -151.8948
19.96000 -49.48000 1.50000 -103.9616
-195.55000 -35.66000 1.50000 -270.4813
-250.94000 -128.50000 1.50000 -151.9126
19.96000 -49.48000 1.50000 -104.0061
-195.55000 -35.66000 1.50000 -270.5030
-250.94000 -128.50000 1.50000 -151.9303
19.96000 -49.48000 1.50000 -104.0503
-195.55000 -35.66000 1.50000 -270.5246
-250.94000 -128.50000 1.50000 -111.9481
19.96000 -49.48000 1.50000 -104.0943
-195.55000 -35.66000 1.50000 -270.5461
-250.94000 -128.50000 1.50000 -111.9658
19.96000 -49.48000 1.50000 -104.1382
-195.55000 -35.66000 1.50000 -270.5676
-250.94000 -128.50000 1.50000 -71.9834
19.96000 -49.48000 1.50000 -104.1497
-195.55000 -35.66000 1.50000 -270.5695
-250.94000 -128.50000 1.50000 -151.9883
19.96000 -49.48000 1.50000 -104.1060
-195.55000 -35.66000 1.50000 -270.5480
-250.94000 -128.50000 1.50000 -151.9707
19.96000 -49.48000 1.50000 -104.0620
-195.55000 -35.66000 1.50000 -270.5265
-250.94000 -128.50000 1.50000 -151.9530
19.96000 -49.48000 1.50000 -104.0179
-195.55000 -35.66000 1.50000 -270.5049
-250.94000 -128.50000 1.50000 -151.9353
19.96000 -49.48000 1.50000 -103.9736
-195.55000 -35.66000 1.50000 -270.4832
-250.94000 -128.50000 1.50000 -151.9176
19.96000 -49.48000 1.50000 -103.9291
-195.55000 -35.66000 1.50000 -270.4615
-250.94000 -128.50000 1.50000 -151.8999
19.96000 -49.48000 1.50000 -103.8843
-195.55000 -35.66000 1.50000 -270.4398
-250.94000 -128.50000 1.50000 -151.8820
19.96000 -49.48000 1.50000 -103.8394
-195.55000 -35.66000 1.50000 -270.4180
-250.94000 -128.50000 1.50000 -151.8642
19.96000 -49.48000 1.50000 -103.7942
-195.55000 -35.66000 1.50000 -270.3961
-250.94000 -128.50000 1.50000 -151.8464
19.96000 -49.48000 1.50000 -103.7488
-195.55000 -35.66000 1.50000 -270.3742
-250.94000 -128.50000 1.50000 -151.8285
19.96000 -49.48000 1.50000 -103.7616
-195.55000 -35.66000 1.50000 -270.3762
-250.94000 -128.50000 1.50000 -151.8336
19.96000 -49.48000 1.50000 -103.8069
-195.55000 -35.66000 1.50000 -270.3981
-250.94000 -128.50000 1.50000 -151.8515
19.96000 -49.48000 1.50000 -103.8519
-195.55000 -35.66000 1.50000 -270.4200
-250.94000 -128.50000 1.50000 -151.8693
19.96000 -49.48000 1.50000 -103.8968
-195.55000 -35.66000 1.50000 -270.4418
-250.94000 -128.50000 1.50000 -151.8871
19.96000 -49.48000 1.50000 -103.9414
-195.55000 -35.66000 1.50000 -270.4635
-250.94000 -128.50000 1.50000 -151.9049
19.96000 -49.48000 1.50000 -103.9858
-195.55000 -35.66000 1.50000 -270.4852
-250.94000 -128.50000 1.50000 -151.9227
19.96000 -49.48000 1.50000 -104.0300
-195.55000 -35.66000 1.50000 -270.5069
-250.94000 -128.50000 1.50000 -151.9404
19.96000 -49.48000 1.50000 -104.0740
-195.55000 -35.66000 1.50000 -270.5284
-250.94000 -128.50000 1.50000 -151.9581
19.96000 -49.48000 1.50000 -104.1178
-195.55000 -35.66000 1.50000 -270.5500
-250.94000 -128.50000 1.50000 -151.9757
19.96000 -49.48000 1.50000 -104.1614
-195.55000 -35.66000 1.50000 -270.5715
-250.94000 -128.50000 1.50000 -151.9933
19.96000 -49.48000 1.50000 -104.2047
-195.55000 -35.66000 1.50000 -270.5929
-250.94000 -128.50000 1.50000 -152.0109
19.96000 -49.48000 1.50000 -104.2479
-195.55000 -35.66000 1.50000 -270.6143
-250.94000 -128.50000 1.50000 -152.0284
19.96000 -49.48000 1.50000 -104.2909
-195.55000 -35.66000 1.50000 -270.6356
-250.94000 -128.50000 1.50000 -152.0459
19.96000 -49.48000 1.50000 -104.3337
-195.55000 -35.66000 1.50000 -270.6569
-250.94000 -128.50000 1.50000 -152.0634
19.96000 -49.48000 1.50000 -104.3451
-195.55000 -35.66000 1.50000 -270.6588
-250.94000 -128.50000 1.50000 -152.0684
19.96000 -49.48000 1.50000 -104.3025
-195.55000 -35.66000 1.50000 -270.6375
-250.94000 -128.50000 1.50000 -152.0509
19.96000 -49.48000 1.50000 -104.2596
-195.55000 -35.66000 1.50000 -270.6162
-250.94000 -128.50000 1.50000 -152.0334
19.96000 -49.48000 1.50000 -104.2165
-195.55000 -35.66000 1.50000 -270.5948
-250.94000 -128.50000 1.50000 -152.0159
19.96000 -49.48000 1.50000 -104.1733
-195.55000 -35.66000 1.50000 -270.5734
-250.94000 -128.50000 1.50000 -151.9983
19.96000 -49.48000 1.50000 -104.1298
-195.55000 -35.66000 1.50000 -270.5520
-250.94000 -128.50000 1.50000 -151.9807
19.96000 -49.48000 1.50000 -104.0861
-195.55000 -35.66000 1.50000 -270.5305
-250.94000 -128.50000 1.50000 -151.9631
19.96000 -49.48000 1.50000 -104.0423
-195.55000 -35.66000 1.50000 -270.5089
-250.94000 -128.50000 1.50000 -151.9454
19.96000 -49.48000 1.50000 -103.9982
-195.55000 -35.66000 1.50000 -270.4872
-250.94000 -128.50000 1.50000 -151.9277
19.96000 -49.48000 1.50000 -103.9539
-195.55000 -35.66000 1.50000 -270.4656
-250.94000 -128.50000 1.50000 -151.9100
19.96000 -49.48000 1.50000 -103.9094
-195.55000 -35.66000 1.50000 -270.4438
-250.94000 -128.50000 1.50000 -151.8923
19.96000 -49.48000 1.50000 -103.9223
-195.55000 -35.66000 1.50000 -270.4459
-250.94000 -128.50000 1.50000 -151.8974
19.96000 -49.48000 1.50000 -103.9666
-195.55000 -35.66000 1.50000 -270.4677
-250.94000 -128.50000 1.50000 -151.9152
19.96000 -49.48000 1.50000 -104.0108
-195.55000 -35.66000 1.50000 -270.4893
-250.94000 -128.50000 1.50000 -151.9329
19.96000 -49.48000 1.50000 -104.0547
-195.55000 -35.66000 1.50000 -270.5109
-250.94000 -128.50000 1.50000 -151.9505
19.96000 -49.48000 1.50000 -104.0985
-195.55000 -35.66000 1.50000 -270.5325
-250.94000 -128.50000 1.50000 -151.9682
19.96000 -49.48000 1.50000 -104.1420
-195.55000 -35.66000 1.50000 -270.5540
-250.94000 -128.50000 1.50000 -151.9858
19.96000 -49.48000 1.50000 -104.1854
-195.55000 -35.66000 1.50000 -270.5755
-250.94000 -128.50000 1.50000 -152.0034
19.96000 -49.48000 1.50000 -104.2285
-195.55000 -35.66000 1.50000 -270.5969
-250.94000 -128.50000 1.50000 -152.0209
19.96000 -49.48000 1.50000 -104.2715
-195.55000 -35.66000 1.50000 -270.6182
-250.94000 -128.50000 1.50000 -152.0384
19.96000 -49.48000 1.50000 -104.3142
-195.55000 -35.66000 1.50000 -270.6395
-250.94000 -128.50000 1.50000 -152.0559
19.96000 -49.48000 1.50000 -104.3568
-195.55000 -35.66000 1.50000 -270.6608
-250.94000 -128.50000 1.50000 -152.0733
19.96000 -49.48000 1.50000 -104.3991
-195.55000 -35.66000 1.50000 -270.6820
-250.94000 -128.50000 1.50000 -152.0907
19.96000 -49.48000 1.50000 -104.4413
-195.55000 -35.66000 1.50000 -270.7031
-250.94000 -128.50000 1.50000 -152.1081
19.96000 -49.48000 1.50000 -104.4833
-195.55000 -35.66000 1.50000 -270.7242
-250.94000 -128.50000 1.50000 -152.1254
19.96000 -49.48000 1.50000 -104.4948
-195.55000 -35.66000 1.50000 -270.7263
-250.94000 -128.50000 1.50000 -152.1304
19.96000 -49.48000 1.50000 -104.4529
-195.55000 -35.66000 1.50000 -270.7052
-250.94000 -128.50000 1.50000 -152.1130
19.96000 -49.48000 1.50000 -104.4109
-195.55000 -35.66000 1.50000 -270.6840
-250.94000 -128.50000 1.50000 -152.0957
19.96000 -49.48000 1.50000 -104.3686
-195.55000 -35.66000 1.50000 -270.6628
-250.94000 -128.50000 1.50000 -152.0783
19.96000 -49.48000 1.50000 -104.3261
-195.55000 -35.66000 1.50000 -270.6416
-250.94000 -128.50000 1.50000 -152.0609
19.96000 -49.48000 1.50000 -104.2835
-195.55000 -35.66000 1.50000 -270.6203
-250.94000 -128.50000 1.50000 -152.0434
19.96000 -49.48000 1.50000 -104.2407
-195.55000 -35.66000 1.50000 -270.5990
-250.94000 -128.50000 1.50000 -152.0259
19.96000 -49.48000 1.50000 -104.1977
-195.55000 -35.66000 1.50000 -270.5776
-250.94000 -128.50000 1.50000 -152.0084
19.96000 -49.48000 1.50000 -104.1544
-195.55000 -35.66000 1.50000 -270.5561
-250.94000 -128.50000 1.50000 -151.9909
19.96000 -49.48000 1.50000 -104.1110
-195.55000 -35.66000 1.50000 -270.5346
-250.94000 -128.50000 1.50000 -151.9733
19.96000 -49.48000 1.50000 -144.1238
-195.55000 -35.66000 1.50000 -270.5368
-250.94000 -128.50000 1.50000 -191.9784
19.96000 -49.48000 1.50000 -144.1671
-195.55000 -35.66000 1.50000 -270.5583
-250.94000 -128.50000 1.50000 -191.9960
19.96000 -49.48000 1.50000 -104.2101
-195.55000 -35.66000 1.50000 -270.5797
-250.94000 -128.50000 1.50000 -152.0135
19.96000 -49.48000 1.50000 -104.2531
-195.55000 -35.66000 1.50000 -270.6011
-250.94000 -128.50000 1.50000 -152.0310
19.96000 -49.48000 1.50000 -104.2958
-195.55000 -35.66000 1.50000 -270.6224
-250.94000 -128.50000 1.50000 -152.0485
19.96000 -49.48000 1.50000 -104.3383
-195.55000 -35.66000 1.50000 -270.6437
-250.94000 -128.50000 1.50000 -152.0659
19.96000 -49.48000 1.50000 -104.3806
-195.55000 -35.66000 1.50000 -270.6649
-250.94000 -128.50000 1.50000 -152.0833
19.96000 -49.48000 1.50000 -104.4227
-195.55000 -35.66000 1.50000 -270.6861
-250.94000 -128.50000 1.50000 -152.1007
19.96000 -49.48000 1.50000 -104.4647
-195.55000 -35.66000 1.50000 -270.7072
-250.94000 -128.50000 1.50000 -152.1180
19.96000 -49.48000 1.50000 -104.5065
-195.55000 -35.66000 1.50000 -270.7283
-250.94000 -128.50000 1.50000 -152.1353
19.96000 -49.48000 1.50000 -104.5480
-195.55000 -35.66000 1.50000 -270.7493
-250.94000 -128.50000 1.50000 -152.1526
19.96000 -49.48000 1.50000 -104.5894
-195.55000 -35.66000 1.50000 -270.7703
-250.94000 -128.50000 1.50000 -152.1698
19.96000 -49.48000 1.50000 -104.6307
-195.55000 -35.66000 1.50000 -270.7913
-250.94000 -128.50000 1.50000 -152.1871
19.96000 -49.48000 1.50000 -104.6422
-195.55000 -35.66000 1.50000 -270.7933
-250.94000 -128.50000 1.50000 -152.1920
19.96000 -49.48000 1.50000 -104.6011
-195.55000 -35.66000 1.50000 -270.7724
-250.94000 -128.50000 1.50000 -152.1748
19.96000 -49.48000 1.50000 -104.5598
-195.55000 -35.66000 1.50000 -270.7515
-250.94000 -128.50000 1.50000 -152.1576
19.96000 -49.48000 1.50000 -104.5183
-195.55000 -35.66000 1.50000 -270.7304
-250.94000 -128.50000 1.50000 -152.1403
19.96000 -49.48000 1.50000 -104.4767
-195.55000 -35.66000 1.50000 -270.7094
-250.94000 -128.50000 1.50000 -152.1230
19.96000 -49.48000 1.50000 -104.4348
-195.55000 -35.66000 1.50000 -270.6883
-250.94000 -128.50000 1.50000 -152.1057
19.96000 -49.48000 1.50000 -104.3928
-195.55000 -35.66000 1.50000 -270.6671
-250.94000 -128.50000 1.50000 -152.0884
19.96000 -49.48000 1.50000 -144.3506
-195.55000 -35.66000 1.50000 -270.6459
-250.94000 -128.50000 1.50000 -192.0710
19.96000 -49.48000 1.50000 -144.3082
-195.55000 -35.66000 1.50000 -270.6246
-250.94000 -128.50000 1.50000 -192.0536
19.96000 -49.48000 1.50000 -144.2656
-195.55000 -35.66000 1.50000 -270.6033
-250.94000 -128.50000 1.50000 -192.0361
19.96000 -49.48000 1.50000 -144.2784
-195.55000 -35.66000 1.50000 -230.6055
-250.94000 -128.50000 1.50000 -192.0413
19.96000 -49.48000 1.50000 -144.3208
-195.55000 -35.66000 1.50000 -270.6268
-250.94000 -128.50000 1.50000 -192.0587
19.96000 -49.48000 1.50000 -144.3631
-195.55000 -35.66000 1.50000 -270.6481
-250.94000 -128.50000 1.50000 -192.0761
19.96000 -49.48000 1.50000 -144.4052
-195.55000 -35.66000 1.50000 -270.6693
-250.94000 -128.50000 1.50000 -192.0934
19.96000 -49.48000 1.50000 -144.4471
-195.55000 -35.66000 1.50000 -270.6905
-250.94000 -128.50000 1.50000 -192.1108
19.96000 -49.48000 1.50000 -144.4888
-195.55000 -35.66000 1.50000 -270.7115
-250.94000 -128.50000 1.50000 -192.1281
19.96000 -49.48000 1.50000 -104.5303
-195.55000 -35.66000 1.50000 -270.7326
-250.94000 -128.50000 1.50000 -152.1453
19.96000 -49.48000 1.50000 -104.5717
-195.55000 -35.66000 1.50000 -270.7536
-250.94000 -128.50000 1.50000 -152.1626
19.96000 -49.48000 1.50000 -104.6129
-195.55000 -35.66000 1.50000 -270.7746
-250.94000 -128.50000 1.50000 -152.1798
19.96000 -49.48000 1.50000 -104.6539
-195.55000 -35.66000 1.50000 -270.7955
-250.94000 -128.50000 1.50000 -152.1970
19.96000 -49.48000 1.50000 -104.6947
-195.55000 -35.66000 1.50000 -270.8163
-250.94000 -128.50000 1.50000 -152.2141
19.96000 -49.48000 1.50000 -104.7354
-195.55000 -35.66000 1.50000 -270.8372
-250.94000 -128.50000 1.50000 -152.2312
19.96000 -49.48000 1.50000 -104.7758
-195.55000 -35.66000 1.50000 -270.8579
-250.94000 -128.50000 1.50000 -152.2483
19.96000 -49.48000 1.50000 -104.8161
-195.55000 -35.66000 1.50000 -270.8786
-250.94000 -128.50000 1.50000 -152.2653
19.96000 -49.48000 1.50000 -104.8276
-195.55000 -35.66000 1.50000 -270.8807
-250.94000 -128.50000 1.50000 -152.2702
19.96000 -49.48000 1.50000 -104.7874
-195.55000 -35.66000 1.50000 -270.8600
-250.94000 -128.50000 1.50000 -152.2532
19.96000 -49.48000 1.50000 -104.7470
-195.55000 -35.66000 1.50000 -270.8393
-250.94000 -128.50000 1.50000 -152.2362
19.96000 -49.48000 1.50000 -104.7065
-195.55000 -35.66000 1.50000 -270.8185
-250.94000 -128.50000 1.50000 -152.2191
19.96000 -49.48000 1.50000 -104.6658
-195.55000 -35.66000 1.50000 -230.7977
-250.94000 -128.50000 1.50000 -192.2020
19.96000 -49.48000 1.50000 -144.6249
-195.55000 -35.66000 1.50000 -230.7768
-250.94000 -128.50000 1.50000 -192.1848
19.96000 -49.48000 1.50000 -144.5838
-195.55000 -35.66000 1.50000 -230.7558
-250.94000 -128.50000 1.50000 -192.1676
19.96000 -49.48000 1.50000 -144.5426
-195.55000 -35.66000 1.50000 -230.7348
-250.94000 -128.50000 1.50000 -192.1504
19.96000 -49.48000 1.50000 -144.5011
-195.55000 -35.66000 1.50000 -230.7138
-250.94000 -128.50000 1.50000 -192.1331
19.96000 -49.48000 1.50000 -144.4595
-195.55000 -35.66000 1.50000 -230.6927
-250.94000 -128.50000 1.50000 -192.1159
19.96000 -49.48000 1.50000 -144.4722
-195.55000 -35.66000 1.50000 -230.6950
-250.94000 -128.50000 1.50000 -192.1210
19.96000 -49.48000 1.50000 -144.5137
-195.55000 -35.66000 1.50000 -230.7161
-250.94000 -128.50000 1.50000 -192.1383
19.96000 -49.48000 1.50000 -144.5550
-195.55000 -35.66000 1.50000 -230.7371
-250.94000 -128.50000 1.50000 -192.1555
19.96000 -49.48000 1.50000 -144.5961
-195.55000 -35.66000 1.50000 -230.7581
-250.94000 -128.50000 1.50000 -192.1727
19.96000 -49.48000 1.50000 -144.6370
-195.55000 -35.66000 1.50000 -230.7790
-250.94000 -128.50000 1.50000 -192.1898
19.96000 -49.48000 1.50000 -144.6778
-195.55000 -35.66000 1.50000 -230.7999
-250.94000 -128.50000 1.50000 -192.2070
19.96000 -49.48000 1.50000 -144.7184
-195.55000 -35.66000 1.50000 -230.8207
-250.94000 -128.50000 1.50000 -192.2241
19.96000 -49.48000 1.50000 -144.7588
-195.55000 -35.66000 1.50000 -230.8415
-250.94000 -128.50000 1.50000 -192.2411
19.96000 -49.48000 1.50000 -144.7991
-195.55000 -35.66000 1.50000 -230.8623
-250.94000 -128.50000 1.50000 -192.2582
19.96000 -49.48000 1.50000 -104.8392
-195.55000 -35.66000 1.50000 -230.8829
-250.94000 -128.50000 1.50000 -152.2752
19.96000 -49.48000 1.50000 -104.8791
-195.55000 -35.66000 1.50000 -230.9036
-250.94000 -128.50000 1.50000 -152.2922
19.96000 -49.48000 1.50000 -104.9188
-195.55000 -35.66000 1.50000 -230.9242
-250.94000 -128.50000 1.50000 -152.3091
19.96000 -49.48000 1.50000 -104.9584
-195.55000 -35.66000 1.50000 -230.9447
-250.94000 -128.50000 1.50000 -152.3260
19.96000 -49.48000 1.50000 -104.9699
-195.55000 -35.66000 1.50000 -230.9469
-250.94000 -128.50000 1.50000 -152.3310
19.96000 -49.48000 1.50000 -144.9304
-195.55000 -35.66000 1.50000 -230.9264
-250.94000 -128.50000 1.50000 -192.3141
19.96000 -49.48000 1.50000 -144.8908
-195.55000 -35.66000 1.50000 -230.9058
-250.94000 -128.50000 1.50000 -192.2971
19.96000 -49.48000 1.50000 -144.8510
-195.55000 -35.66000 1.50000 -230.8852
-250.94000 -128.50000 1.50000 -192.2802
19.96000 -49.48000 1.50000 -144.8110
-195.55000 -35.66000 1.50000 -230.8645
-250.94000 -128.50000 1.50000 -192.2632
19.96000 -49.48000 1.50000 -144.7708
-195.55000 -35.66000 1.50000 -230.8438
-250.94000 -128.50000 1.50000 -192.2462
19.96000 -49.48000 1.50000 -144.7305
-195.55000 -35.66000 1.50000 -230.8230
-250.94000 -128.50000 1.50000 -192.2291
19.96000 -49.48000 1.50000 -144.6900
-195.55000 -35.66000 1.50000 -230.8022
-250.94000 -128.50000 1.50000 -192.2120
19.96000 -49.48000 1.50000 -144.6494
-195.55000 -35.66000 1.50000 -230.7813
-250.94000 -128.50000 1.50000 -192.1949
19.96000 -49.48000 1.50000 -144.6086
-195.55000 -35.66000 1.50000 -230.7604
-250.94000 -128.50000 1.50000 -192.1778
19.96000 -49.48000 1.50000 -144.6212
-195.55000 -35.66000 1.50000 -270.7628
-250.94000 -128.50000 1.50000 -192.1829
19.96000 -49.48000 1.50000 -144.6619
-195.55000 -35.66000 1.50000 -270.7837
-250.94000 -128.50000 1.50000 -192.2000
19.96000 -49.48000 1.50000 -144.7024
-195.55000 -35.66000 1.50000 -270.8045
-250.94000 -128.50000 1.50000 -192.2171
19.96000 -49.48000 1.50000 -144.7428
-195.55000 -35.66000 1.50000 -270.8253
-250.94000 -128.50000 1.50000 -192.2342
19.96000 -49.48000 1.50000 -144.7830
-195.55000 -35.66000 1.50000 -270.8461
-250.94000 -128.50000 1.50000 -192.2512
19.96000 -49.48000 1.50000 -144.8230
-195.55000 -35.66000 1.50000 -230.8668
-250.94000 -128.50000 1.50000 -192.2682
19.96000 -49.48000 1.50000 -144.8629
-195.55000 -35.66000 1.50000 -230.8875
-250.94000 -128.50000 1.50000 -192.2852
19.96000 -49.48000 1.50000 -144.9026
-195.55000 -35.66000 1.50000 -230.9081
-250.94000 -128.50000 1.50000 -192.3021
19.96000 -49.48000 1.50000 -144.9421
-195.55000 -35.66000 1.50000 -230.9287
-250.94000 -128.50000 1.50000 -192.3190
19.96000 -49.48000 1.50000 -144.9815
-195.55000 -35.66000 1.50000 -230.9492
-250.94000 -128.50000 1.50000 -192.3359
19.96000 -49.48000 1.50000 -145.0207
-195.55000 -35.66000 1.50000 -230.9697
-250.94000 -128.50000 1.50000 -192.3528
19.96000 -49.48000 1.50000 -145.0324
-195.55000 -35.66000 1.50000 -270.9720
-250.94000 -128.50000 1.50000 -192.3577
19.96000 -49.48000 1.50000 -144.9933
-195.55000 -35.66000 1.50000 -270.9515
-250.94000 -128.50000 1.50000 -192.3409
19.96000 -49.48000 1.50000 -144.9540
-195.55000 -35.66000 1.50000 -270.9310
-250.94000 -128.50000 1.50000 -192.3240
19.96000 -49.48000 1.50000 -144.9146
-195.55000 -35.66000 1.50000 -270.9104
-250.94000 -128.50000 1.50000 -192.3071
19.96000 -49.48000 1.50000 -144.8750
-195.55000 -35.66000 1.50000 -270.8898
-250.94000 -128.50000 1.50000 -192.2902
19.96000 -49.48000 1.50000 -144.8353
-195.55000 -35.66000 1.50000 -270.8692
-250.94000 -128.50000 1.50000 -192.2733
19.96000 -49.48000 1.50000 -144.7953
-195.55000 -35.66000 1.50000 -270.8485
-250.94000 -128.50000 1.50000 -192.2563
19.96000 -49.48000 1.50000 -144.8078
-195.55000 -35.66000 1.50000 -270.8509
-250.94000 -128.50000 1.50000 -232.2614
19.96000 -49.48000 1.50000 -144.8476
-195.55000 -35.66000 1.50000 -270.8716
-250.94000 -128.50000 1.50000 -192.2784
19.96000 -49.48000 1.50000 -144.8873
-195.55000 -35.66000 1.50000 -270.8922
-250.94000 -128.50000 1.50000 -192.2953
19.96000 -49.48000 1.50000 -144.9268
-195.55000 -35.66000 1.50000 -270.9128
-250.94000 -128.50000 1.50000 -192.3122
19.96000 -49.48000 1.50000 -144.9661
-195.55000 -35.66000 1.50000 -270.9333
-250.94000 -128.50000 1.50000 -192.3291
19.96000 -49.48000 1.50000 -145.0052
-195.55000 -35.66000 1.50000 -270.9539
-250.94000 -128.50000 1.50000 -192.3459
19.96000 -49.48000 1.50000 -145.0442
-195.55000 -35.66000 1.50000 -270.9743
-250.94000 -128.50000 1.50000 -192.3627