19.96000 -49.48000 1.50000 -84.0597
-195.55000 -35.66000 1.50000 -170.5907
-250.94000 -128.50000 1.50000 -131.9179
19.96000 -49.48000 1.50000 -84.0657
-195.55000 -35.66000 1.50000 -170.5913
-250.94000 -128.50000 1.50000 -131.9219
19.96000 -49.48000 1.50000 -84.1105
-195.55000 -35.66000 1.50000 -170.6127
-250.94000 -128.50000 1.50000 -131.9399
19.96000 -49.48000 1.50000 -84.1551
-195.55000 -35.66000 1.50000 -170.6341
-250.94000 -128.50000 1.50000 -131.9578
19.96000 -49.48000 1.50000 -84.1612
-195.55000 -35.66000 1.50000 -170.6347
-250.94000 -128.50000 1.50000 -131.9619
19.96000 -49.48000 1.50000 -84.1167
-195.55000 -35.66000 1.50000 -170.6133
-250.94000 -128.50000 1.50000 -131.9440
19.96000 -49.48000 1.50000 -84.0719
-195.55000 -35.66000 1.50000 -170.5919
-250.94000 -128.50000 1.50000 -131.9260
19.96000 -49.48000 1.50000 -84.0269
-195.55000 -35.66000 1.50000 -170.5704
-250.94000 -128.50000 1.50000 -131.9081
19.96000 -49.48000 1.50000 -84.0334
-195.55000 -35.66000 1.50000 -170.5711
-250.94000 -128.50000 1.50000 -131.9122
19.96000 -49.48000 1.50000 -84.0783
-195.55000 -35.66000 1.50000 -170.5926
-250.94000 -128.50000 1.50000 -131.9302
19.96000 -49.48000 1.50000 -84.1230
-195.55000 -35.66000 1.50000 -170.6140
-250.94000 -128.50000 1.50000 -131.9481
19.96000 -49.48000 1.50000 -84.1675
-195.55000 -35.66000 1.50000 -170.6354
-250.94000 -128.50000 1.50000 -131.9660
19.96000 -49.48000 1.50000 -84.2117
-195.55000 -35.66000 1.50000 -170.6567
-250.94000 -128.50000 1.50000 -131.9838
19.96000 -49.48000 1.50000 -84.2558
-195.55000 -35.66000 1.50000 -170.6780
-250.94000 -128.50000 1.50000 -132.0016
19.96000 -49.48000 1.50000 -84.2996
-195.55000 -35.66000 1.50000 -170.6992
-250.94000 -128.50000 1.50000 -132.0194
19.96000 -49.48000 1.50000 -84.3059
-195.55000 -35.66000 1.50000 -170.7000
-250.94000 -128.50000 1.50000 -132.0235
19.96000 -49.48000 1.50000 -84.2622
-195.55000 -35.66000 1.50000 -170.6787
-250.94000 -128.50000 1.50000 -132.0057
19.96000 -49.48000 1.50000 -84.2182
-195.55000 -35.66000 1.50000 -170.6575
-250.94000 -128.50000 1.50000 -131.9879
19.96000 -49.48000 1.50000 -84.1740
-195.55000 -35.66000 1.50000 -170.6362
-250.94000 -128.50000 1.50000 -131.9701
19.96000 -49.48000 1.50000 -84.1296
-195.55000 -35.66000 1.50000 -170.6148
-250.94000 -128.50000 1.50000 -131.9523
19.96000 -49.48000 1.50000 -84.0850
-195.55000 -35.66000 1.50000 -170.5934
-250.94000 -128.50000 1.50000 -131.9344
19.96000 -49.48000 1.50000 -84.0401
-195.55000 -35.66000 1.50000 -170.5719
-250.94000 -128.50000 1.50000 -131.9164
19.96000 -49.48000 1.50000 -83.9951
-195.55000 -35.66000 1.50000 -170.5504
-250.94000 -128.50000 1.50000 -131.8985
19.96000 -49.48000 1.50000 -83.9498
-195.55000 -35.66000 1.50000 -170.5288
-250.94000 -128.50000 1.50000 -131.8805
19.96000 -49.48000 1.50000 -83.9569
-195.55000 -35.66000 1.50000 -210.5296
-250.94000 -128.50000 1.50000 -131.8847
19.96000 -49.48000 1.50000 -84.0021
-195.55000 -35.66000 1.50000 -210.5512
-250.94000 -128.50000 1.50000 -131.9027
19.96000 -49.48000 1.50000 -84.0471
-195.55000 -35.66000 1.50000 -210.5727
-250.94000 -128.50000 1.50000 -131.9207
19.96000 -49.48000 1.50000 -84.0919
-195.55000 -35.66000 1.50000 -210.5942
-250.94000 -128.50000 1.50000 -131.9386
19.96000 -49.48000 1.50000 -84.1364
-195.55000 -35.66000 1.50000 -210.6156
-250.94000 -128.50000 1.50000 -131.9565
19.96000 -49.48000 1.50000 -84.1808
-195.55000 -35.66000 1.50000 -210.6370
-250.94000 -128.50000 1.50000 -131.9743
19.96000 -49.48000 1.50000 -84.2249
-195.55000 -35.66000 1.50000 -210.6583
-250.94000 -128.50000 1.50000 -131.9921
19.96000 -49.48000 1.50000 -84.2688
-195.55000 -35.66000 1.50000 -210.6795
-250.94000 -128.50000 1.50000 -132.0099
19.96000 -49.48000 1.50000 -84.3125
-195.55000 -35.66000 1.50000 -210.7007
-250.94000 -128.50000 1.50000 -132.0276
19.96000 -49.48000 1.50000 -84.3559
-195.55000 -35.66000 1.50000 -210.7219
-250.94000 -128.50000 1.50000 -132.0453
19.96000 -49.48000 1.50000 -84.3992
-195.55000 -35.66000 1.50000 -210.7430
-250.94000 -128.50000 1.50000 -132.0630
19.96000 -49.48000 1.50000 -84.4058
-195.55000 -35.66000 1.50000 -210.7439
-250.94000 -128.50000 1.50000 -132.0671
19.96000 -49.48000 1.50000 -84.3626
-195.55000 -35.66000 1.50000 -210.7227
-250.94000 -128.50000 1.50000 -132.0495
19.96000 -49.48000 1.50000 -84.3192
-195.55000 -35.66000 1.50000 -210.7016
-250.94000 -128.50000 1.50000 -132.0318
19.96000 -49.48000 1.50000 -84.2756
-195.55000 -35.66000 1.50000 -210.6804
-250.94000 -128.50000 1.50000 -132.0141
19.96000 -49.48000 1.50000 -84.2318
-195.55000 -35.66000 1.50000 -210.6591
-250.94000 -128.50000 1.50000 -131.9963
19.96000 -49.48000 1.50000 -84.1877
-195.55000 -35.66000 1.50000 -210.6378
-250.94000 -128.50000 1.50000 -131.9785
19.96000 -49.48000 1.50000 -84.1435
-195.55000 -35.66000 1.50000 -210.6165
-250.94000 -128.50000 1.50000 -131.9607
19.96000 -49.48000 1.50000 -84.0990
-195.55000 -35.66000 1.50000 -210.5950
-250.94000 -128.50000 1.50000 -131.9428
19.96000 -49.48000 1.50000 -84.0543
-195.55000 -35.66000 1.50000 -210.5736
-250.94000 -128.50000 1.50000 -131.9249
19.96000 -49.48000 1.50000 -84.0617
-195.55000 -35.66000 1.50000 -210.5745
-250.94000 -128.50000 1.50000 -131.9292
19.96000 -49.48000 1.50000 -84.1063
-195.55000 -35.66000 1.50000 -210.5959
-250.94000 -128.50000 1.50000 -131.9471
19.96000 -49.48000 1.50000 -84.1507
-195.55000 -35.66000 1.50000 -210.6174
-250.94000 -128.50000 1.50000 -131.9650
19.96000 -49.48000 1.50000 -84.1949
-195.55000 -35.66000 1.50000 -210.6387
-250.94000 -128.50000 1.50000 -131.9828
19.96000 -49.48000 1.50000 -84.2389
-195.55000 -35.66000 1.50000 -210.6600
-250.94000 -128.50000 1.50000 -132.0005
19.96000 -49.48000 1.50000 -84.2827
-195.55000 -35.66000 1.50000 -210.6813
-250.94000 -128.50000 1.50000 -132.0183
19.96000 -49.48000 1.50000 -84.3262
-195.55000 -35.66000 1.50000 -210.7025
-250.94000 -128.50000 1.50000 -132.0360
19.96000 -49.48000 1.50000 -84.3695
-195.55000 -35.66000 1.50000 -210.7236
-250.94000 -128.50000 1.50000 -132.0537
19.96000 -49.48000 1.50000 -84.4127
-195.55000 -35.66000 1.50000 -210.7447
-250.94000 -128.50000 1.50000 -132.0713
19.96000 -49.48000 1.50000 -84.4556
-195.55000 -35.66000 1.50000 -210.7658
-250.94000 -128.50000 1.50000 -132.0889
19.96000 -49.48000 1.50000 -84.4983
-195.55000 -35.66000 1.50000 -210.7868
-250.94000 -128.50000 1.50000 -132.1065
19.96000 -49.48000 1.50000 -84.5408
-195.55000 -35.66000 1.50000 -210.8077
-250.94000 -128.50000 1.50000 -132.1240
19.96000 -49.48000 1.50000 -84.5831
-195.55000 -35.66000 1.50000 -210.8286
-250.94000 -128.50000 1.50000 -132.1415
19.96000 -49.48000 1.50000 -84.5899
-195.55000 -35.66000 1.50000 -170.8295
-250.94000 -128.50000 1.50000 -132.1456
19.96000 -49.48000 1.50000 -84.5477
-195.55000 -35.66000 1.50000 -170.8086
-250.94000 -128.50000 1.50000 -132.1282
19.96000 -49.48000 1.50000 -84.5052
-195.55000 -35.66000 1.50000 -170.7877
-250.94000 -128.50000 1.50000 -132.1106
19.96000 -49.48000 1.50000 -84.4626
-195.55000 -35.66000 1.50000 -170.7667
-250.94000 -128.50000 1.50000 -132.0931
19.96000 -49.48000 1.50000 -84.4197
-195.55000 -35.66000 1.50000 -170.7457
-250.94000 -128.50000 1.50000 -132.0755
19.96000 -49.48000 1.50000 -84.3767
-195.55000 -35.66000 1.50000 -170.7246
-250.94000 -128.50000 1.50000 -132.0579
19.96000 -49.48000 1.50000 -84.3334
-195.55000 -35.66000 1.50000 -170.7034
-250.94000 -128.50000 1.50000 -132.0402
19.96000 -49.48000 1.50000 -84.2899
-195.55000 -35.66000 1.50000 -170.6822
-250.94000 -128.50000 1.50000 -132.0225
19.96000 -49.48000 1.50000 -84.2462
-195.55000 -35.66000 1.50000 -170.6610
-250.94000 -128.50000 1.50000 -132.0048
19.96000 -49.48000 1.50000 -84.2023
-195.55000 -35.66000 1.50000 -170.6397
-250.94000 -128.50000 1.50000 -131.9870
19.96000 -49.48000 1.50000 -84.2100
-195.55000 -35.66000 1.50000 -170.6407
-250.94000 -128.50000 1.50000 -91.9914
19.96000 -49.48000 1.50000 -84.2538
-195.55000 -35.66000 1.50000 -170.6620
-250.94000 -128.50000 1.50000 -92.0091
19.96000 -49.48000 1.50000 -84.2974
-195.55000 -35.66000 1.50000 -170.6832
-250.94000 -128.50000 1.50000 -92.0268
19.96000 -49.48000 1.50000 -84.3408
-195.55000 -35.66000 1.50000 -170.7044
-250.94000 -128.50000 1.50000 -92.0445
19.96000 -49.48000 1.50000 -84.3840
-195.55000 -35.66000 1.50000 -170.7256
-250.94000 -128.50000 1.50000 -132.0621
19.96000 -49.48000 1.50000 -84.4270
-195.55000 -35.66000 1.50000 -170.7466
-250.94000 -128.50000 1.50000 -132.0797
19.96000 -49.48000 1.50000 -84.4698
-195.55000 -35.66000 1.50000 -170.7677
-250.94000 -128.50000 1.50000 -132.0973
19.96000 -49.48000 1.50000 -84.5123
-195.55000 -35.66000 1.50000 -170.7887
-250.94000 -128.50000 1.50000 -132.1148
19.96000 -49.48000 1.50000 -84.5547
-195.55000 -35.66000 1.50000 -170.8096
-250.94000 -128.50000 1.50000 -132.1323
19.96000 -49.48000 1.50000 -84.5969
-195.55000 -35.66000 1.50000 -170.8305
-250.94000 -128.50000 1.50000 -132.1498
19.96000 -49.48000 1.50000 -84.6389
-195.55000 -35.66000 1.50000 -170.8513
-250.94000 -128.50000 1.50000 -132.1673
19.96000 -49.48000 1.50000 -84.6807
-195.55000 -35.66000 1.50000 -170.8721
-250.94000 -128.50000 1.50000 -132.1847
19.96000 -49.48000 1.50000 -84.7223
-195.55000 -35.66000 1.50000 -170.8929
-250.94000 -128.50000 1.50000 -132.2020
19.96000 -49.48000 1.50000 -84.7292
-195.55000 -35.66000 1.50000 -170.8939
-250.94000 -128.50000 1.50000 -132.2062
19.96000 -49.48000 1.50000 -84.6877
-195.55000 -35.66000 1.50000 -170.8731
-250.94000 -128.50000 1.50000 -132.1888
19.96000 -49.48000 1.50000 -84.6460
-195.55000 -35.66000 1.50000 -170.8524
-250.94000 -128.50000 1.50000 -132.1714
19.96000 -49.48000 1.50000 -84.6041
-195.55000 -35.66000 1.50000 -170.8315
-250.94000 -128.50000 1.50000 -132.1540
19.96000 -49.48000 1.50000 -84.5620
-195.55000 -35.66000 1.50000 -170.8106
-250.94000 -128.50000 1.50000 -132.1366
19.96000 -49.48000 1.50000 -84.5197
-195.55000 -35.66000 1.50000 -170.7897
-250.94000 -128.50000 1.50000 -92.1191
19.96000 -49.48000 1.50000 -84.4771
-195.55000 -35.66000 1.50000 -170.7687
-250.94000 -128.50000 1.50000 -92.1015
19.96000 -49.48000 1.50000 -84.4344
-195.55000 -35.66000 1.50000 -170.7477
-250.94000 -128.50000 1.50000 -92.0840
19.96000 -49.48000 1.50000 -84.3915
-195.55000 -35.66000 1.50000 -170.7266
-250.94000 -128.50000 1.50000 -92.0664
19.96000 -49.48000 1.50000 -84.3484
-195.55000 -35.66000 1.50000 -170.7055
-250.94000 -128.50000 1.50000 -92.0488
19.96000 -49.48000 1.50000 -84.3562
-195.55000 -35.66000 1.50000 -170.7066
-250.94000 -128.50000 1.50000 -92.0531
19.96000 -49.48000 1.50000 -84.3993
-195.55000 -35.66000 1.50000 -170.7277
-250.94000 -128.50000 1.50000 -92.0707
19.96000 -49.48000 1.50000 -84.4421
-195.55000 -35.66000 1.50000 -170.7488
-250.94000 -128.50000 1.50000 -92.0883
19.96000 -49.48000 1.50000 -84.4847
-195.55000 -35.66000 1.50000 -170.7698
-250.94000 -128.50000 1.50000 -92.1058
19.96000 -49.48000 1.50000 -84.5272
-195.55000 -35.66000 1.50000 -170.7908
-250.94000 -128.50000 1.50000 -92.1233
19.96000 -49.48000 1.50000 -84.5694
-195.55000 -35.66000 1.50000 -170.8117
-250.94000 -128.50000 1.50000 -92.1408
19.96000 -49.48000 1.50000 -84.6115
-195.55000 -35.66000 1.50000 -170.8326
-250.94000 -128.50000 1.50000 -92.1582
19.96000 -49.48000 1.50000 -84.6533
-195.55000 -35.66000 1.50000 -170.8534
-250.94000 -128.50000 1.50000 -92.1756
19.96000 -49.48000 1.50000 -84.6950
-195.55000 -35.66000 1.50000 -170.8742
-250.94000 -128.50000 1.50000 -92.1930
19.96000 -49.48000 1.50000 -84.7364
-195.55000 -35.66000 1.50000 -170.8949
-250.94000 -128.50000 1.50000 -92.2104
19.96000 -49.48000 1.50000 -84.7777
-195.55000 -35.66000 1.50000 -170.9156
-250.94000 -128.50000 1.50000 -132.2277
19.96000 -49.48000 1.50000 -84.8188
-195.55000 -35.66000 1.50000 -170.9362
-250.94000 -128.50000 1.50000 -132.2449
19.96000 -49.48000 1.50000 -84.8597
-195.55000 -35.66000 1.50000 -170.9568
-250.94000 -128.50000 1.50000 -132.2622
19.96000 -49.48000 1.50000 -84.8668
-195.55000 -35.66000 1.50000 -170.9579
-250.94000 -128.50000 1.50000 -92.2663
19.96000 -49.48000 1.50000 -84.8260
-195.55000 -35.66000 1.50000 -170.9373
-250.94000 -128.50000 1.50000 -92.2491
19.96000 -49.48000 1.50000 -84.7850
-195.55000 -35.66000 1.50000 -170.9167
-250.94000 -128.50000 1.50000 -92.2319
19.96000 -49.48000 1.50000 -84.7438
-195.55000 -35.66000 1.50000 -170.8960
-250.94000 -128.50000 1.50000 -92.2146
19.96000 -49.48000 1.50000 -84.7024
-195.55000 -35.66000 1.50000 -170.8753
-250.94000 -128.50000 1.50000 -92.1972
19.96000 -49.48000 1.50000 -84.6608
-195.55000 -35.66000 1.50000 -170.8545
-250.94000 -128.50000 1.50000 -92.1799
19.96000 -49.48000 1.50000 -84.6190
-195.55000 -35.66000 1.50000 -170.8337
-250.94000 -128.50000 1.50000 -92.1625
19.96000 -49.48000 1.50000 -84.5771
-195.55000 -35.66000 1.50000 -170.8128
-250.94000 -128.50000 1.50000 -92.1451
19.96000 -49.48000 1.50000 -84.5349
-195.55000 -35.66000 1.50000 -170.7919
-250.94000 -128.50000 1.50000 -92.1276
19.96000 -49.48000 1.50000 -84.4925
-195.55000 -35.66000 1.50000 -170.7709
-250.94000 -128.50000 1.50000 -92.1101
19.96000 -49.48000 1.50000 -84.5005
-195.55000 -35.66000 1.50000 -170.7721
-250.94000 -128.50000 1.50000 -92.1145
19.96000 -49.48000 1.50000 -84.5428
-195.55000 -35.66000 1.50000 -170.7931
-250.94000 -128.50000 1.50000 -92.1320
19.96000 -49.48000 1.50000 -84.5849
-195.55000 -35.66000 1.50000 -170.8140
-250.94000 -128.50000 1.50000 -92.1494
19.96000 -49.48000 1.50000 -84.6268
-195.55000 -35.66000 1.50000 -170.8349
-250.94000 -128.50000 1.50000 -92.1668
19.96000 -49.48000 1.50000 -84.6685
-195.55000 -35.66000 1.50000 -170.8557
-250.94000 -128.50000 1.50000 -92.1842
19.96000 -49.48000 1.50000 -84.7100
-195.55000 -35.66000 1.50000 -170.8764
-250.94000 -128.50000 1.50000 -92.2015
19.96000 -49.48000 1.50000 -84.7513
-195.55000 -35.66000 1.50000 -170.8972
-250.94000 -128.50000 1.50000 -92.2188
19.96000 -49.48000 1.50000 -84.7925
-195.55000 -35.66000 1.50000 -170.9178
-250.94000 -128.50000 1.50000 -92.2361
19.96000 -49.48000 1.50000 -84.8334
-195.55000 -35.66000 1.50000 -170.9385
-250.94000 -128.50000 1.50000 -92.2533
19.96000 -49.48000 1.50000 -84.8742
-195.55000 -35.66000 1.50000 -170.9590
-250.94000 -128.50000 1.50000 -92.2705
19.96000 -49.48000 1.50000 -84.9148
-195.55000 -35.66000 1.50000 -170.9796
-250.94000 -128.50000 1.50000 -92.2877
19.96000 -49.48000 1.50000 -84.9552
-195.55000 -35.66000 1.50000 -171.0000
-250.94000 -128.50000 1.50000 -92.3049
19.96000 -49.48000 1.50000 -84.9954
-195.55000 -35.66000 1.50000 -171.0205
-250.94000 -128.50000 1.50000 -92.3220
19.96000 -49.48000 1.50000 -85.0027
-195.55000 -35.66000 1.50000 -171.0216
-250.94000 -128.50000 1.50000 -92.3261
19.96000 -49.48000 1.50000 -84.9625
-195.55000 -35.66000 1.50000 -171.0012
-250.94000 -128.50000 1.50000 -92.3091
19.96000 -49.48000 1.50000 -84.9222
-195.55000 -35.66000 1.50000 -170.9807
-250.94000 -128.50000 1.50000 -92.2919
19.96000 -49.48000 1.50000 -84.8817
-195.55000 -35.66000 1.50000 -170.9602
-250.94000 -128.50000 1.50000 -92.2748
19.96000 -49.48000 1.50000 -84.8410
-195.55000 -35.66000 1.50000 -170.9397
-250.94000 -128.50000 1.50000 -92.2576
19.96000 -49.48000 1.50000 -84.8001
-195.55000 -35.66000 1.50000 -170.9190
-250.94000 -128.50000 1.50000 -92.2403
19.96000 -49.48000 1.50000 -84.7591
-195.55000 -35.66000 1.50000 -170.8984
-250.94000 -128.50000 1.50000 -92.2231
19.96000 -49.48000 1.50000 -84.7178
-195.55000 -35.66000 1.50000 -170.8777
-250.94000 -128.50000 1.50000 -92.2058
19.96000 -49.48000 1.50000 -84.6764
-195.55000 -35.66000 1.50000 -170.8569
-250.94000 -128.50000 1.50000 -92.1885
19.96000 -49.48000 1.50000 -84.6348
-195.55000 -35.66000 1.50000 -210.8361
-250.94000 -128.50000 1.50000 -92.1711
19.96000 -49.48000 1.50000 -124.6429
-195.55000 -35.66000 1.50000 -210.8373
-250.94000 -128.50000 1.50000 -92.1755
19.96000 -49.48000 1.50000 -124.6845
-195.55000 -35.66000 1.50000 -210.8582
-250.94000 -128.50000 1.50000 -92.1928
19.96000 -49.48000 1.50000 -124.7258
-195.55000 -35.66000 1.50000 -210.8789
-250.94000 -128.50000 1.50000 -92.2101
19.96000 -49.48000 1.50000 -124.7670
-195.55000 -35.66000 1.50000 -210.8996
-250.94000 -128.50000 1.50000 -92.2274
19.96000 -49.48000 1.50000 -124.8080
-195.55000 -35.66000 1.50000 -210.9203
-250.94000 -128.50000 1.50000 -92.2446
19.96000 -49.48000 1.50000 -84.8488
-195.55000 -35.66000 1.50000 -210.9409
-250.94000 -128.50000 1.50000 -92.2618
19.96000 -49.48000 1.50000 -84.8894
-195.55000 -35.66000 1.50000 -210.9614
-250.94000 -128.50000 1.50000 -92.2790
19.96000 -49.48000 1.50000 -84.9299
-195.55000 -35.66000 1.50000 -210.9820
-250.94000 -128.50000 1.50000 -92.2962
19.96000 -49.48000 1.50000 -84.9701
-195.55000 -35.66000 1.50000 -211.0024
-250.94000 -128.50000 1.50000 -92.3133
19.96000 -49.48000 1.50000 -85.0102
-195.55000 -35.66000 1.50000 -211.0228
-250.94000 -128.50000 1.50000 -92.3304
19.96000 -49.48000 1.50000 -85.0501
-195.55000 -35.66000 1.50000 -211.0432
-250.94000 -128.50000 1.50000 -92.3474
19.96000 -49.48000 1.50000 -85.0898
-195.55000 -35.66000 1.50000 -211.0635
-250.94000 -128.50000 1.50000 -92.3644
19.96000 -49.48000 1.50000 -85.0974
-195.55000 -35.66000 1.50000 -211.0648
-250.94000 -128.50000 1.50000 -92.3686
19.96000 -49.48000 1.50000 -85.0577
-195.55000 -35.66000 1.50000 -211.0445
-250.94000 -128.50000 1.50000 -92.3516
19.96000 -49.48000 1.50000 -125.0179
-195.55000 -35.66000 1.50000 -211.0241
-250.94000 -128.50000 1.50000 -92.3346
19.96000 -49.48000 1.50000 -124.9779
-195.55000 -35.66000 1.50000 -211.0037
-250.94000 -128.50000 1.50000 -92.3175
19.96000 -49.48000 1.50000 -124.9377
-195.55000 -35.66000 1.50000 -210.9832
-250.94000 -128.50000 1.50000 -92.3004
19.96000 -49.48000 1.50000 -124.8973
-195.55000 -35.66000 1.50000 -210.9627
-250.94000 -128.50000 1.50000 -92.2833
19.96000 -49.48000 1.50000 -124.8568
-195.55000 -35.66000 1.50000 -210.9422
-250.94000 -128.50000 1.50000 -92.2661
19.96000 -49.48000 1.50000 -124.8160
-195.55000 -35.66000 1.50000 -210.9216
-250.94000 -128.50000 1.50000 -92.2490
19.96000 -49.48000 1.50000 -124.8243
-195.55000 -35.66000 1.50000 -210.9229
-250.94000 -128.50000 1.50000 -92.2533
19.96000 -49.48000 1.50000 -124.8649
-195.55000 -35.66000 1.50000 -210.9435
-250.94000 -128.50000 1.50000 -92.2705
19.96000 -49.48000 1.50000 -124.9054
-195.55000 -35.66000 1.50000 -210.9641
-250.94000 -128.50000 1.50000 -92.2876
19.96000 -49.48000 1.50000 -124.9457
-195.55000 -35.66000 1.50000 -210.9845
-250.94000 -128.50000 1.50000 -92.3047
19.96000 -49.48000 1.50000 -124.9858
-195.55000 -35.66000 1.50000 -211.0050
-250.94000 -128.50000 1.50000 -92.3218
19.96000 -49.48000 1.50000 -125.0257
-195.55000 -35.66000 1.50000 -211.0254
-250.94000 -128.50000 1.50000 -92.3389
19.96000 -49.48000 1.50000 -125.0655
-195.55000 -35.66000 1.50000 -211.0458
-250.94000 -128.50000 1.50000 -92.3559
19.96000 -49.48000 1.50000 -125.1051
-195.55000 -35.66000 1.50000 -211.0661
-250.94000 -128.50000 1.50000 -92.3729
19.96000 -49.48000 1.50000 -125.1445
-195.55000 -35.66000 1.50000 -211.0863
-250.94000 -128.50000 1.50000 -92.3898
19.96000 -49.48000 1.50000 -125.1838
-195.55000 -35.66000 1.50000 -211.1066
-250.94000 -128.50000 1.50000 -92.4067
19.96000 -49.48000 1.50000 -125.2228
-195.55000 -35.66000 1.50000 -211.1267
-250.94000 -128.50000 1.50000 -92.4236
19.96000 -49.48000 1.50000 -125.2305
-195.55000 -35.66000 1.50000 -211.1281
-250.94000 -128.50000 1.50000 -92.4279
19.96000 -49.48000 1.50000 -125.1915
-195.55000 -35.66000 1.50000 -211.1079
-250.94000 -128.50000 1.50000 -92.4110
19.96000 -49.48000 1.50000 -125.1523
-195.55000 -35.66000 1.50000 -211.0877
-250.94000 -128.50000 1.50000 -92.3941
19.96000 -49.48000 1.50000 -125.1130
-195.55000 -35.66000 1.50000 -211.0674
-250.94000 -128.50000 1.50000 -92.3771
19.96000 -49.48000 1.50000 -125.0735
-195.55000 -35.66000 1.50000 -211.0471
-250.94000 -128.50000 1.50000 -92.3602
19.96000 -49.48000 1.50000 -125.0338
-195.55000 -35.66000 1.50000 -211.0268
-250.94000 -128.50000 1.50000 -92.3432
19.96000 -49.48000 1.50000 -124.9939
-195.55000 -35.66000 1.50000 -211.0064
-250.94000 -128.50000 1.50000 -92.3261
19.96000 -49.48000 1.50000 -124.9539
-195.55000 -35.66000 1.50000 -210.9859
-250.94000 -128.50000 1.50000 -92.3091
19.96000 -49.48000 1.50000 -84.9622
-195.55000 -35.66000 1.50000 -210.9873
-250.94000 -128.50000 1.50000 -92.3134
19.96000 -49.48000 1.50000 -85.0022
-195.55000 -35.66000 1.50000 -211.0078
-250.94000 -128.50000 1.50000 -92.3305
19.96000 -49.48000 1.50000 -85.0420
-195.55000 -35.66000 1.50000 -211.0282
-250.94000 -128.50000 1.50000 -92.3475
19.96000 -49.48000 1.50000 -125.0816
-195.55000 -35.66000 1.50000 -211.0485
-250.94000 -128.50000 1.50000 -92.3645
19.96000 -49.48000 1.50000 -125.1210
-195.55000 -35.66000 1.50000 -211.0688
-250.94000 -128.50000 1.50000 -92.3814
19.96000 -49.48000 1.50000 -125.1603
-195.55000 -35.66000 1.50000 -211.0891
-250.94000 -128.50000 1.50000 -92.3983
19.96000 -49.48000 1.50000 -125.1994
-195.55000 -35.66000 1.50000 -211.1093
-250.94000 -128.50000 1.50000 -92.4152
19.96000 -49.48000 1.50000 -125.2384
-195.55000 -35.66000 1.50000 -211.1294
-250.94000 -128.50000 1.50000 -92.4321
19.96000 -49.48000 1.50000 -125.2771
-195.55000 -35.66000 1.50000 -211.1495
-250.94000 -128.50000 1.50000 -92.4489
19.96000 -49.48000 1.50000 -125.3158
-195.55000 -35.66000 1.50000 -211.1696
-250.94000 -128.50000 1.50000 -92.4657
19.96000 -49.48000 1.50000 -125.3542
-195.55000 -35.66000 1.50000 -251.1896
-250.94000 -128.50000 1.50000 -92.4825
19.96000 -49.48000 1.50000 -125.3620
-195.55000 -35.66000 1.50000 -251.1910
-250.94000 -128.50000 1.50000 -92.4867
19.96000 -49.48000 1.50000 -125.3236
-195.55000 -35.66000 1.50000 -211.1710
-250.94000 -128.50000 1.50000 -92.4700
19.96000 -49.48000 1.50000 -125.2851
-195.55000 -35.66000 1.50000 -211.1509
-250.94000 -128.50000 1.50000 -92.4532
19.96000 -49.48000 1.50000 -85.2464
-195.55000 -35.66000 1.50000 -211.1308
-250.94000 -128.50000 1.50000 -92.4364
19.96000 -49.48000 1.50000 -85.2075
-195.55000 -35.66000 1.50000 -211.1107
-250.94000 -128.50000 1.50000 -92.4195
19.96000 -49.48000 1.50000 -85.1685
-195.55000 -35.66000 1.50000 -211.0905
-250.94000 -128.50000 1.50000 -92.4027
19.96000 -49.48000 1.50000 -85.1293
-195.55000 -35.66000 1.50000 -211.0703
-250.94000 -128.50000 1.50000 -92.3858
19.96000 -49.48000 1.50000 -85.0899
-195.55000 -35.66000 1.50000 -211.0500
-250.94000 -128.50000 1.50000 -92.3688
19.96000 -49.48000 1.50000 -85.0984
-195.55000 -35.66000 1.50000 -211.0515
-250.94000 -128.50000 1.50000 -92.3732
19.96000 -49.48000 1.50000 -85.1377
-195.55000 -35.66000 1.50000 -211.0717
-250.94000 -128.50000 1.50000 -92.3901
19.96000 -49.48000 1.50000 -85.1768
-195.55000 -35.66000 1.50000 -211.0920
-250.94000 -128.50000 1.50000 -92.4070
19.96000 -49.48000 1.50000 -85.2158
-195.55000 -35.66000 1.50000 -211.1122
-250.94000 -128.50000 1.50000 -92.4239
19.96000 -49.48000 1.50000 -85.2546
-195.55000 -35.66000 1.50000 -211.1323
-250.94000 -128.50000 1.50000 -92.4407
19.96000 -49.48000 1.50000 -85.2932
-195.55000 -35.66000 1.50000 -211.1524
-250.94000 -128.50000 1.50000 -92.4575
19.96000 -49.48000 1.50000 -85.3317
-195.55000 -35.66000 1.50000 -211.1725
-250.94000 -128.50000 1.50000 -92.4743
19.96000 -49.48000 1.50000 -85.3399
-195.55000 -35.66000 1.50000 -171.1740
-250.94000 -128.50000 1.50000 -92.4786
19.96000 -49.48000 1.50000 -85.3015
-195.55000 -35.66000 1.50000 -171.1539
-250.94000 -128.50000 1.50000 -92.4618
19.96000 -49.48000 1.50000 -85.2629
-195.55000 -35.66000 1.50000 -171.1338
-250.94000 -128.50000 1.50000 -92.4450
19.96000 -49.48000 1.50000 -85.2242
-195.55000 -35.66000 1.50000 -171.1137
-250.94000 -128.50000 1.50000 -92.4282