19.96000 -49.48000 1.50000 -85.7308
-195.55000 -35.66000 1.50000 -291.3749
-250.94000 -128.50000 1.50000 -92.6528
19.96000 -49.48000 1.50000 -85.7387
-195.55000 -35.66000 1.50000 -291.3765
-250.94000 -128.50000 1.50000 -92.6570
19.96000 -49.48000 1.50000 -85.7021
-195.55000 -35.66000 1.50000 -251.3569
-250.94000 -128.50000 1.50000 -92.6406
19.96000 -49.48000 1.50000 -85.7103
-195.55000 -35.66000 1.50000 -251.3585
-250.94000 -128.50000 1.50000 -92.6449
19.96000 -49.48000 1.50000 -85.7468
-195.55000 -35.66000 1.50000 -251.3781
-250.94000 -128.50000 1.50000 -92.6613
19.96000 -49.48000 1.50000 -85.7833
-195.55000 -35.66000 1.50000 -291.3976
-250.94000 -128.50000 1.50000 -92.6776
19.96000 -49.48000 1.50000 -85.8196
-195.55000 -35.66000 1.50000 -291.4171
-250.94000 -128.50000 1.50000 -92.6940
19.96000 -49.48000 1.50000 -85.8557
-195.55000 -35.66000 1.50000 -291.4365
-250.94000 -128.50000 1.50000 -92.7103
19.96000 -49.48000 1.50000 -85.8638
-195.55000 -35.66000 1.50000 -291.4381
-250.94000 -128.50000 1.50000 -132.7145
19.96000 -49.48000 1.50000 -85.8277
-195.55000 -35.66000 1.50000 -251.4187
-250.94000 -128.50000 1.50000 -92.6982
19.96000 -49.48000 1.50000 -85.7915
-195.55000 -35.66000 1.50000 -251.3992
-250.94000 -128.50000 1.50000 -92.6819
19.96000 -49.48000 1.50000 -85.7551
-195.55000 -35.66000 1.50000 -251.3797
-250.94000 -128.50000 1.50000 -92.6656
19.96000 -49.48000 1.50000 -85.7186
-195.55000 -35.66000 1.50000 -251.3601
-250.94000 -128.50000 1.50000 -92.6492
19.96000 -49.48000 1.50000 -85.6819
-195.55000 -35.66000 1.50000 -251.3405
-250.94000 -128.50000 1.50000 -92.6328
19.96000 -49.48000 1.50000 -85.6451
-195.55000 -35.66000 1.50000 -251.3209
-250.94000 -128.50000 1.50000 -92.6164
19.96000 -49.48000 1.50000 -125.6537
-195.55000 -35.66000 1.50000 -251.3226
-250.94000 -128.50000 1.50000 -92.6207
19.96000 -49.48000 1.50000 -125.6905
-195.55000 -35.66000 1.50000 -251.3423
-250.94000 -128.50000 1.50000 -92.6371
19.96000 -49.48000 1.50000 -85.7271
-195.55000 -35.66000 1.50000 -251.3618
-250.94000 -128.50000 1.50000 -92.6535
19.96000 -49.48000 1.50000 -85.7635
-195.55000 -35.66000 1.50000 -251.3814
-250.94000 -128.50000 1.50000 -92.6699
19.96000 -49.48000 1.50000 -85.7998
-195.55000 -35.66000 1.50000 -251.4009
-250.94000 -128.50000 1.50000 -92.6862
19.96000 -49.48000 1.50000 -85.8360
-195.55000 -35.66000 1.50000 -251.4204
-250.94000 -128.50000 1.50000 -92.7025
19.96000 -49.48000 1.50000 -85.8720
-195.55000 -35.66000 1.50000 -251.4398
-250.94000 -128.50000 1.50000 -132.7188
19.96000 -49.48000 1.50000 -85.9079
-195.55000 -35.66000 1.50000 -251.4592
-250.94000 -128.50000 1.50000 -132.7350
19.96000 -49.48000 1.50000 -85.9436
-195.55000 -35.66000 1.50000 -291.4785
-250.94000 -128.50000 1.50000 -132.7513
19.96000 -49.48000 1.50000 -85.9792
-195.55000 -35.66000 1.50000 -291.4978
-250.94000 -128.50000 1.50000 -132.7674
19.96000 -49.48000 1.50000 -85.9874
-195.55000 -35.66000 1.50000 -291.4995
-250.94000 -128.50000 1.50000 -132.7717
19.96000 -49.48000 1.50000 -85.9518
-195.55000 -35.66000 1.50000 -251.4802
-250.94000 -128.50000 1.50000 -132.7555
19.96000 -49.48000 1.50000 -85.9162
-195.55000 -35.66000 1.50000 -251.4609
-250.94000 -128.50000 1.50000 -132.7393
19.96000 -49.48000 1.50000 -85.8803
-195.55000 -35.66000 1.50000 -251.4415
-250.94000 -128.50000 1.50000 -132.7231
19.96000 -49.48000 1.50000 -125.8444
-195.55000 -35.66000 1.50000 -251.4221
-250.94000 -128.50000 1.50000 -132.7068
19.96000 -49.48000 1.50000 -125.8083
-195.55000 -35.66000 1.50000 -251.4026
-250.94000 -128.50000 1.50000 -92.6906
19.96000 -49.48000 1.50000 -125.7721
-195.55000 -35.66000 1.50000 -251.3831
-250.94000 -128.50000 1.50000 -92.6742
19.96000 -49.48000 1.50000 -125.7357
-195.55000 -35.66000 1.50000 -251.3636
-250.94000 -128.50000 1.50000 -92.6579
19.96000 -49.48000 1.50000 -125.7445
-195.55000 -35.66000 1.50000 -251.3654
-250.94000 -128.50000 1.50000 -52.6623
19.96000 -49.48000 1.50000 -125.7808
-195.55000 -35.66000 1.50000 -251.3849
-250.94000 -128.50000 1.50000 -52.6786
19.96000 -49.48000 1.50000 -125.8169
-195.55000 -35.66000 1.50000 -251.4044
-250.94000 -128.50000 1.50000 -92.6949
19.96000 -49.48000 1.50000 -125.8529
-195.55000 -35.66000 1.50000 -251.4239
-250.94000 -128.50000 1.50000 -132.7112
19.96000 -49.48000 1.50000 -125.8888
-195.55000 -35.66000 1.50000 -251.4433
-250.94000 -128.50000 1.50000 -132.7274
19.96000 -49.48000 1.50000 -125.9246
-195.55000 -35.66000 1.50000 -251.4626
-250.94000 -128.50000 1.50000 -132.7436
19.96000 -49.48000 1.50000 -125.9602
-195.55000 -35.66000 1.50000 -251.4820
-250.94000 -128.50000 1.50000 -132.7598
19.96000 -49.48000 1.50000 -125.9956
-195.55000 -35.66000 1.50000 -251.5012
-250.94000 -128.50000 1.50000 -132.7760
19.96000 -49.48000 1.50000 -126.0310
-195.55000 -35.66000 1.50000 -251.5205
-250.94000 -128.50000 1.50000 -132.7921
19.96000 -49.48000 1.50000 -86.0662
-195.55000 -35.66000 1.50000 -291.5397
-250.94000 -128.50000 1.50000 -132.8082
19.96000 -49.48000 1.50000 -86.1012
-195.55000 -35.66000 1.50000 -291.5588
-250.94000 -128.50000 1.50000 -132.8243
19.96000 -49.48000 1.50000 -126.1094
-195.55000 -35.66000 1.50000 -251.5606
-250.94000 -128.50000 1.50000 -132.8285
19.96000 -49.48000 1.50000 -126.0744
-195.55000 -35.66000 1.50000 -251.5414
-250.94000 -128.50000 1.50000 -132.8125
19.96000 -49.48000 1.50000 -126.0393
-195.55000 -35.66000 1.50000 -251.5222
-250.94000 -128.50000 1.50000 -132.7964
19.96000 -49.48000 1.50000 -126.0041
-195.55000 -35.66000 1.50000 -251.5030
-250.94000 -128.50000 1.50000 -132.7803
19.96000 -49.48000 1.50000 -125.9687
-195.55000 -35.66000 1.50000 -251.4837
-250.94000 -128.50000 1.50000 -132.7641
19.96000 -49.48000 1.50000 -125.9331
-195.55000 -35.66000 1.50000 -251.4644
-250.94000 -128.50000 1.50000 -92.7480
19.96000 -49.48000 1.50000 -125.8974
-195.55000 -35.66000 1.50000 -251.4451
-250.94000 -128.50000 1.50000 -92.7318
19.96000 -49.48000 1.50000 -125.8616
-195.55000 -35.66000 1.50000 -251.4257
-250.94000 -128.50000 1.50000 -92.7155
19.96000 -49.48000 1.50000 -125.8705
-195.55000 -35.66000 1.50000 -251.4275
-250.94000 -128.50000 1.50000 -92.7199
19.96000 -49.48000 1.50000 -125.9062
-195.55000 -35.66000 1.50000 -251.4469
-250.94000 -128.50000 1.50000 -92.7362
19.96000 -49.48000 1.50000 -125.9418
-195.55000 -35.66000 1.50000 -251.4662
-250.94000 -128.50000 1.50000 -92.7523
19.96000 -49.48000 1.50000 -125.9773
-195.55000 -35.66000 1.50000 -251.4856
-250.94000 -128.50000 1.50000 -92.7685
19.96000 -49.48000 1.50000 -126.0126
-195.55000 -35.66000 1.50000 -251.5048
-250.94000 -128.50000 1.50000 -92.7846
19.96000 -49.48000 1.50000 -126.0478
-195.55000 -35.66000 1.50000 -251.5240
-250.94000 -128.50000 1.50000 -92.8007
19.96000 -49.48000 1.50000 -126.0829
-195.55000 -35.66000 1.50000 -251.5432
-250.94000 -128.50000 1.50000 -132.8168
19.96000 -49.48000 1.50000 -126.1178
-195.55000 -35.66000 1.50000 -251.5624
-250.94000 -128.50000 1.50000 -132.8328
19.96000 -49.48000 1.50000 -126.1526
-195.55000 -35.66000 1.50000 -251.5815
-250.94000 -128.50000 1.50000 -132.8488
19.96000 -49.48000 1.50000 -126.1873
-195.55000 -35.66000 1.50000 -251.6005
-250.94000 -128.50000 1.50000 -132.8648
19.96000 -49.48000 1.50000 -126.1956
-195.55000 -35.66000 1.50000 -251.6023
-250.94000 -128.50000 1.50000 -92.8691
19.96000 -49.48000 1.50000 -126.1610
-195.55000 -35.66000 1.50000 -251.5833
-250.94000 -128.50000 1.50000 -92.8531
19.96000 -49.48000 1.50000 -126.1263
-195.55000 -35.66000 1.50000 -251.5642
-250.94000 -128.50000 1.50000 -92.8371
19.96000 -49.48000 1.50000 -126.0914
-195.55000 -35.66000 1.50000 -251.5451
-250.94000 -128.50000 1.50000 -92.8211
19.96000 -49.48000 1.50000 -126.0564
-195.55000 -35.66000 1.50000 -251.5259
-250.94000 -128.50000 1.50000 -92.8051
19.96000 -49.48000 1.50000 -126.0213
-195.55000 -35.66000 1.50000 -251.5067
-250.94000 -128.50000 1.50000 -92.7890
19.96000 -49.48000 1.50000 -125.9860
-195.55000 -35.66000 1.50000 -251.4874
-250.94000 -128.50000 1.50000 -92.7729
19.96000 -49.48000 1.50000 -125.9949
-195.55000 -35.66000 1.50000 -251.4893
-250.94000 -128.50000 1.50000 -92.7773
19.96000 -49.48000 1.50000 -126.0301
-195.55000 -35.66000 1.50000 -251.5086
-250.94000 -128.50000 1.50000 -92.7934
19.96000 -49.48000 1.50000 -126.0652
-195.55000 -35.66000 1.50000 -251.5278
-250.94000 -128.50000 1.50000 -92.8094
19.96000 -49.48000 1.50000 -126.1001
-195.55000 -35.66000 1.50000 -251.5470
-250.94000 -128.50000 1.50000 -92.8255
19.96000 -49.48000 1.50000 -126.1349
-195.55000 -35.66000 1.50000 -251.5661
-250.94000 -128.50000 1.50000 -92.8415
19.96000 -49.48000 1.50000 -126.1695
-195.55000 -35.66000 1.50000 -251.5851
-250.94000 -128.50000 1.50000 -92.8574
19.96000 -49.48000 1.50000 -126.2041
-195.55000 -35.66000 1.50000 -251.6042
-250.94000 -128.50000 1.50000 -92.8734
19.96000 -49.48000 1.50000 -126.2385
-195.55000 -35.66000 1.50000 -251.6232
-250.94000 -128.50000 1.50000 -92.8893
19.96000 -49.48000 1.50000 -126.2728
-195.55000 -35.66000 1.50000 -251.6422
-250.94000 -128.50000 1.50000 -92.9052
19.96000 -49.48000 1.50000 -126.3069
-195.55000 -35.66000 1.50000 -251.6611
-250.94000 -128.50000 1.50000 -92.9211
19.96000 -49.48000 1.50000 -126.3153
-195.55000 -35.66000 1.50000 -251.6629
-250.94000 -128.50000 1.50000 -92.9254
19.96000 -49.48000 1.50000 -126.2812
-195.55000 -35.66000 1.50000 -251.6440
-250.94000 -128.50000 1.50000 -92.9095
19.96000 -49.48000 1.50000 -126.2470
-195.55000 -35.66000 1.50000 -251.6251
-250.94000 -128.50000 1.50000 -92.8936
19.96000 -49.48000 1.50000 -126.2127
-195.55000 -35.66000 1.50000 -251.6061
-250.94000 -128.50000 1.50000 -92.8777
19.96000 -49.48000 1.50000 -126.1782
-195.55000 -35.66000 1.50000 -251.5871
-250.94000 -128.50000 1.50000 -92.8618
19.96000 -49.48000 1.50000 -126.1436
-195.55000 -35.66000 1.50000 -251.5680
-250.94000 -128.50000 1.50000 -92.8458
19.96000 -49.48000 1.50000 -126.1089
-195.55000 -35.66000 1.50000 -251.5489
-250.94000 -128.50000 1.50000 -92.8298
19.96000 -49.48000 1.50000 -126.1178
-195.55000 -35.66000 1.50000 -251.5508
-250.94000 -128.50000 1.50000 -92.8343
19.96000 -49.48000 1.50000 -126.1525
-195.55000 -35.66000 1.50000 -251.5699
-250.94000 -128.50000 1.50000 -92.8502
19.96000 -49.48000 1.50000 -126.1870
-195.55000 -35.66000 1.50000 -251.5890
-250.94000 -128.50000 1.50000 -92.8662
19.96000 -49.48000 1.50000 -126.2214
-195.55000 -35.66000 1.50000 -251.6080
-250.94000 -128.50000 1.50000 -92.8821
19.96000 -49.48000 1.50000 -126.2557
-195.55000 -35.66000 1.50000 -251.6270
-250.94000 -128.50000 1.50000 -92.8980
19.96000 -49.48000 1.50000 -126.2898
-195.55000 -35.66000 1.50000 -251.6460
-250.94000 -128.50000 1.50000 -92.9139
19.96000 -49.48000 1.50000 -126.3239
-195.55000 -35.66000 1.50000 -251.6649
-250.94000 -128.50000 1.50000 -92.9297
19.96000 -49.48000 1.50000 -126.3578
-195.55000 -35.66000 1.50000 -251.6837
-250.94000 -128.50000 1.50000 -92.9455
19.96000 -49.48000 1.50000 -126.3915
-195.55000 -35.66000 1.50000 -251.7025
-250.94000 -128.50000 1.50000 -92.9613
19.96000 -49.48000 1.50000 -126.4252
-195.55000 -35.66000 1.50000 -251.7213
-250.94000 -128.50000 1.50000 -92.9771
19.96000 -49.48000 1.50000 -126.4336
-195.55000 -35.66000 1.50000 -251.7232
-250.94000 -128.50000 1.50000 -92.9814
19.96000 -49.48000 1.50000 -126.4000
-195.55000 -35.66000 1.50000 -251.7045
-250.94000 -128.50000 1.50000 -92.9656
19.96000 -49.48000 1.50000 -126.3663
-195.55000 -35.66000 1.50000 -251.6857
-250.94000 -128.50000 1.50000 -92.9498
19.96000 -49.48000 1.50000 -126.3325
-195.55000 -35.66000 1.50000 -251.6668
-250.94000 -128.50000 1.50000 -92.9341
19.96000 -49.48000 1.50000 -126.2986
-195.55000 -35.66000 1.50000 -251.6479
-250.94000 -128.50000 1.50000 -92.9182
19.96000 -49.48000 1.50000 -126.2645
-195.55000 -35.66000 1.50000 -251.6290
-250.94000 -128.50000 1.50000 -92.9024
19.96000 -49.48000 1.50000 -126.2303
-195.55000 -35.66000 1.50000 -251.6100
-250.94000 -128.50000 1.50000 -92.8865
19.96000 -49.48000 1.50000 -126.1960
-195.55000 -35.66000 1.50000 -251.5910
-250.94000 -128.50000 1.50000 -92.8706
19.96000 -49.48000 1.50000 -126.2050
-195.55000 -35.66000 1.50000 -211.5930
-250.94000 -128.50000 1.50000 -132.8750
19.96000 -49.48000 1.50000 -126.2393
-195.55000 -35.66000 1.50000 -211.6120
-250.94000 -128.50000 1.50000 -92.8909
19.96000 -49.48000 1.50000 -126.2734
-195.55000 -35.66000 1.50000 -211.6310
-250.94000 -128.50000 1.50000 -92.9068
19.96000 -49.48000 1.50000 -126.3074
-195.55000 -35.66000 1.50000 -211.6499
-250.94000 -128.50000 1.50000 -92.9226
19.96000 -49.48000 1.50000 -126.3413
-195.55000 -35.66000 1.50000 -211.6688
-250.94000 -128.50000 1.50000 -92.9384
19.96000 -49.48000 1.50000 -126.3751
-195.55000 -35.66000 1.50000 -211.6877
-250.94000 -128.50000 1.50000 -92.9542
19.96000 -49.48000 1.50000 -126.4087
-195.55000 -35.66000 1.50000 -211.7065
-250.94000 -128.50000 1.50000 -92.9700
19.96000 -49.48000 1.50000 -126.4422
-195.55000 -35.66000 1.50000 -211.7252
-250.94000 -128.50000 1.50000 -92.9857
19.96000 -49.48000 1.50000 -126.4756
-195.55000 -35.66000 1.50000 -211.7439
-250.94000 -128.50000 1.50000 -93.0014
19.96000 -49.48000 1.50000 -126.5089
-195.55000 -35.66000 1.50000 -251.7626
-250.94000 -128.50000 1.50000 -93.0171
19.96000 -49.48000 1.50000 -126.5421
-195.55000 -35.66000 1.50000 -251.7813
-250.94000 -128.50000 1.50000 -93.0327
19.96000 -49.48000 1.50000 -126.5506
-195.55000 -35.66000 1.50000 -211.7832
-250.94000 -128.50000 1.50000 -93.0370
19.96000 -49.48000 1.50000 -126.5175
-195.55000 -35.66000 1.50000 -211.7646
-250.94000 -128.50000 1.50000 -93.0214
19.96000 -49.48000 1.50000 -126.4842
-195.55000 -35.66000 1.50000 -211.7459
-250.94000 -128.50000 1.50000 -93.0057
19.96000 -49.48000 1.50000 -126.4509
-195.55000 -35.66000 1.50000 -211.7272
-250.94000 -128.50000 1.50000 -92.9900
19.96000 -49.48000 1.50000 -126.4175
-195.55000 -35.66000 1.50000 -211.7085
-250.94000 -128.50000 1.50000 -92.9743
19.96000 -49.48000 1.50000 -126.3839
-195.55000 -35.66000 1.50000 -211.6897
-250.94000 -128.50000 1.50000 -92.9586
19.96000 -49.48000 1.50000 -126.3502
-195.55000 -35.66000 1.50000 -211.6709
-250.94000 -128.50000 1.50000 -92.9428
19.96000 -49.48000 1.50000 -126.3164
-195.55000 -35.66000 1.50000 -211.6520
-250.94000 -128.50000 1.50000 -132.9270
19.96000 -49.48000 1.50000 -126.3255
-195.55000 -35.66000 1.50000 -211.6541
-250.94000 -128.50000 1.50000 -172.9315
19.96000 -49.48000 1.50000 -126.3592
-195.55000 -35.66000 1.50000 -211.6729
-250.94000 -128.50000 1.50000 -172.9472
19.96000 -49.48000 1.50000 -126.3928
-195.55000 -35.66000 1.50000 -211.6918
-250.94000 -128.50000 1.50000 -172.9630
19.96000 -49.48000 1.50000 -126.4263
-195.55000 -35.66000 1.50000 -211.7105
-250.94000 -128.50000 1.50000 -132.9787
19.96000 -49.48000 1.50000 -126.4597
-195.55000 -35.66000 1.50000 -211.7293
-250.94000 -128.50000 1.50000 -132.9944
19.96000 -49.48000 1.50000 -126.4930
-195.55000 -35.66000 1.50000 -211.7480
-250.94000 -128.50000 1.50000 -93.0101
19.96000 -49.48000 1.50000 -126.5261
-195.55000 -35.66000 1.50000 -211.7666
-250.94000 -128.50000 1.50000 -93.0257
19.96000 -49.48000 1.50000 -126.5592
-195.55000 -35.66000 1.50000 -211.7853
-250.94000 -128.50000 1.50000 -93.0414
19.96000 -49.48000 1.50000 -126.5921
-195.55000 -35.66000 1.50000 -211.8039
-250.94000 -128.50000 1.50000 -93.0569
19.96000 -49.48000 1.50000 -126.6249
-195.55000 -35.66000 1.50000 -211.8224
-250.94000 -128.50000 1.50000 -93.0725
19.96000 -49.48000 1.50000 -126.6576
-195.55000 -35.66000 1.50000 -211.8409
-250.94000 -128.50000 1.50000 -93.0881
19.96000 -49.48000 1.50000 -126.6661
-195.55000 -35.66000 1.50000 -211.8430
-250.94000 -128.50000 1.50000 -93.0924
19.96000 -49.48000 1.50000 -126.6335
-195.55000 -35.66000 1.50000 -211.8245
-250.94000 -128.50000 1.50000 -93.0768
19.96000 -49.48000 1.50000 -126.6008
-195.55000 -35.66000 1.50000 -211.8059
-250.94000 -128.50000 1.50000 -133.0613
19.96000 -49.48000 1.50000 -126.5679
-195.55000 -35.66000 1.50000 -211.7873
-250.94000 -128.50000 1.50000 -133.0457
19.96000 -49.48000 1.50000 -126.5350
-195.55000 -35.66000 1.50000 -211.7687
-250.94000 -128.50000 1.50000 -173.0301
19.96000 -49.48000 1.50000 -126.5019
-195.55000 -35.66000 1.50000 -211.7501
-250.94000 -128.50000 1.50000 -173.0145
19.96000 -49.48000 1.50000 -126.4687
-195.55000 -35.66000 1.50000 -251.7314
-250.94000 -128.50000 1.50000 -172.9988
19.96000 -49.48000 1.50000 -126.4353
-195.55000 -35.66000 1.50000 -251.7126
-250.94000 -128.50000 1.50000 -172.9831
19.96000 -49.48000 1.50000 -126.4445
-195.55000 -35.66000 1.50000 -251.7148
-250.94000 -128.50000 1.50000 -172.9876
19.96000 -49.48000 1.50000 -126.4777
-195.55000 -35.66000 1.50000 -251.7335
-250.94000 -128.50000 1.50000 -173.0032
19.96000 -49.48000 1.50000 -126.5109
-195.55000 -35.66000 1.50000 -251.7522
-250.94000 -128.50000 1.50000 -173.0189
19.96000 -49.48000 1.50000 -126.5439
-195.55000 -35.66000 1.50000 -251.7708
-250.94000 -128.50000 1.50000 -173.0345
19.96000 -49.48000 1.50000 -126.5768
-195.55000 -35.66000 1.50000 -251.7894
-250.94000 -128.50000 1.50000 -173.0501
19.96000 -49.48000 1.50000 -126.6096
-195.55000 -35.66000 1.50000 -251.8080
-250.94000 -128.50000 1.50000 -173.0656
19.96000 -49.48000 1.50000 -126.6422
-195.55000 -35.66000 1.50000 -251.8265
-250.94000 -128.50000 1.50000 -173.0812
19.96000 -49.48000 1.50000 -126.6748
-195.55000 -35.66000 1.50000 -251.8450
-250.94000 -128.50000 1.50000 -133.0967
19.96000 -49.48000 1.50000 -126.7072
-195.55000 -35.66000 1.50000 -251.8635
-250.94000 -128.50000 1.50000 -133.1122
19.96000 -49.48000 1.50000 -126.7396
-195.55000 -35.66000 1.50000 -251.8819
-250.94000 -128.50000 1.50000 -93.1276
19.96000 -49.48000 1.50000 -126.7718
-195.55000 -35.66000 1.50000 -251.9003
-250.94000 -128.50000 1.50000 -93.1431
19.96000 -49.48000 1.50000 -126.7804
-195.55000 -35.66000 1.50000 -251.9024
-250.94000 -128.50000 1.50000 -173.1474
19.96000 -49.48000 1.50000 -126.7482
-195.55000 -35.66000 1.50000 -251.8840
-250.94000 -128.50000 1.50000 -173.1320
19.96000 -49.48000 1.50000 -126.7159
-195.55000 -35.66000 1.50000 -251.8656
-250.94000 -128.50000 1.50000 -173.1165
19.96000 -49.48000 1.50000 -126.6835
-195.55000 -35.66000 1.50000 -251.8471
-250.94000 -128.50000 1.50000 -173.1011
19.96000 -49.48000 1.50000 -126.6511
-195.55000 -35.66000 1.50000 -251.8287
-250.94000 -128.50000 1.50000 -173.0856
19.96000 -49.48000 1.50000 -126.6185
-195.55000 -35.66000 1.50000 -251.8102
-250.94000 -128.50000 1.50000 -173.0700
19.96000 -49.48000 1.50000 -126.5857
-195.55000 -35.66000 1.50000 -251.7916
-250.94000 -128.50000 1.50000 -173.0545
19.96000 -49.48000 1.50000 -126.5529
-195.55000 -35.66000 1.50000 -251.7730
-250.94000 -128.50000 1.50000 -173.0389
19.96000 -49.48000 1.50000 -126.5621
-195.55000 -35.66000 1.50000 -251.7752
-250.94000 -128.50000 1.50000 -173.0434
19.96000 -49.48000 1.50000 -126.5948
-195.55000 -35.66000 1.50000 -251.7938
-250.94000 -128.50000 1.50000 -173.0589
19.96000 -49.48000 1.50000 -126.6275
-195.55000 -35.66000 1.50000 -251.8123
-250.94000 -128.50000 1.50000 -173.0744
19.96000 -49.48000 1.50000 -126.6600
-195.55000 -35.66000 1.50000 -251.8308
-250.94000 -128.50000 1.50000 -173.0900
19.96000 -49.48000 1.50000 -126.6924
-195.55000 -35.66000 1.50000 -251.8493
-250.94000 -128.50000 1.50000 -173.1054
19.96000 -49.48000 1.50000 -126.7247
-195.55000 -35.66000 1.50000 -251.8677
-250.94000 -128.50000 1.50000 -173.1209
19.96000 -49.48000 1.50000 -126.7570
-195.55000 -35.66000 1.50000 -251.8861
-250.94000 -128.50000 1.50000 -173.1363
19.96000 -49.48000 1.50000 -126.7890
-195.55000 -35.66000 1.50000 -251.9045
-250.94000 -128.50000 1.50000 -173.1517
19.96000 -49.48000 1.50000 -126.7978
-195.55000 -35.66000 1.50000 -251.9066
-250.94000 -128.50000 1.50000 -173.1561
19.96000 -49.48000 1.50000 -126.7658
-195.55000 -35.66000 1.50000 -251.8883
-250.94000 -128.50000 1.50000 -173.1407
19.96000 -49.48000 1.50000 -126.7337
-195.55000 -35.66000 1.50000 -251.8699
-250.94000 -128.50000 1.50000 -173.1253
19.96000 -49.48000 1.50000 -126.7014
-195.55000 -35.66000 1.50000 -251.8515
-250.94000 -128.50000 1.50000 -173.1098
19.96000 -49.48000 1.50000 -126.6691
-195.55000 -35.66000 1.50000 -251.8330
-250.94000 -128.50000 1.50000 -173.0944
19.96000 -49.48000 1.50000 -126.6782
-195.55000 -35.66000 1.50000 -211.8353
-250.94000 -128.50000 1.50000 -173.0988
19.96000 -49.48000 1.50000 -126.7105
-195.55000 -35.66000 1.50000 -211.8537
-250.94000 -128.50000 1.50000 -173.1143
19.96000 -49.48000 1.50000 -126.7427
-195.55000 -35.66000 1.50000 -211.8721
-250.94000 -128.50000 1.50000 -173.1297
19.96000 -49.48000 1.50000 -126.7748
-195.55000 -35.66000 1.50000 -211.8905
-250.94000 -128.50000 1.50000 -173.1451
19.96000 -49.48000 1.50000 -126.7839
-195.55000 -35.66000 1.50000 -211.8928
-250.94000 -128.50000 1.50000 -173.1495