19.96000 -49.48000 1.50000 -126.7952
-195.55000 -35.66000 1.50000 -171.8243
-250.94000 -128.50000 1.50000 -213.1475
19.96000 -49.48000 1.50000 -126.7642
-195.55000 -35.66000 1.50000 -171.8059
-250.94000 -128.50000 1.50000 -213.1323
19.96000 -49.48000 1.50000 -126.7331
-195.55000 -35.66000 1.50000 -171.7875
-250.94000 -128.50000 1.50000 -213.1171
19.96000 -49.48000 1.50000 -126.7018
-195.55000 -35.66000 1.50000 -171.7691
-250.94000 -128.50000 1.50000 -213.1019
19.96000 -49.48000 1.50000 -126.6705
-195.55000 -35.66000 1.50000 -171.7506
-250.94000 -128.50000 1.50000 -213.0866
19.96000 -49.48000 1.50000 -126.6391
-195.55000 -35.66000 1.50000 -171.7320
-250.94000 -128.50000 1.50000 -213.0714
19.96000 -49.48000 1.50000 -126.6076
-195.55000 -35.66000 1.50000 -171.7135
-250.94000 -128.50000 1.50000 -213.0560
19.96000 -49.48000 1.50000 -126.5760
-195.55000 -35.66000 1.50000 -171.6949
-250.94000 -128.50000 1.50000 -213.0407
19.96000 -49.48000 1.50000 -126.5444
-195.55000 -35.66000 1.50000 -171.6762
-250.94000 -128.50000 1.50000 -213.0254
19.96000 -49.48000 1.50000 -126.5126
-195.55000 -35.66000 1.50000 -171.6575
-250.94000 -128.50000 1.50000 -213.0100
19.96000 -49.48000 1.50000 -126.4807
-195.55000 -35.66000 1.50000 -171.6388
-250.94000 -128.50000 1.50000 -172.9946
19.96000 -49.48000 1.50000 -126.4487
-195.55000 -35.66000 1.50000 -171.6201
-250.94000 -128.50000 1.50000 -172.9792
19.96000 -49.48000 1.50000 -126.4166
-195.55000 -35.66000 1.50000 -171.6013
-250.94000 -128.50000 1.50000 -172.9637
19.96000 -49.48000 1.50000 -126.3844
-195.55000 -35.66000 1.50000 -171.5824
-250.94000 -128.50000 1.50000 -172.9483
19.96000 -49.48000 1.50000 -126.3522
-195.55000 -35.66000 1.50000 -171.5635
-250.94000 -128.50000 1.50000 -172.9328
19.96000 -49.48000 1.50000 -126.3198
-195.55000 -35.66000 1.50000 -171.5446
-250.94000 -128.50000 1.50000 -172.9173
19.96000 -49.48000 1.50000 -126.2873
-195.55000 -35.66000 1.50000 -171.5257
-250.94000 -128.50000 1.50000 -172.9017
19.96000 -49.48000 1.50000 -166.2547
-195.55000 -35.66000 1.50000 -171.5067
-250.94000 -128.50000 1.50000 -172.8861
19.96000 -49.48000 1.50000 -126.2413
-195.55000 -35.66000 1.50000 -171.5033
-250.94000 -128.50000 1.50000 -172.8807
19.96000 -49.48000 1.50000 -126.2740
-195.55000 -35.66000 1.50000 -171.5223
-250.94000 -128.50000 1.50000 -172.8963
19.96000 -49.48000 1.50000 -126.3065
-195.55000 -35.66000 1.50000 -171.5412
-250.94000 -128.50000 1.50000 -172.9119
19.96000 -49.48000 1.50000 -126.3390
-195.55000 -35.66000 1.50000 -171.5602
-250.94000 -128.50000 1.50000 -172.9274
19.96000 -49.48000 1.50000 -126.3714
-195.55000 -35.66000 1.50000 -171.5791
-250.94000 -128.50000 1.50000 -172.9429
19.96000 -49.48000 1.50000 -126.4037
-195.55000 -35.66000 1.50000 -171.5979
-250.94000 -128.50000 1.50000 -172.9584
19.96000 -49.48000 1.50000 -126.4359
-195.55000 -35.66000 1.50000 -171.6167
-250.94000 -128.50000 1.50000 -172.9739
19.96000 -49.48000 1.50000 -126.4679
-195.55000 -35.66000 1.50000 -171.6355
-250.94000 -128.50000 1.50000 -212.9893
19.96000 -49.48000 1.50000 -126.4999
-195.55000 -35.66000 1.50000 -171.6543
-250.94000 -128.50000 1.50000 -213.0048
19.96000 -49.48000 1.50000 -126.5318
-195.55000 -35.66000 1.50000 -171.6729
-250.94000 -128.50000 1.50000 -213.0201
19.96000 -49.48000 1.50000 -126.5636
-195.55000 -35.66000 1.50000 -171.6916
-250.94000 -128.50000 1.50000 -213.0355
19.96000 -49.48000 1.50000 -126.5952
-195.55000 -35.66000 1.50000 -171.7102
-250.94000 -128.50000 1.50000 -213.0508
19.96000 -49.48000 1.50000 -126.6268
-195.55000 -35.66000 1.50000 -171.7288
-250.94000 -128.50000 1.50000 -213.0662
19.96000 -49.48000 1.50000 -126.6583
-195.55000 -35.66000 1.50000 -171.7473
-250.94000 -128.50000 1.50000 -213.0815
19.96000 -49.48000 1.50000 -126.6897
-195.55000 -35.66000 1.50000 -171.7659
-250.94000 -128.50000 1.50000 -213.0967
19.96000 -49.48000 1.50000 -126.7210
-195.55000 -35.66000 1.50000 -171.7843
-250.94000 -128.50000 1.50000 -213.1120
19.96000 -49.48000 1.50000 -126.7522
-195.55000 -35.66000 1.50000 -171.8027
-250.94000 -128.50000 1.50000 -213.1272
19.96000 -49.48000 1.50000 -126.7833
-195.55000 -35.66000 1.50000 -171.8211
-250.94000 -128.50000 1.50000 -213.1424
19.96000 -49.48000 1.50000 -126.7716
-195.55000 -35.66000 1.50000 -171.8180
-250.94000 -128.50000 1.50000 -213.1374
19.96000 -49.48000 1.50000 -126.7404
-195.55000 -35.66000 1.50000 -171.7996
-250.94000 -128.50000 1.50000 -213.1221
19.96000 -49.48000 1.50000 -126.7091
-195.55000 -35.66000 1.50000 -171.7812
-250.94000 -128.50000 1.50000 -213.1069
19.96000 -49.48000 1.50000 -126.6777
-195.55000 -35.66000 1.50000 -171.7627
-250.94000 -128.50000 1.50000 -213.0916
19.96000 -49.48000 1.50000 -126.6462
-195.55000 -35.66000 1.50000 -171.7442
-250.94000 -128.50000 1.50000 -213.0763
19.96000 -49.48000 1.50000 -126.6146
-195.55000 -35.66000 1.50000 -171.7256
-250.94000 -128.50000 1.50000 -213.0610
19.96000 -49.48000 1.50000 -126.5830
-195.55000 -35.66000 1.50000 -171.7070
-250.94000 -128.50000 1.50000 -213.0457
19.96000 -49.48000 1.50000 -126.5512
-195.55000 -35.66000 1.50000 -171.6884
-250.94000 -128.50000 1.50000 -213.0303
19.96000 -49.48000 1.50000 -126.5193
-195.55000 -35.66000 1.50000 -171.6697
-250.94000 -128.50000 1.50000 -213.0149
19.96000 -49.48000 1.50000 -126.4873
-195.55000 -35.66000 1.50000 -171.6510
-250.94000 -128.50000 1.50000 -212.9995
19.96000 -49.48000 1.50000 -126.4553
-195.55000 -35.66000 1.50000 -171.6322
-250.94000 -128.50000 1.50000 -212.9841
19.96000 -49.48000 1.50000 -126.4231
-195.55000 -35.66000 1.50000 -171.6134
-250.94000 -128.50000 1.50000 -212.9686
19.96000 -49.48000 1.50000 -126.3908
-195.55000 -35.66000 1.50000 -171.5946
-250.94000 -128.50000 1.50000 -212.9532
19.96000 -49.48000 1.50000 -126.3585
-195.55000 -35.66000 1.50000 -171.5758
-250.94000 -128.50000 1.50000 -172.9377
19.96000 -49.48000 1.50000 -126.3260
-195.55000 -35.66000 1.50000 -171.5569
-250.94000 -128.50000 1.50000 -172.9221
19.96000 -49.48000 1.50000 -126.2934
-195.55000 -35.66000 1.50000 -171.5379
-250.94000 -128.50000 1.50000 -172.9066
19.96000 -49.48000 1.50000 -126.2607
-195.55000 -35.66000 1.50000 -171.5189
-250.94000 -128.50000 1.50000 -172.8910
19.96000 -49.48000 1.50000 -126.2280
-195.55000 -35.66000 1.50000 -171.4999
-250.94000 -128.50000 1.50000 -172.8754
19.96000 -49.48000 1.50000 -126.1951
-195.55000 -35.66000 1.50000 -171.4808
-250.94000 -128.50000 1.50000 -172.8597
19.96000 -49.48000 1.50000 -126.1621
-195.55000 -35.66000 1.50000 -171.4617
-250.94000 -128.50000 1.50000 -172.8441
19.96000 -49.48000 1.50000 -126.1290
-195.55000 -35.66000 1.50000 -171.4426
-250.94000 -128.50000 1.50000 -172.8284
19.96000 -49.48000 1.50000 -126.0958
-195.55000 -35.66000 1.50000 -171.4234
-250.94000 -128.50000 1.50000 -172.8127
19.96000 -49.48000 1.50000 -166.0625
-195.55000 -35.66000 1.50000 -171.4041
-250.94000 -128.50000 1.50000 -172.7970
19.96000 -49.48000 1.50000 -166.0291
-195.55000 -35.66000 1.50000 -171.3849
-250.94000 -128.50000 1.50000 -172.7812
19.96000 -49.48000 1.50000 -125.9956
-195.55000 -35.66000 1.50000 -171.3655
-250.94000 -128.50000 1.50000 -172.7654
19.96000 -49.48000 1.50000 -125.9620
-195.55000 -35.66000 1.50000 -171.3462
-250.94000 -128.50000 1.50000 -172.7496
19.96000 -49.48000 1.50000 -125.9283
-195.55000 -35.66000 1.50000 -171.3268
-250.94000 -128.50000 1.50000 -172.7338
19.96000 -49.48000 1.50000 -125.8944
-195.55000 -35.66000 1.50000 -171.3073
-250.94000 -128.50000 1.50000 -172.7179
19.96000 -49.48000 1.50000 -125.8605
-195.55000 -35.66000 1.50000 -171.2879
-250.94000 -128.50000 1.50000 -172.7021
19.96000 -49.48000 1.50000 -125.8265
-195.55000 -35.66000 1.50000 -171.2683
-250.94000 -128.50000 1.50000 -172.6861
19.96000 -49.48000 1.50000 -125.7923
-195.55000 -35.66000 1.50000 -171.2488
-250.94000 -128.50000 1.50000 -172.6702
19.96000 -49.48000 1.50000 -125.7580
-195.55000 -35.66000 1.50000 -171.2292
-250.94000 -128.50000 1.50000 -172.6543
19.96000 -49.48000 1.50000 -125.7237
-195.55000 -35.66000 1.50000 -171.2095
-250.94000 -128.50000 1.50000 -172.6383
19.96000 -49.48000 1.50000 -125.6892
-195.55000 -35.66000 1.50000 -171.1898
-250.94000 -128.50000 1.50000 -172.6223
19.96000 -49.48000 1.50000 -125.6546
-195.55000 -35.66000 1.50000 -171.1701
-250.94000 -128.50000 1.50000 -172.6062
19.96000 -49.48000 1.50000 -125.6199
-195.55000 -35.66000 1.50000 -171.1503
-250.94000 -128.50000 1.50000 -172.5902
19.96000 -49.48000 1.50000 -85.5851
-195.55000 -35.66000 1.50000 -171.1305
-250.94000 -128.50000 1.50000 -172.5741
19.96000 -49.48000 1.50000 -85.5502
-195.55000 -35.66000 1.50000 -171.1106
-250.94000 -128.50000 1.50000 -172.5580
19.96000 -49.48000 1.50000 -85.5151
-195.55000 -35.66000 1.50000 -171.0907
-250.94000 -128.50000 1.50000 -172.5418
19.96000 -49.48000 1.50000 -85.4800
-195.55000 -35.66000 1.50000 -171.0707
-250.94000 -128.50000 1.50000 -172.5257
19.96000 -49.48000 1.50000 -85.4447
-195.55000 -35.66000 1.50000 -171.0507
-250.94000 -128.50000 1.50000 -172.5095
19.96000 -49.48000 1.50000 -85.4094
-195.55000 -35.66000 1.50000 -171.0307
-250.94000 -128.50000 1.50000 -212.4933
19.96000 -49.48000 1.50000 -85.3739
-195.55000 -35.66000 1.50000 -171.0106
-250.94000 -128.50000 1.50000 -212.4770
19.96000 -49.48000 1.50000 -85.3383
-195.55000 -35.66000 1.50000 -170.9904
-250.94000 -128.50000 1.50000 -212.4607
19.96000 -49.48000 1.50000 -85.3220
-195.55000 -35.66000 1.50000 -170.9867
-250.94000 -128.50000 1.50000 -172.4548
19.96000 -49.48000 1.50000 -85.3578
-195.55000 -35.66000 1.50000 -171.0069
-250.94000 -128.50000 1.50000 -172.4711
19.96000 -49.48000 1.50000 -85.3934
-195.55000 -35.66000 1.50000 -171.0270
-250.94000 -128.50000 1.50000 -172.4874
19.96000 -49.48000 1.50000 -85.4289
-195.55000 -35.66000 1.50000 -171.0470
-250.94000 -128.50000 1.50000 -172.5036
19.96000 -49.48000 1.50000 -85.4643
-195.55000 -35.66000 1.50000 -171.0670
-250.94000 -128.50000 1.50000 -172.5199
19.96000 -49.48000 1.50000 -85.4995
-195.55000 -35.66000 1.50000 -171.0870
-250.94000 -128.50000 1.50000 -172.5360
19.96000 -49.48000 1.50000 -125.5347
-195.55000 -35.66000 1.50000 -171.1070
-250.94000 -128.50000 1.50000 -172.5522
19.96000 -49.48000 1.50000 -125.5697
-195.55000 -35.66000 1.50000 -171.1268
-250.94000 -128.50000 1.50000 -172.5683
19.96000 -49.48000 1.50000 -125.6047
-195.55000 -35.66000 1.50000 -171.1467
-250.94000 -128.50000 1.50000 -172.5845
19.96000 -49.48000 1.50000 -125.6395
-195.55000 -35.66000 1.50000 -171.1665
-250.94000 -128.50000 1.50000 -172.6005
19.96000 -49.48000 1.50000 -125.6742
-195.55000 -35.66000 1.50000 -171.1862
-250.94000 -128.50000 1.50000 -172.6166
19.96000 -49.48000 1.50000 -125.7088
-195.55000 -35.66000 1.50000 -171.2059
-250.94000 -128.50000 1.50000 -172.6326
19.96000 -49.48000 1.50000 -125.7433
-195.55000 -35.66000 1.50000 -171.2256
-250.94000 -128.50000 1.50000 -172.6486
19.96000 -49.48000 1.50000 -125.7777
-195.55000 -35.66000 1.50000 -171.2452
-250.94000 -128.50000 1.50000 -172.6646
19.96000 -49.48000 1.50000 -125.8119
-195.55000 -35.66000 1.50000 -171.2648
-250.94000 -128.50000 1.50000 -172.6806
19.96000 -49.48000 1.50000 -125.8461
-195.55000 -35.66000 1.50000 -171.2844
-250.94000 -128.50000 1.50000 -172.6965
19.96000 -49.48000 1.50000 -125.8801
-195.55000 -35.66000 1.50000 -171.3039
-250.94000 -128.50000 1.50000 -172.7124
19.96000 -49.48000 1.50000 -125.9141
-195.55000 -35.66000 1.50000 -171.3233
-250.94000 -128.50000 1.50000 -172.7283
19.96000 -49.48000 1.50000 -165.9479
-195.55000 -35.66000 1.50000 -171.3427
-250.94000 -128.50000 1.50000 -172.7441
19.96000 -49.48000 1.50000 -125.9816
-195.55000 -35.66000 1.50000 -171.3621
-250.94000 -128.50000 1.50000 -172.7599
19.96000 -49.48000 1.50000 -126.0153
-195.55000 -35.66000 1.50000 -171.3814
-250.94000 -128.50000 1.50000 -172.7757
19.96000 -49.48000 1.50000 -126.0488
-195.55000 -35.66000 1.50000 -171.4007
-250.94000 -128.50000 1.50000 -172.7915
19.96000 -49.48000 1.50000 -126.0822
-195.55000 -35.66000 1.50000 -171.4200
-250.94000 -128.50000 1.50000 -172.8073
19.96000 -49.48000 1.50000 -126.1155
-195.55000 -35.66000 1.50000 -171.4392
-250.94000 -128.50000 1.50000 -172.8230
19.96000 -49.48000 1.50000 -126.1487
-195.55000 -35.66000 1.50000 -171.4583
-250.94000 -128.50000 1.50000 -172.8387
19.96000 -49.48000 1.50000 -126.1817
-195.55000 -35.66000 1.50000 -171.4775
-250.94000 -128.50000 1.50000 -172.8544
19.96000 -49.48000 1.50000 -126.2147
-195.55000 -35.66000 1.50000 -171.4966
-250.94000 -128.50000 1.50000 -172.8700
19.96000 -49.48000 1.50000 -126.2476
-195.55000 -35.66000 1.50000 -171.5156
-250.94000 -128.50000 1.50000 -172.8857
19.96000 -49.48000 1.50000 -126.2804
-195.55000 -35.66000 1.50000 -171.5346
-250.94000 -128.50000 1.50000 -172.9012
19.96000 -49.48000 1.50000 -126.3130
-195.55000 -35.66000 1.50000 -171.5536
-250.94000 -128.50000 1.50000 -212.9168
19.96000 -49.48000 1.50000 -126.3456
-195.55000 -35.66000 1.50000 -171.5725
-250.94000 -128.50000 1.50000 -212.9324
19.96000 -49.48000 1.50000 -126.3781
-195.55000 -35.66000 1.50000 -171.5914
-250.94000 -128.50000 1.50000 -212.9479
19.96000 -49.48000 1.50000 -126.4104
-195.55000 -35.66000 1.50000 -171.6102
-250.94000 -128.50000 1.50000 -212.9634
19.96000 -49.48000 1.50000 -126.4427
-195.55000 -35.66000 1.50000 -171.6290
-250.94000 -128.50000 1.50000 -212.9789
19.96000 -49.48000 1.50000 -126.4749
-195.55000 -35.66000 1.50000 -171.6478
-250.94000 -128.50000 1.50000 -212.9943
19.96000 -49.48000 1.50000 -126.5069
-195.55000 -35.66000 1.50000 -171.6665
-250.94000 -128.50000 1.50000 -213.0098
19.96000 -49.48000 1.50000 -126.5389
-195.55000 -35.66000 1.50000 -171.6852
-250.94000 -128.50000 1.50000 -213.0252
19.96000 -49.48000 1.50000 -126.5708
-195.55000 -35.66000 1.50000 -171.7038
-250.94000 -128.50000 1.50000 -213.0406
19.96000 -49.48000 1.50000 -126.6025
-195.55000 -35.66000 1.50000 -171.7224
-250.94000 -128.50000 1.50000 -213.0559
19.96000 -49.48000 1.50000 -126.6342
-195.55000 -35.66000 1.50000 -171.7410
-250.94000 -128.50000 1.50000 -213.0712
19.96000 -49.48000 1.50000 -126.6658
-195.55000 -35.66000 1.50000 -171.7595
-250.94000 -128.50000 1.50000 -213.0865
19.96000 -49.48000 1.50000 -126.6972
-195.55000 -35.66000 1.50000 -171.7780
-250.94000 -128.50000 1.50000 -213.1018
19.96000 -49.48000 1.50000 -126.7286
-195.55000 -35.66000 1.50000 -171.7965
-250.94000 -128.50000 1.50000 -213.1171
19.96000 -49.48000 1.50000 -126.7599
-195.55000 -35.66000 1.50000 -171.8149
-250.94000 -128.50000 1.50000 -213.1323
19.96000 -49.48000 1.50000 -126.7483
-195.55000 -35.66000 1.50000 -211.8119
-250.94000 -128.50000 1.50000 -213.1273
19.96000 -49.48000 1.50000 -126.7169
-195.55000 -35.66000 1.50000 -211.7934
-250.94000 -128.50000 1.50000 -213.1121
19.96000 -49.48000 1.50000 -126.6855
-195.55000 -35.66000 1.50000 -211.7750
-250.94000 -128.50000 1.50000 -213.0968
19.96000 -49.48000 1.50000 -126.6539
-195.55000 -35.66000 1.50000 -211.7564
-250.94000 -128.50000 1.50000 -213.0815
19.96000 -49.48000 1.50000 -126.6223
-195.55000 -35.66000 1.50000 -211.7379
-250.94000 -128.50000 1.50000 -213.0662
19.96000 -49.48000 1.50000 -126.5905
-195.55000 -35.66000 1.50000 -171.7193
-250.94000 -128.50000 1.50000 -213.0508
19.96000 -49.48000 1.50000 -126.5587
-195.55000 -35.66000 1.50000 -171.7007
-250.94000 -128.50000 1.50000 -213.0354
19.96000 -49.48000 1.50000 -126.5267
-195.55000 -35.66000 1.50000 -171.6820
-250.94000 -128.50000 1.50000 -213.0200
19.96000 -49.48000 1.50000 -126.4947
-195.55000 -35.66000 1.50000 -171.6633
-250.94000 -128.50000 1.50000 -213.0046
19.96000 -49.48000 1.50000 -126.4625
-195.55000 -35.66000 1.50000 -171.6446
-250.94000 -128.50000 1.50000 -212.9892
19.96000 -49.48000 1.50000 -126.4303
-195.55000 -35.66000 1.50000 -171.6258
-250.94000 -128.50000 1.50000 -212.9737
19.96000 -49.48000 1.50000 -126.3979
-195.55000 -35.66000 1.50000 -171.6070
-250.94000 -128.50000 1.50000 -212.9582
19.96000 -49.48000 1.50000 -126.3654
-195.55000 -35.66000 1.50000 -171.5882
-250.94000 -128.50000 1.50000 -212.9427
19.96000 -49.48000 1.50000 -126.3329
-195.55000 -35.66000 1.50000 -171.5692
-250.94000 -128.50000 1.50000 -212.9271
19.96000 -49.48000 1.50000 -126.3002
-195.55000 -35.66000 1.50000 -171.5503
-250.94000 -128.50000 1.50000 -212.9116
19.96000 -49.48000 1.50000 -126.2674
-195.55000 -35.66000 1.50000 -171.5313
-250.94000 -128.50000 1.50000 -212.8960
19.96000 -49.48000 1.50000 -126.2346
-195.55000 -35.66000 1.50000 -171.5123
-250.94000 -128.50000 1.50000 -172.8803
19.96000 -49.48000 1.50000 -126.2016
-195.55000 -35.66000 1.50000 -171.4933
-250.94000 -128.50000 1.50000 -172.8647
19.96000 -49.48000 1.50000 -126.1685
-195.55000 -35.66000 1.50000 -171.4742
-250.94000 -128.50000 1.50000 -172.8490
19.96000 -49.48000 1.50000 -126.1353
-195.55000 -35.66000 1.50000 -171.4550
-250.94000 -128.50000 1.50000 -172.8333
19.96000 -49.48000 1.50000 -126.1020
-195.55000 -35.66000 1.50000 -171.4359
-250.94000 -128.50000 1.50000 -172.8176
19.96000 -49.48000 1.50000 -126.0686
-195.55000 -35.66000 1.50000 -171.4166
-250.94000 -128.50000 1.50000 -172.8019
19.96000 -49.48000 1.50000 -126.0351
-195.55000 -35.66000 1.50000 -171.3974
-250.94000 -128.50000 1.50000 -172.7861
19.96000 -49.48000 1.50000 -126.0015
-195.55000 -35.66000 1.50000 -171.3781
-250.94000 -128.50000 1.50000 -172.7703
19.96000 -49.48000 1.50000 -125.9678
-195.55000 -35.66000 1.50000 -171.3587
-250.94000 -128.50000 1.50000 -172.7545
19.96000 -49.48000 1.50000 -125.9340
-195.55000 -35.66000 1.50000 -171.3393
-250.94000 -128.50000 1.50000 -172.7386
19.96000 -49.48000 1.50000 -125.9000
-195.55000 -35.66000 1.50000 -171.3199
-250.94000 -128.50000 1.50000 -172.7228
19.96000 -49.48000 1.50000 -165.8660
-195.55000 -35.66000 1.50000 -171.3004
-250.94000 -128.50000 1.50000 -172.7069
19.96000 -49.48000 1.50000 -165.8318
-195.55000 -35.66000 1.50000 -171.2809
-250.94000 -128.50000 1.50000 -172.6909
19.96000 -49.48000 1.50000 -125.7975
-195.55000 -35.66000 1.50000 -171.2614
-250.94000 -128.50000 1.50000 -172.6750
19.96000 -49.48000 1.50000 -125.7632
-195.55000 -35.66000 1.50000 -171.2418
-250.94000 -128.50000 1.50000 -172.6590
19.96000 -49.48000 1.50000 -125.7287
-195.55000 -35.66000 1.50000 -171.2221
-250.94000 -128.50000 1.50000 -172.6430
19.96000 -49.48000 1.50000 -125.6941
-195.55000 -35.66000 1.50000 -171.2024
-250.94000 -128.50000 1.50000 -172.6270
19.96000 -49.48000 1.50000 -125.6593
-195.55000 -35.66000 1.50000 -171.1827
-250.94000 -128.50000 1.50000 -172.6109
19.96000 -49.48000 1.50000 -125.6245
-195.55000 -35.66000 1.50000 -171.1629
-250.94000 -128.50000 1.50000 -172.5949
19.96000 -49.48000 1.50000 -125.5896
-195.55000 -35.66000 1.50000 -171.1431
-250.94000 -128.50000 1.50000 -172.5788
19.96000 -49.48000 1.50000 -125.5545
-195.55000 -35.66000 1.50000 -171.1233
-250.94000 -128.50000 1.50000 -172.5626
19.96000 -49.48000 1.50000 -125.5193
-195.55000 -35.66000 1.50000 -171.1034
-250.94000 -128.50000 1.50000 -172.5465
19.96000 -49.48000 1.50000 -125.4841
-195.55000 -35.66000 1.50000 -171.0834
-250.94000 -128.50000 1.50000 -172.5303
19.96000 -49.48000 1.50000 -85.4487
-195.55000 -35.66000 1.50000 -171.0634
-250.94000 -128.50000 1.50000 -172.5141
19.96000 -49.48000 1.50000 -85.4131
-195.55000 -35.66000 1.50000 -171.0434
-250.94000 -128.50000 1.50000 -172.4979
19.96000 -49.48000 1.50000 -85.3775
-195.55000 -35.66000 1.50000 -171.0233
-250.94000 -128.50000 1.50000 -172.4816
19.96000 -49.48000 1.50000 -85.3418
-195.55000 -35.66000 1.50000 -171.0032
-250.94000 -128.50000 1.50000 -172.4653
19.96000 -49.48000 1.50000 -85.3059
-195.55000 -35.66000 1.50000 -170.9830
-250.94000 -128.50000 1.50000 -172.4490
19.96000 -49.48000 1.50000 -85.2699
-195.55000 -35.66000 1.50000 -170.9628
-250.94000 -128.50000 1.50000 -172.4326
19.96000 -49.48000 1.50000 -85.2338
-195.55000 -35.66000 1.50000 -170.9425
-250.94000 -128.50000 1.50000 -172.4163
19.96000 -49.48000 1.50000 -85.1976
-195.55000 -35.66000 1.50000 -170.9222
-250.94000 -128.50000 1.50000 -172.3999
19.96000 -49.48000 1.50000 -85.1612
-195.55000 -35.66000 1.50000 -170.9019
-250.94000 -128.50000 1.50000 -212.3835
19.96000 -49.48000 1.50000 -85.1248
-195.55000 -35.66000 1.50000 -170.8815
-250.94000 -128.50000 1.50000 -212.3670
19.96000 -49.48000 1.50000 -85.0882
-195.55000 -35.66000 1.50000 -170.8610
-250.94000 -128.50000 1.50000 -212.3505
19.96000 -49.48000 1.50000 -85.0515
-195.55000 -35.66000 1.50000 -170.8405
-250.94000 -128.50000 1.50000 -212.3340
19.96000 -49.48000 1.50000 -85.0147
-195.55000 -35.66000 1.50000 -170.8200
-250.94000 -128.50000 1.50000 -212.3175
19.96000 -49.48000 1.50000 -84.9777
-195.55000 -35.66000 1.50000 -170.7994
-250.94000 -128.50000 1.50000 -212.3009
19.96000 -49.48000 1.50000 -84.9605
-195.55000 -35.66000 1.50000 -170.7956
-250.94000 -128.50000 1.50000 -212.2949
19.96000 -49.48000 1.50000 -84.9976
-195.55000 -35.66000 1.50000 -170.8162
-250.94000 -128.50000 1.50000 -212.3115
19.96000 -49.48000 1.50000 -85.0345
-195.55000 -35.66000 1.50000 -170.8368
-250.94000 -128.50000 1.50000 -212.3280
19.96000 -49.48000 1.50000 -85.0714
-195.55000 -35.66000 1.50000 -170.8573
-250.94000 -128.50000 1.50000 -212.3446
19.96000 -49.48000 1.50000 -85.1081
-195.55000 -35.66000 1.50000 -170.8777
-250.94000 -128.50000 1.50000 -172.3611
19.96000 -49.48000 1.50000 -85.1447
-195.55000 -35.66000 1.50000 -170.8981
-250.94000 -128.50000 1.50000 -172.3775
19.96000 -49.48000 1.50000 -85.1812
-195.55000 -35.66000 1.50000 -170.9185
-250.94000 -128.50000 1.50000 -172.3940
19.96000 -49.48000 1.50000 -85.2175
-195.55000 -35.66000 1.50000 -170.9388
-250.94000 -128.50000 1.50000 -172.4104
19.96000 -49.48000 1.50000 -85.2538
-195.55000 -35.66000 1.50000 -170.9591
-250.94000 -128.50000 1.50000 -172.4268
19.96000 -49.48000 1.50000 -85.2899
-195.55000 -35.66000 1.50000 -170.9794
-250.94000 -128.50000 1.50000 -172.4432
19.96000 -49.48000 1.50000 -85.3259
-195.55000 -35.66000 1.50000 -170.9995
-250.94000 -128.50000 1.50000 -172.4595
19.96000 -49.48000 1.50000 -85.3618
-195.55000 -35.66000 1.50000 -171.0197
-250.94000 -128.50000 1.50000 -172.4758
19.96000 -49.48000 1.50000 -125.3975
-195.55000 -35.66000 1.50000 -171.0398
-250.94000 -128.50000 1.50000 -172.4921
19.96000 -49.48000 1.50000 -125.4332
-195.55000 -35.66000 1.50000 -171.0598
-250.94000 -128.50000 1.50000 -172.5083
19.96000 -49.48000 1.50000 -125.4687
-195.55000 -35.66000 1.50000 -171.0798
-250.94000 -128.50000 1.50000 -172.5246
19.96000 -49.48000 1.50000 -125.5041
-195.55000 -35.66000 1.50000 -171.0998
-250.94000 -128.50000 1.50000 -172.5408
19.96000 -49.48000 1.50000 -145.5394
-195.55000 -35.66000 1.50000 -171.1197
-250.94000 -128.50000 1.50000 -172.5570
19.96000 -49.48000 1.50000 -125.5746
-195.55000 -35.66000 1.50000 -171.1396
-250.94000 -128.50000 1.50000 -172.5731
19.96000 -49.48000 1.50000 -125.6096
-195.55000 -35.66000 1.50000 -171.1594
-250.94000 -128.50000 1.50000 -172.5892
19.96000 -49.48000 1.50000 -125.6446
-195.55000 -35.66000 1.50000 -171.1792
-250.94000 -128.50000 1.50000 -172.6053
19.96000 -49.48000 1.50000 -125.6794
-195.55000 -35.66000 1.50000 -171.1990
-250.94000 -128.50000 1.50000 -172.6214
19.96000 -49.48000 1.50000 -125.7141
-195.55000 -35.66000 1.50000 -171.2187
-250.94000 -128.50000 1.50000 -172.6375
19.96000 -49.48000 1.50000 -165.7487
-195.55000 -35.66000 1.50000 -171.2383
-250.94000 -128.50000 1.50000 -172.6535
19.96000 -49.48000 1.50000 -125.7832
-195.55000 -35.66000 1.50000 -171.2579
-250.94000 -128.50000 1.50000 -172.6695
19.96000 -49.48000 1.50000 -125.8176
-195.55000 -35.66000 1.50000 -171.2775
-250.94000 -128.50000 1.50000 -172.6854
19.96000 -49.48000 1.50000 -125.8519
-195.55000 -35.66000 1.50000 -171.2970
-250.94000 -128.50000 1.50000 -172.7014
19.96000 -49.48000 1.50000 -125.8861
-195.55000 -35.66000 1.50000 -171.3165
-250.94000 -128.50000 1.50000 -172.7173
19.96000 -49.48000 1.50000 -125.9201
-195.55000 -35.66000 1.50000 -171.3360
-250.94000 -128.50000 1.50000 -172.7332
19.96000 -49.48000 1.50000 -125.9540
-195.55000 -35.66000 1.50000 -171.3554
-250.94000 -128.50000 1.50000 -172.7491
19.96000 -49.48000 1.50000 -125.9879
-195.55000 -35.66000 1.50000 -171.3747
-250.94000 -128.50000 1.50000 -172.7649
19.96000 -49.48000 1.50000 -126.0216
-195.55000 -35.66000 1.50000 -171.3940
-250.94000 -128.50000 1.50000 -172.7807
19.96000 -49.48000 1.50000 -126.0552
-195.55000 -35.66000 1.50000 -171.4133
-250.94000 -128.50000 1.50000 -172.7965
19.96000 -49.48000 1.50000 -126.0887
-195.55000 -35.66000 1.50000 -171.4326
-250.94000 -128.50000 1.50000 -172.8123
19.96000 -49.48000 1.50000 -126.1221
-195.55000 -35.66000 1.50000 -171.4518
-250.94000 -128.50000 1.50000 -172.8280
19.96000 -49.48000 1.50000 -126.1554
-195.55000 -35.66000 1.50000 -171.4709
-250.94000 -128.50000 1.50000 -172.8437
19.96000 -49.48000 1.50000 -126.1886
-195.55000 -35.66000 1.50000 -171.4900
-250.94000 -128.50000 1.50000 -212.8594
19.96000 -49.48000 1.50000 -126.2216
-195.55000 -35.66000 1.50000 -171.5091
-250.94000 -128.50000 1.50000 -212.8751
19.96000 -49.48000 1.50000 -126.2546
-195.55000 -35.66000 1.50000 -171.5281
-250.94000 -128.50000 1.50000 -212.8907
19.96000 -49.48000 1.50000 -126.2875
-195.55000 -35.66000 1.50000 -171.5471
-250.94000 -128.50000 1.50000 -212.9063
19.96000 -49.48000 1.50000 -126.3202
-195.55000 -35.66000 1.50000 -171.5661
-250.94000 -128.50000 1.50000 -212.9219
19.96000 -49.48000 1.50000 -126.3529
-195.55000 -35.66000 1.50000 -171.5850
-250.94000 -128.50000 1.50000 -212.9375
19.96000 -49.48000 1.50000 -126.3855
-195.55000 -35.66000 1.50000 -171.6038
-250.94000 -128.50000 1.50000 -212.9530
19.96000 -49.48000 1.50000 -126.4179
-195.55000 -35.66000 1.50000 -211.6227
-250.94000 -128.50000 1.50000 -212.9685
19.96000 -49.48000 1.50000 -126.4502
-195.55000 -35.66000 1.50000 -211.6415
-250.94000 -128.50000 1.50000 -212.9840
19.96000 -49.48000 1.50000 -126.4825
-195.55000 -35.66000 1.50000 -211.6602
-250.94000 -128.50000 1.50000 -212.9995
19.96000 -49.48000 1.50000 -126.5146
-195.55000 -35.66000 1.50000 -211.6789
-250.94000 -128.50000 1.50000 -213.0149
19.96000 -49.48000 1.50000 -126.5467
-195.55000 -35.66000 1.50000 -211.6976
-250.94000 -128.50000 1.50000 -213.0303
19.96000 -49.48000 1.50000 -126.5786
-195.55000 -35.66000 1.50000 -211.7162
-250.94000 -128.50000 1.50000 -213.0457
19.96000 -49.48000 1.50000 -126.6105
-195.55000 -35.66000 1.50000 -211.7348
-250.94000 -128.50000 1.50000 -213.0611
19.96000 -49.48000 1.50000 -126.6422
-195.55000 -35.66000 1.50000 -171.7534
-250.94000 -128.50000 1.50000 -213.0764
19.96000 -49.48000 1.50000 -126.6738
-195.55000 -35.66000 1.50000 -211.7719
-250.94000 -128.50000 1.50000 -213.0918
19.96000 -49.48000 1.50000 -126.7054
-195.55000 -35.66000 1.50000 -211.7904
-250.94000 -128.50000 1.50000 -213.1071
19.96000 -49.48000 1.50000 -126.6939
-195.55000 -35.66000 1.50000 -211.7874
-250.94000 -128.50000 1.50000 -213.1021
19.96000 -49.48000 1.50000 -126.6623
-195.55000 -35.66000 1.50000 -211.7689
-250.94000 -128.50000 1.50000 -213.0868
19.96000 -49.48000 1.50000 -126.6306
-195.55000 -35.66000 1.50000 -211.7504
-250.94000 -128.50000 1.50000 -213.0714
19.96000 -49.48000 1.50000 -126.5987
-195.55000 -35.66000 1.50000 -211.7318
-250.94000 -128.50000 1.50000 -213.0561
19.96000 -49.48000 1.50000 -126.5668
-195.55000 -35.66000 1.50000 -171.7132
-250.94000 -128.50000 1.50000 -213.0407
19.96000 -49.48000 1.50000 -126.5348
-195.55000 -35.66000 1.50000 -171.6945
-250.94000 -128.50000 1.50000 -213.0253
19.96000 -49.48000 1.50000 -126.5027
-195.55000 -35.66000 1.50000 -171.6759
-250.94000 -128.50000 1.50000 -213.0098
19.96000 -49.48000 1.50000 -126.4704
-195.55000 -35.66000 1.50000 -171.6571
-250.94000 -128.50000 1.50000 -212.9944
19.96000 -49.48000 1.50000 -126.4381
-195.55000 -35.66000 1.50000 -171.6384
-250.94000 -128.50000 1.50000 -212.9789
19.96000 -49.48000 1.50000 -126.4057
-195.55000 -35.66000 1.50000 -211.6196
-250.94000 -128.50000 1.50000 -212.9634
19.96000 -49.48000 1.50000 -126.3731
-195.55000 -35.66000 1.50000 -211.6007
-250.94000 -128.50000 1.50000 -212.9478
19.96000 -49.48000 1.50000 -126.3405
-195.55000 -35.66000 1.50000 -211.5818
-250.94000 -128.50000 1.50000 -212.9323
19.96000 -49.48000 1.50000 -126.3077
-195.55000 -35.66000 1.50000 -211.5629
-250.94000 -128.50000 1.50000 -212.9167
19.96000 -49.48000 1.50000 -126.2749
-195.55000 -35.66000 1.50000 -211.5439
-250.94000 -128.50000 1.50000 -212.9011
19.96000 -49.48000 1.50000 -126.2419
-195.55000 -35.66000 1.50000 -211.5249
-250.94000 -128.50000 1.50000 -212.8855
19.96000 -49.48000 1.50000 -126.2088
-195.55000 -35.66000 1.50000 -211.5059
-250.94000 -128.50000 1.50000 -212.8698
19.96000 -49.48000 1.50000 -126.1757
-195.55000 -35.66000 1.50000 -171.4868
-250.94000 -128.50000 1.50000 -212.8541
19.96000 -49.48000 1.50000 -126.1424
-195.55000 -35.66000 1.50000 -171.4677
-250.94000 -128.50000 1.50000 -212.8384
19.96000 -49.48000 1.50000 -126.1090
-195.55000 -35.66000 1.50000 -171.4485
-250.94000 -128.50000 1.50000 -172.8227
19.96000 -49.48000 1.50000 -126.0755
-195.55000 -35.66000 1.50000 -171.4293
-250.94000 -128.50000 1.50000 -172.8069
19.96000 -49.48000 1.50000 -126.0419
-195.55000 -35.66000 1.50000 -171.4100
-250.94000 -128.50000 1.50000 -172.7912
19.96000 -49.48000 1.50000 -126.0082
-195.55000 -35.66000 1.50000 -171.3908
-250.94000 -128.50000 1.50000 -172.7753
19.96000 -49.48000 1.50000 -125.9743
-195.55000 -35.66000 1.50000 -171.3714
-250.94000 -128.50000 1.50000 -172.7595
19.96000 -49.48000 1.50000 -125.9404
-195.55000 -35.66000 1.50000 -171.3521
-250.94000 -128.50000 1.50000 -172.7437
19.96000 -49.48000 1.50000 -125.9064
-195.55000 -35.66000 1.50000 -171.3326
-250.94000 -128.50000 1.50000 -172.7278
19.96000 -49.48000 1.50000 -125.8722
-195.55000 -35.66000 1.50000 -171.3132
-250.94000 -128.50000 1.50000 -172.7119
19.96000 -49.48000 1.50000 -125.8379
-195.55000 -35.66000 1.50000 -171.2937
-250.94000 -128.50000 1.50000 -172.6959
19.96000 -49.48000 1.50000 -125.8036
-195.55000 -35.66000 1.50000 -171.2741
-250.94000 -128.50000 1.50000 -172.6799
19.96000 -49.48000 1.50000 -125.7691
-195.55000 -35.66000 1.50000 -171.2545
-250.94000 -128.50000 1.50000 -172.6640
19.96000 -49.48000 1.50000 -125.7345
-195.55000 -35.66000 1.50000 -171.2349
-250.94000 -128.50000 1.50000 -172.6479
19.96000 -49.48000 1.50000 -125.6997
-195.55000 -35.66000 1.50000 -171.2152
-250.94000 -128.50000 1.50000 -172.6319
19.96000 -49.48000 1.50000 -165.6649
-195.55000 -35.66000 1.50000 -171.1955
-250.94000 -128.50000 1.50000 -172.6158
19.96000 -49.48000 1.50000 -125.6299
-195.55000 -35.66000 1.50000 -171.1758
-250.94000 -128.50000 1.50000 -172.5997
19.96000 -49.48000 1.50000 -125.5949
-195.55000 -35.66000 1.50000 -171.1560
-250.94000 -128.50000 1.50000 -172.5836
19.96000 -49.48000 1.50000 -125.5597
-195.55000 -35.66000 1.50000 -171.1361
-250.94000 -128.50000 1.50000 -172.5675
19.96000 -49.48000 1.50000 -125.5244
-195.55000 -35.66000 1.50000 -171.1162
-250.94000 -128.50000 1.50000 -172.5513
19.96000 -49.48000 1.50000 -125.4890
-195.55000 -35.66000 1.50000 -171.0963
-250.94000 -128.50000 1.50000 -172.5351
19.96000 -49.48000 1.50000 -125.4534
-195.55000 -35.66000 1.50000 -171.0763
-250.94000 -128.50000 1.50000 -172.5189
19.96000 -49.48000 1.50000 -125.4178
-195.55000 -35.66000 1.50000 -171.0563
-250.94000 -128.50000 1.50000 -172.5026
19.96000 -49.48000 1.50000 -125.3820
-195.55000 -35.66000 1.50000 -171.0362
-250.94000 -128.50000 1.50000 -172.4864
19.96000 -49.48000 1.50000 -125.3461
-195.55000 -35.66000 1.50000 -171.0161
-250.94000 -128.50000 1.50000 -172.4700
19.96000 -49.48000 1.50000 -85.3101
-195.55000 -35.66000 1.50000 -170.9960
-250.94000 -128.50000 1.50000 -172.4537
19.96000 -49.48000 1.50000 -85.2740
-195.55000 -35.66000 1.50000 -170.9758
-250.94000 -128.50000 1.50000 -172.4374
19.96000 -49.48000 1.50000 -85.2377
-195.55000 -35.66000 1.50000 -170.9555
-250.94000 -128.50000 1.50000 -172.4210
19.96000 -49.48000 1.50000 -85.2014
-195.55000 -35.66000 1.50000 -170.9352
-250.94000 -128.50000 1.50000 -172.4046
19.96000 -49.48000 1.50000 -85.1649
-195.55000 -35.66000 1.50000 -170.9149
-250.94000 -128.50000 1.50000 -172.3881
19.96000 -49.48000 1.50000 -85.1283
-195.55000 -35.66000 1.50000 -170.8945
-250.94000 -128.50000 1.50000 -172.3717
19.96000 -49.48000 1.50000 -85.0915
-195.55000 -35.66000 1.50000 -170.8740
-250.94000 -128.50000 1.50000 -172.3552
19.96000 -49.48000 1.50000 -85.0547
-195.55000 -35.66000 1.50000 -170.8536
-250.94000 -128.50000 1.50000 -172.3386
19.96000 -49.48000 1.50000 -85.0177
-195.55000 -35.66000 1.50000 -170.8330
-250.94000 -128.50000 1.50000 -172.3221
19.96000 -49.48000 1.50000 -84.9806
-195.55000 -35.66000 1.50000 -170.8125
-250.94000 -128.50000 1.50000 -172.3055
19.96000 -49.48000 1.50000 -84.9433
-195.55000 -35.66000 1.50000 -170.7918
-250.94000 -128.50000 1.50000 -212.2889
19.96000 -49.48000 1.50000 -84.9263
-195.55000 -35.66000 1.50000 -170.7881
-250.94000 -128.50000 1.50000 -172.2829
19.96000 -49.48000 1.50000 -84.9637
-195.55000 -35.66000 1.50000 -170.8088
-250.94000 -128.50000 1.50000 -172.2996
19.96000 -49.48000 1.50000 -85.0010
-195.55000 -35.66000 1.50000 -170.8294
-250.94000 -128.50000 1.50000 -172.3162
19.96000 -49.48000 1.50000 -85.0381
-195.55000 -35.66000 1.50000 -170.8499
-250.94000 -128.50000 1.50000 -172.3327
19.96000 -49.48000 1.50000 -85.0751
-195.55000 -35.66000 1.50000 -170.8704
-250.94000 -128.50000 1.50000 -172.3493
19.96000 -49.48000 1.50000 -85.1120
-195.55000 -35.66000 1.50000 -170.8908
-250.94000 -128.50000 1.50000 -172.3658
19.96000 -49.48000 1.50000 -85.1487
-195.55000 -35.66000 1.50000 -170.9113
-250.94000 -128.50000 1.50000 -172.3823
19.96000 -49.48000 1.50000 -85.1853
-195.55000 -35.66000 1.50000 -170.9316
-250.94000 -128.50000 1.50000 -172.3987
19.96000 -49.48000 1.50000 -85.2218
-195.55000 -35.66000 1.50000 -170.9519
-250.94000 -128.50000 1.50000 -172.4152
19.96000 -49.48000 1.50000 -125.2582
-195.55000 -35.66000 1.50000 -170.9722
-250.94000 -128.50000 1.50000 -172.4316
19.96000 -49.48000 1.50000 -125.2945
-195.55000 -35.66000 1.50000 -170.9924
-250.94000 -128.50000 1.50000 -172.4480
19.96000 -49.48000 1.50000 -125.3306
-195.55000 -35.66000 1.50000 -171.0126
-250.94000 -128.50000 1.50000 -172.4643
19.96000 -49.48000 1.50000 -125.3666
-195.55000 -35.66000 1.50000 -171.0327
-250.94000 -128.50000 1.50000 -172.4807
19.96000 -49.48000 1.50000 -125.4025
-195.55000 -35.66000 1.50000 -171.0528
-250.94000 -128.50000 1.50000 -172.4969
19.96000 -49.48000 1.50000 -125.4383
-195.55000 -35.66000 1.50000 -171.0728
-250.94000 -128.50000 1.50000 -172.5132
19.96000 -49.48000 1.50000 -125.4740
-195.55000 -35.66000 1.50000 -171.0928
-250.94000 -128.50000 1.50000 -172.5295
19.96000 -49.48000 1.50000 -125.5095
-195.55000 -35.66000 1.50000 -171.1128
-250.94000 -128.50000 1.50000 -172.5457
19.96000 -49.48000 1.50000 -165.5449
-195.55000 -35.66000 1.50000 -171.1327
-250.94000 -128.50000 1.50000 -172.5619
19.96000 -49.48000 1.50000 -165.5802
-195.55000 -35.66000 1.50000 -171.1526
-250.94000 -128.50000 1.50000 -172.5780
19.96000 -49.48000 1.50000 -125.6154
-195.55000 -35.66000 1.50000 -171.1724
-250.94000 -128.50000 1.50000 -172.5942
19.96000 -49.48000 1.50000 -125.6505
-195.55000 -35.66000 1.50000 -171.1921
-250.94000 -128.50000 1.50000 -172.6103
19.96000 -49.48000 1.50000 -125.6854
-195.55000 -35.66000 1.50000 -171.2119
-250.94000 -128.50000 1.50000 -172.6264
19.96000 -49.48000 1.50000 -125.7203
-195.55000 -35.66000 1.50000 -171.2316
-250.94000 -128.50000 1.50000 -172.6424
19.96000 -49.48000 1.50000 -125.7550
-195.55000 -35.66000 1.50000 -171.2512
-250.94000 -128.50000 1.50000 -172.6585
19.96000 -49.48000 1.50000 -125.7896
-195.55000 -35.66000 1.50000 -171.2708
-250.94000 -128.50000 1.50000 -172.6745
19.96000 -49.48000 1.50000 -125.8241
-195.55000 -35.66000 1.50000 -171.2904
-250.94000 -128.50000 1.50000 -172.6905
19.96000 -49.48000 1.50000 -125.8585
-195.55000 -35.66000 1.50000 -171.3099
-250.94000 -128.50000 1.50000 -172.7064
19.96000 -49.48000 1.50000 -125.8927
-195.55000 -35.66000 1.50000 -171.3294
-250.94000 -128.50000 1.50000 -172.7224
19.96000 -49.48000 1.50000 -125.9269
-195.55000 -35.66000 1.50000 -171.3488
-250.94000 -128.50000 1.50000 -172.7383
19.96000 -49.48000 1.50000 -125.9609
-195.55000 -35.66000 1.50000 -171.3682
-250.94000 -128.50000 1.50000 -172.7542
19.96000 -49.48000 1.50000 -125.9949
-195.55000 -35.66000 1.50000 -211.3875
-250.94000 -128.50000 1.50000 -172.7700
19.96000 -49.48000 1.50000 -126.0287
-195.55000 -35.66000 1.50000 -211.4068
-250.94000 -128.50000 1.50000 -172.7858
19.96000 -49.48000 1.50000 -126.0624
-195.55000 -35.66000 1.50000 -211.4261
-250.94000 -128.50000 1.50000 -212.8016
19.96000 -49.48000 1.50000 -126.0960
-195.55000 -35.66000 1.50000 -211.4453
-250.94000 -128.50000 1.50000 -212.8174
19.96000 -49.48000 1.50000 -126.1295
-195.55000 -35.66000 1.50000 -211.4645
-250.94000 -128.50000 1.50000 -212.8332
19.96000 -49.48000 1.50000 -126.1629
-195.55000 -35.66000 1.50000 -211.4836
-250.94000 -128.50000 1.50000 -212.8489
19.96000 -49.48000 1.50000 -126.1961
-195.55000 -35.66000 1.50000 -211.5027
-250.94000 -128.50000 1.50000 -212.8646
19.96000 -49.48000 1.50000 -126.2293
-195.55000 -35.66000 1.50000 -171.5218
-250.94000 -128.50000 1.50000 -212.8803
19.96000 -49.48000 1.50000 -126.2623
-195.55000 -35.66000 1.50000 -171.5408
-250.94000 -128.50000 1.50000 -212.8959
19.96000 -49.48000 1.50000 -126.2953
-195.55000 -35.66000 1.50000 -171.5598
-250.94000 -128.50000 1.50000 -212.9115
19.96000 -49.48000 1.50000 -126.3281
-195.55000 -35.66000 1.50000 -171.5787
-250.94000 -128.50000 1.50000 -212.9271
19.96000 -49.48000 1.50000 -126.3609
-195.55000 -35.66000 1.50000 -171.5976
-250.94000 -128.50000 1.50000 -212.9427
19.96000 -49.48000 1.50000 -126.3935
-195.55000 -35.66000 1.50000 -171.6165
-250.94000 -128.50000 1.50000 -212.9583
19.96000 -49.48000 1.50000 -126.4260
-195.55000 -35.66000 1.50000 -171.6353
-250.94000 -128.50000 1.50000 -212.9738
19.96000 -49.48000 1.50000 -126.4585
-195.55000 -35.66000 1.50000 -171.6541
-250.94000 -128.50000 1.50000 -212.9893
19.96000 -49.48000 1.50000 -126.4908
-195.55000 -35.66000 1.50000 -171.6728
-250.94000 -128.50000 1.50000 -213.0048
19.96000 -49.48000 1.50000 -126.5230
-195.55000 -35.66000 1.50000 -211.6915
-250.94000 -128.50000 1.50000 -213.0202
19.96000 -49.48000 1.50000 -126.5551
-195.55000 -35.66000 1.50000 -211.7102
-250.94000 -128.50000 1.50000 -213.0357
19.96000 -49.48000 1.50000 -126.5871
-195.55000 -35.66000 1.50000 -211.7288
-250.94000 -128.50000 1.50000 -213.0511
19.96000 -49.48000 1.50000 -126.6190
-195.55000 -35.66000 1.50000 -211.7474
-250.94000 -128.50000 1.50000 -213.0664
19.96000 -49.48000 1.50000 -126.6508
-195.55000 -35.66000 1.50000 -211.7659
-250.94000 -128.50000 1.50000 -213.0818