19.96000 -49.48000 1.50000 -124.8465
-195.55000 -35.66000 1.50000 -170.5564
-250.94000 -128.50000 1.50000 -212.1781
19.96000 -49.48000 1.50000 -124.8812
-195.55000 -35.66000 1.50000 -170.5772
-250.94000 -128.50000 1.50000 -252.1945
19.96000 -49.48000 1.50000 -124.9158
-195.55000 -35.66000 1.50000 -170.5980
-250.94000 -128.50000 1.50000 -252.2109
19.96000 -49.48000 1.50000 -124.9503
-195.55000 -35.66000 1.50000 -170.6188
-250.94000 -128.50000 1.50000 -252.2272
19.96000 -49.48000 1.50000 -124.9848
-195.55000 -35.66000 1.50000 -170.6395
-250.94000 -128.50000 1.50000 -252.2436
19.96000 -49.48000 1.50000 -125.0192
-195.55000 -35.66000 1.50000 -170.6602
-250.94000 -128.50000 1.50000 -252.2599
19.96000 -49.48000 1.50000 -125.0535
-195.55000 -35.66000 1.50000 -170.6808
-250.94000 -128.50000 1.50000 -252.2762
19.96000 -49.48000 1.50000 -125.0877
-195.55000 -35.66000 1.50000 -170.7014
-250.94000 -128.50000 1.50000 -252.2924
19.96000 -49.48000 1.50000 -125.1219
-195.55000 -35.66000 1.50000 -170.7220
-250.94000 -128.50000 1.50000 -252.3087
19.96000 -49.48000 1.50000 -125.1560
-195.55000 -35.66000 1.50000 -170.7424
-250.94000 -128.50000 1.50000 -212.3249
19.96000 -49.48000 1.50000 -125.1899
-195.55000 -35.66000 1.50000 -170.7629
-250.94000 -128.50000 1.50000 -212.3410
19.96000 -49.48000 1.50000 -125.2238
-195.55000 -35.66000 1.50000 -170.7833
-250.94000 -128.50000 1.50000 -212.3572
19.96000 -49.48000 1.50000 -125.2577
-195.55000 -35.66000 1.50000 -170.8036
-250.94000 -128.50000 1.50000 -212.3733
19.96000 -49.48000 1.50000 -165.2914
-195.55000 -35.66000 1.50000 -170.8240
-250.94000 -128.50000 1.50000 -212.3895
19.96000 -49.48000 1.50000 -165.3251
-195.55000 -35.66000 1.50000 -170.8442
-250.94000 -128.50000 1.50000 -212.4055
19.96000 -49.48000 1.50000 -165.3587
-195.55000 -35.66000 1.50000 -130.8645
-250.94000 -128.50000 1.50000 -212.4216
19.96000 -49.48000 1.50000 -165.3922
-195.55000 -35.66000 1.50000 -130.8846
-250.94000 -128.50000 1.50000 -212.4376
19.96000 -49.48000 1.50000 -165.4256
-195.55000 -35.66000 1.50000 -130.9048
-250.94000 -128.50000 1.50000 -212.4536
19.96000 -49.48000 1.50000 -165.4589
-195.55000 -35.66000 1.50000 -130.9249
-250.94000 -128.50000 1.50000 -212.4696
19.96000 -49.48000 1.50000 -165.4922
-195.55000 -35.66000 1.50000 -130.9449
-250.94000 -128.50000 1.50000 -212.4856
19.96000 -49.48000 1.50000 -165.5253
-195.55000 -35.66000 1.50000 -130.9649
-250.94000 -128.50000 1.50000 -212.5015
19.96000 -49.48000 1.50000 -165.5584
-195.55000 -35.66000 1.50000 -130.9849
-250.94000 -128.50000 1.50000 -212.5174
19.96000 -49.48000 1.50000 -165.5914
-195.55000 -35.66000 1.50000 -131.0048
-250.94000 -128.50000 1.50000 -212.5333
19.96000 -49.48000 1.50000 -165.6244
-195.55000 -35.66000 1.50000 -131.0247
-250.94000 -128.50000 1.50000 -212.5492
19.96000 -49.48000 1.50000 -165.6572
-195.55000 -35.66000 1.50000 -131.0445
-250.94000 -128.50000 1.50000 -212.5650
19.96000 -49.48000 1.50000 -165.6900
-195.55000 -35.66000 1.50000 -131.0643
-250.94000 -128.50000 1.50000 -212.5809
19.96000 -49.48000 1.50000 -165.7226
-195.55000 -35.66000 1.50000 -131.0841
-250.94000 -128.50000 1.50000 -212.5966
19.96000 -49.48000 1.50000 -165.7552
-195.55000 -35.66000 1.50000 -131.1038
-250.94000 -128.50000 1.50000 -212.6124
19.96000 -49.48000 1.50000 -165.7878
-195.55000 -35.66000 1.50000 -131.1234
-250.94000 -128.50000 1.50000 -212.6282
19.96000 -49.48000 1.50000 -165.8202
-195.55000 -35.66000 1.50000 -131.1431
-250.94000 -128.50000 1.50000 -212.6439
19.96000 -49.48000 1.50000 -165.8525
-195.55000 -35.66000 1.50000 -131.1626
-250.94000 -128.50000 1.50000 -212.6596
19.96000 -49.48000 1.50000 -165.8848
-195.55000 -35.66000 1.50000 -131.1822
-250.94000 -128.50000 1.50000 -212.6753
19.96000 -49.48000 1.50000 -165.9170
-195.55000 -35.66000 1.50000 -131.2017
-250.94000 -128.50000 1.50000 -252.6909
19.96000 -49.48000 1.50000 -165.9491
-195.55000 -35.66000 1.50000 -131.2211
-250.94000 -128.50000 1.50000 -252.7065
19.96000 -49.48000 1.50000 -165.9811
-195.55000 -35.66000 1.50000 -131.2406
-250.94000 -128.50000 1.50000 -212.7222
19.96000 -49.48000 1.50000 -166.0131
-195.55000 -35.66000 1.50000 -131.2599
-250.94000 -128.50000 1.50000 -212.7377
19.96000 -49.48000 1.50000 -166.0449
-195.55000 -35.66000 1.50000 -131.2793
-250.94000 -128.50000 1.50000 -252.7533
19.96000 -49.48000 1.50000 -166.0767
-195.55000 -35.66000 1.50000 -131.2986
-250.94000 -128.50000 1.50000 -252.7688
19.96000 -49.48000 1.50000 -166.1084
-195.55000 -35.66000 1.50000 -131.3178
-250.94000 -128.50000 1.50000 -252.7843
19.96000 -49.48000 1.50000 -166.1400
-195.55000 -35.66000 1.50000 -131.3370
-250.94000 -128.50000 1.50000 -252.7998
19.96000 -49.48000 1.50000 -166.1715
-195.55000 -35.66000 1.50000 -171.3562
-250.94000 -128.50000 1.50000 -252.8153
19.96000 -49.48000 1.50000 -166.2030
-195.55000 -35.66000 1.50000 -171.3753
-250.94000 -128.50000 1.50000 -252.8307
19.96000 -49.48000 1.50000 -166.2344
-195.55000 -35.66000 1.50000 -171.3944
-250.94000 -128.50000 1.50000 -252.8462
19.96000 -49.48000 1.50000 -166.2657
-195.55000 -35.66000 1.50000 -171.4135
-250.94000 -128.50000 1.50000 -252.8615
19.96000 -49.48000 1.50000 -166.2969
-195.55000 -35.66000 1.50000 -171.4325
-250.94000 -128.50000 1.50000 -252.8769
19.96000 -49.48000 1.50000 -166.3280
-195.55000 -35.66000 1.50000 -171.4515
-250.94000 -128.50000 1.50000 -252.8923
19.96000 -49.48000 1.50000 -166.3590
-195.55000 -35.66000 1.50000 -171.4704
-250.94000 -128.50000 1.50000 -252.9076
19.96000 -49.48000 1.50000 -166.3900
-195.55000 -35.66000 1.50000 -171.4893
-250.94000 -128.50000 1.50000 -252.9229
19.96000 -49.48000 1.50000 -166.4209
-195.55000 -35.66000 1.50000 -171.5082
-250.94000 -128.50000 1.50000 -252.9382
19.96000 -49.48000 1.50000 -126.4517
-195.55000 -35.66000 1.50000 -171.5270
-250.94000 -128.50000 1.50000 -252.9534
19.96000 -49.48000 1.50000 -126.4824
-195.55000 -35.66000 1.50000 -171.5458
-250.94000 -128.50000 1.50000 -252.9687
19.96000 -49.48000 1.50000 -126.5131
-195.55000 -35.66000 1.50000 -171.5645
-250.94000 -128.50000 1.50000 -252.9839
19.96000 -49.48000 1.50000 -126.5436
-195.55000 -35.66000 1.50000 -211.5832
-250.94000 -128.50000 1.50000 -252.9991
19.96000 -49.48000 1.50000 -126.5741
-195.55000 -35.66000 1.50000 -211.6019
-250.94000 -128.50000 1.50000 -253.0143
19.96000 -49.48000 1.50000 -126.5590
-195.55000 -35.66000 1.50000 -211.5977
-250.94000 -128.50000 1.50000 -253.0084
19.96000 -49.48000 1.50000 -126.5284
-195.55000 -35.66000 1.50000 -211.5790
-250.94000 -128.50000 1.50000 -292.9932
19.96000 -49.48000 1.50000 -126.4977
-195.55000 -35.66000 1.50000 -211.5603
-250.94000 -128.50000 1.50000 -252.9780
19.96000 -49.48000 1.50000 -126.4669
-195.55000 -35.66000 1.50000 -211.5415
-250.94000 -128.50000 1.50000 -252.9628
19.96000 -49.48000 1.50000 -126.4361
-195.55000 -35.66000 1.50000 -211.5227
-250.94000 -128.50000 1.50000 -252.9475
19.96000 -49.48000 1.50000 -126.4052
-195.55000 -35.66000 1.50000 -211.5039
-250.94000 -128.50000 1.50000 -252.9322
19.96000 -49.48000 1.50000 -126.3742
-195.55000 -35.66000 1.50000 -171.4850
-250.94000 -128.50000 1.50000 -252.9169
19.96000 -49.48000 1.50000 -166.3431
-195.55000 -35.66000 1.50000 -171.4661
-250.94000 -128.50000 1.50000 -252.9016
19.96000 -49.48000 1.50000 -166.3119
-195.55000 -35.66000 1.50000 -171.4471
-250.94000 -128.50000 1.50000 -252.8863
19.96000 -49.48000 1.50000 -166.2807
-195.55000 -35.66000 1.50000 -171.4281
-250.94000 -128.50000 1.50000 -252.8709
19.96000 -49.48000 1.50000 -166.2494
-195.55000 -35.66000 1.50000 -171.4091
-250.94000 -128.50000 1.50000 -252.8555
19.96000 -49.48000 1.50000 -166.2180
-195.55000 -35.66000 1.50000 -171.3900
-250.94000 -128.50000 1.50000 -252.8401
19.96000 -49.48000 1.50000 -166.1865
-195.55000 -35.66000 1.50000 -171.3709
-250.94000 -128.50000 1.50000 -252.8246
19.96000 -49.48000 1.50000 -166.1549
-195.55000 -35.66000 1.50000 -171.3518
-250.94000 -128.50000 1.50000 -252.8092
19.96000 -49.48000 1.50000 -166.1232
-195.55000 -35.66000 1.50000 -171.3326
-250.94000 -128.50000 1.50000 -252.7937
19.96000 -49.48000 1.50000 -166.0915
-195.55000 -35.66000 1.50000 -171.3134
-250.94000 -128.50000 1.50000 -252.7782
19.96000 -49.48000 1.50000 -166.0597
-195.55000 -35.66000 1.50000 -171.2941
-250.94000 -128.50000 1.50000 -252.7626
19.96000 -49.48000 1.50000 -166.0278
-195.55000 -35.66000 1.50000 -171.2747
-250.94000 -128.50000 1.50000 -252.7471
19.96000 -49.48000 1.50000 -165.9958
-195.55000 -35.66000 1.50000 -131.2554
-250.94000 -128.50000 1.50000 -252.7315
19.96000 -49.48000 1.50000 -165.9637
-195.55000 -35.66000 1.50000 -131.2360
-250.94000 -128.50000 1.50000 -212.7159
19.96000 -49.48000 1.50000 -165.9316
-195.55000 -35.66000 1.50000 -131.2166
-250.94000 -128.50000 1.50000 -212.7003
19.96000 -49.48000 1.50000 -165.8993
-195.55000 -35.66000 1.50000 -131.1971
-250.94000 -128.50000 1.50000 -212.6846
19.96000 -49.48000 1.50000 -165.8670
-195.55000 -35.66000 1.50000 -131.1776
-250.94000 -128.50000 1.50000 -212.6689
19.96000 -49.48000 1.50000 -165.8346
-195.55000 -35.66000 1.50000 -131.1580
-250.94000 -128.50000 1.50000 -252.6532
19.96000 -49.48000 1.50000 -165.8021
-195.55000 -35.66000 1.50000 -131.1384
-250.94000 -128.50000 1.50000 -252.6375
19.96000 -49.48000 1.50000 -165.7695
-195.55000 -35.66000 1.50000 -131.1188
-250.94000 -128.50000 1.50000 -212.6218
19.96000 -49.48000 1.50000 -165.7369
-195.55000 -35.66000 1.50000 -131.0991
-250.94000 -128.50000 1.50000 -212.6060
19.96000 -49.48000 1.50000 -165.7042
-195.55000 -35.66000 1.50000 -131.0793
-250.94000 -128.50000 1.50000 -212.5902
19.96000 -49.48000 1.50000 -165.6713
-195.55000 -35.66000 1.50000 -131.0596
-250.94000 -128.50000 1.50000 -212.5744
19.96000 -49.48000 1.50000 -165.6384
-195.55000 -35.66000 1.50000 -131.0398
-250.94000 -128.50000 1.50000 -212.5586
19.96000 -49.48000 1.50000 -165.6055
-195.55000 -35.66000 1.50000 -131.0199
-250.94000 -128.50000 1.50000 -212.5427
19.96000 -49.48000 1.50000 -165.5724
-195.55000 -35.66000 1.50000 -131.0000
-250.94000 -128.50000 1.50000 -212.5268
19.96000 -49.48000 1.50000 -165.5392
-195.55000 -35.66000 1.50000 -130.9801
-250.94000 -128.50000 1.50000 -212.5109
19.96000 -49.48000 1.50000 -165.5060
-195.55000 -35.66000 1.50000 -130.9601
-250.94000 -128.50000 1.50000 -212.4949
19.96000 -49.48000 1.50000 -165.4727
-195.55000 -35.66000 1.50000 -130.9400
-250.94000 -128.50000 1.50000 -212.4790
19.96000 -49.48000 1.50000 -165.4393
-195.55000 -35.66000 1.50000 -130.9200
-250.94000 -128.50000 1.50000 -212.4630
19.96000 -49.48000 1.50000 -165.4058
-195.55000 -35.66000 1.50000 -130.8999
-250.94000 -128.50000 1.50000 -212.4470
19.96000 -49.48000 1.50000 -165.3722
-195.55000 -35.66000 1.50000 -130.8797
-250.94000 -128.50000 1.50000 -212.4309
19.96000 -49.48000 1.50000 -165.3386
-195.55000 -35.66000 1.50000 -130.8595
-250.94000 -128.50000 1.50000 -212.4149
19.96000 -49.48000 1.50000 -165.3048
-195.55000 -35.66000 1.50000 -130.8393
-250.94000 -128.50000 1.50000 -212.3988
19.96000 -49.48000 1.50000 -165.2710
-195.55000 -35.66000 1.50000 -130.8190
-250.94000 -128.50000 1.50000 -212.3827
19.96000 -49.48000 1.50000 -165.2371
-195.55000 -35.66000 1.50000 -130.7986
-250.94000 -128.50000 1.50000 -212.3666
19.96000 -49.48000 1.50000 -165.2031
-195.55000 -35.66000 1.50000 -130.7782
-250.94000 -128.50000 1.50000 -212.3504
19.96000 -49.48000 1.50000 -125.1690
-195.55000 -35.66000 1.50000 -170.7578
-250.94000 -128.50000 1.50000 -212.3342
19.96000 -49.48000 1.50000 -125.1349
-195.55000 -35.66000 1.50000 -170.7374
-250.94000 -128.50000 1.50000 -212.3180
19.96000 -49.48000 1.50000 -125.1007
-195.55000 -35.66000 1.50000 -170.7168
-250.94000 -128.50000 1.50000 -212.3018
19.96000 -49.48000 1.50000 -125.0663
-195.55000 -35.66000 1.50000 -170.6963
-250.94000 -128.50000 1.50000 -212.2855
19.96000 -49.48000 1.50000 -125.0320
-195.55000 -35.66000 1.50000 -170.6757
-250.94000 -128.50000 1.50000 -212.2692
19.96000 -49.48000 1.50000 -124.9975
-195.55000 -35.66000 1.50000 -170.6550
-250.94000 -128.50000 1.50000 -252.2529
19.96000 -49.48000 1.50000 -124.9629
-195.55000 -35.66000 1.50000 -170.6343
-250.94000 -128.50000 1.50000 -252.2366
19.96000 -49.48000 1.50000 -124.9283
-195.55000 -35.66000 1.50000 -170.6136
-250.94000 -128.50000 1.50000 -252.2202
19.96000 -49.48000 1.50000 -124.8935
-195.55000 -35.66000 1.50000 -170.5928
-250.94000 -128.50000 1.50000 -252.2039
19.96000 -49.48000 1.50000 -124.8587
-195.55000 -35.66000 1.50000 -170.5719
-250.94000 -128.50000 1.50000 -212.1874
19.96000 -49.48000 1.50000 -124.8364
-195.55000 -35.66000 1.50000 -170.5667
-250.94000 -128.50000 1.50000 -212.1804
19.96000 -49.48000 1.50000 -124.8714
-195.55000 -35.66000 1.50000 -170.5876
-250.94000 -128.50000 1.50000 -252.1968
19.96000 -49.48000 1.50000 -124.9063
-195.55000 -35.66000 1.50000 -170.6084
-250.94000 -128.50000 1.50000 -252.2133
19.96000 -49.48000 1.50000 -124.9411
-195.55000 -35.66000 1.50000 -170.6291
-250.94000 -128.50000 1.50000 -212.2296
19.96000 -49.48000 1.50000 -124.9758
-195.55000 -35.66000 1.50000 -170.6499
-250.94000 -128.50000 1.50000 -212.2460
19.96000 -49.48000 1.50000 -125.0105
-195.55000 -35.66000 1.50000 -170.6705
-250.94000 -128.50000 1.50000 -212.2623
19.96000 -49.48000 1.50000 -125.0450
-195.55000 -35.66000 1.50000 -130.6912
-250.94000 -128.50000 1.50000 -212.2786
19.96000 -49.48000 1.50000 -125.0795
-195.55000 -35.66000 1.50000 -130.7118
-250.94000 -128.50000 1.50000 -212.2949
19.96000 -49.48000 1.50000 -125.1139
-195.55000 -35.66000 1.50000 -130.7323
-250.94000 -128.50000 1.50000 -212.3112
19.96000 -49.48000 1.50000 -165.1482
-195.55000 -35.66000 1.50000 -130.7528
-250.94000 -128.50000 1.50000 -212.3274
19.96000 -49.48000 1.50000 -165.1825
-195.55000 -35.66000 1.50000 -130.7732
-250.94000 -128.50000 1.50000 -212.3436
19.96000 -49.48000 1.50000 -165.2166
-195.55000 -35.66000 1.50000 -130.7937
-250.94000 -128.50000 1.50000 -212.3598
19.96000 -49.48000 1.50000 -165.2507
-195.55000 -35.66000 1.50000 -130.8140
-250.94000 -128.50000 1.50000 -212.3760
19.96000 -49.48000 1.50000 -165.2847
-195.55000 -35.66000 1.50000 -130.8343
-250.94000 -128.50000 1.50000 -212.3921
19.96000 -49.48000 1.50000 -165.3186
-195.55000 -35.66000 1.50000 -130.8546
-250.94000 -128.50000 1.50000 -212.4082
19.96000 -49.48000 1.50000 -165.3524
-195.55000 -35.66000 1.50000 -130.8748
-250.94000 -128.50000 1.50000 -212.4243
19.96000 -49.48000 1.50000 -165.3861
-195.55000 -35.66000 1.50000 -130.8950
-250.94000 -128.50000 1.50000 -212.4404
19.96000 -49.48000 1.50000 -165.4197
-195.55000 -35.66000 1.50000 -130.9151
-250.94000 -128.50000 1.50000 -212.4564
19.96000 -49.48000 1.50000 -165.4533
-195.55000 -35.66000 1.50000 -130.9352
-250.94000 -128.50000 1.50000 -212.4724
19.96000 -49.48000 1.50000 -165.4868
-195.55000 -35.66000 1.50000 -130.9553
-250.94000 -128.50000 1.50000 -212.4884
19.96000 -49.48000 1.50000 -165.5201
-195.55000 -35.66000 1.50000 -130.9753
-250.94000 -128.50000 1.50000 -212.5043
19.96000 -49.48000 1.50000 -165.5534
-195.55000 -35.66000 1.50000 -130.9953
-250.94000 -128.50000 1.50000 -212.5203
19.96000 -49.48000 1.50000 -165.5866
-195.55000 -35.66000 1.50000 -131.0152
-250.94000 -128.50000 1.50000 -212.5362
19.96000 -49.48000 1.50000 -165.6198
-195.55000 -35.66000 1.50000 -131.0350
-250.94000 -128.50000 1.50000 -212.5521
19.96000 -49.48000 1.50000 -165.6528
-195.55000 -35.66000 1.50000 -131.0549
-250.94000 -128.50000 1.50000 -212.5680
19.96000 -49.48000 1.50000 -165.6858
-195.55000 -35.66000 1.50000 -131.0747
-250.94000 -128.50000 1.50000 -212.5838
19.96000 -49.48000 1.50000 -165.7187
-195.55000 -35.66000 1.50000 -131.0944
-250.94000 -128.50000 1.50000 -252.5996
19.96000 -49.48000 1.50000 -165.7514
-195.55000 -35.66000 1.50000 -131.1141
-250.94000 -128.50000 1.50000 -252.6154
19.96000 -49.48000 1.50000 -165.7841
-195.55000 -35.66000 1.50000 -131.1338
-250.94000 -128.50000 1.50000 -212.6312
19.96000 -49.48000 1.50000 -165.8168
-195.55000 -35.66000 1.50000 -131.1534
-250.94000 -128.50000 1.50000 -212.6469
19.96000 -49.48000 1.50000 -165.8493
-195.55000 -35.66000 1.50000 -131.1730
-250.94000 -128.50000 1.50000 -212.6626
19.96000 -49.48000 1.50000 -165.8817
-195.55000 -35.66000 1.50000 -171.1926
-250.94000 -128.50000 1.50000 -212.6783
19.96000 -49.48000 1.50000 -165.9141
-195.55000 -35.66000 1.50000 -171.2121
-250.94000 -128.50000 1.50000 -252.6940
19.96000 -49.48000 1.50000 -165.9464
-195.55000 -35.66000 1.50000 -171.2315
-250.94000 -128.50000 1.50000 -252.7097
19.96000 -49.48000 1.50000 -165.9786
-195.55000 -35.66000 1.50000 -171.2509
-250.94000 -128.50000 1.50000 -252.7253
19.96000 -49.48000 1.50000 -166.0107
-195.55000 -35.66000 1.50000 -171.2703
-250.94000 -128.50000 1.50000 -252.7409
19.96000 -49.48000 1.50000 -166.0427
-195.55000 -35.66000 1.50000 -171.2896
-250.94000 -128.50000 1.50000 -252.7565
19.96000 -49.48000 1.50000 -166.0747
-195.55000 -35.66000 1.50000 -171.3089
-250.94000 -128.50000 1.50000 -252.7720
19.96000 -49.48000 1.50000 -166.1065
-195.55000 -35.66000 1.50000 -171.3282
-250.94000 -128.50000 1.50000 -252.7876
19.96000 -49.48000 1.50000 -166.1383
-195.55000 -35.66000 1.50000 -171.3474
-250.94000 -128.50000 1.50000 -252.8031
19.96000 -49.48000 1.50000 -166.1700
-195.55000 -35.66000 1.50000 -171.3666
-250.94000 -128.50000 1.50000 -252.8186
19.96000 -49.48000 1.50000 -166.2016
-195.55000 -35.66000 1.50000 -171.3857
-250.94000 -128.50000 1.50000 -252.8340
19.96000 -49.48000 1.50000 -166.2331
-195.55000 -35.66000 1.50000 -171.4048
-250.94000 -128.50000 1.50000 -252.8495
19.96000 -49.48000 1.50000 -166.2646
-195.55000 -35.66000 1.50000 -171.4238
-250.94000 -128.50000 1.50000 -252.8649
19.96000 -49.48000 1.50000 -126.2959
-195.55000 -35.66000 1.50000 -171.4429
-250.94000 -128.50000 1.50000 -252.8803
19.96000 -49.48000 1.50000 -126.3272
-195.55000 -35.66000 1.50000 -171.4618
-250.94000 -128.50000 1.50000 -252.8956
19.96000 -49.48000 1.50000 -126.3584
-195.55000 -35.66000 1.50000 -211.4808
-250.94000 -128.50000 1.50000 -252.9110
19.96000 -49.48000 1.50000 -126.3895
-195.55000 -35.66000 1.50000 -211.4997
-250.94000 -128.50000 1.50000 -252.9263
19.96000 -49.48000 1.50000 -126.4206
-195.55000 -35.66000 1.50000 -211.5185
-250.94000 -128.50000 1.50000 -292.9416
19.96000 -49.48000 1.50000 -126.4515
-195.55000 -35.66000 1.50000 -211.5374
-250.94000 -128.50000 1.50000 -252.9569
19.96000 -49.48000 1.50000 -126.4824
-195.55000 -35.66000 1.50000 -211.5561
-250.94000 -128.50000 1.50000 -252.9721
19.96000 -49.48000 1.50000 -126.5132
-195.55000 -35.66000 1.50000 -171.5749
-250.94000 -128.50000 1.50000 -252.9874
19.96000 -49.48000 1.50000 -126.5439
-195.55000 -35.66000 1.50000 -171.5936
-250.94000 -128.50000 1.50000 -253.0026
19.96000 -49.48000 1.50000 -126.5288
-195.55000 -35.66000 1.50000 -171.5895
-250.94000 -128.50000 1.50000 -252.9968
19.96000 -49.48000 1.50000 -126.4980
-195.55000 -35.66000 1.50000 -171.5707
-250.94000 -128.50000 1.50000 -252.9815
19.96000 -49.48000 1.50000 -126.4671
-195.55000 -35.66000 1.50000 -171.5520
-250.94000 -128.50000 1.50000 -252.9663
19.96000 -49.48000 1.50000 -126.4362
-195.55000 -35.66000 1.50000 -171.5332
-250.94000 -128.50000 1.50000 -252.9510
19.96000 -49.48000 1.50000 -126.4051
-195.55000 -35.66000 1.50000 -171.5143
-250.94000 -128.50000 1.50000 -252.9357
19.96000 -49.48000 1.50000 -126.3740
-195.55000 -35.66000 1.50000 -171.4955
-250.94000 -128.50000 1.50000 -252.9204
19.96000 -49.48000 1.50000 -126.3428
-195.55000 -35.66000 1.50000 -171.4766
-250.94000 -128.50000 1.50000 -292.9051
19.96000 -49.48000 1.50000 -126.3114
-195.55000 -35.66000 1.50000 -211.4576
-250.94000 -128.50000 1.50000 -292.8897
19.96000 -49.48000 1.50000 -126.2801
-195.55000 -35.66000 1.50000 -211.4386
-250.94000 -128.50000 1.50000 -252.8743
19.96000 -49.48000 1.50000 -126.2486
-195.55000 -35.66000 1.50000 -171.4196
-250.94000 -128.50000 1.50000 -252.8589
19.96000 -49.48000 1.50000 -126.2170
-195.55000 -35.66000 1.50000 -171.4005
-250.94000 -128.50000 1.50000 -252.8434
19.96000 -49.48000 1.50000 -166.1854
-195.55000 -35.66000 1.50000 -171.3814
-250.94000 -128.50000 1.50000 -252.8280
19.96000 -49.48000 1.50000 -166.1536
-195.55000 -35.66000 1.50000 -171.3622
-250.94000 -128.50000 1.50000 -252.8125
19.96000 -49.48000 1.50000 -166.1218
-195.55000 -35.66000 1.50000 -171.3430
-250.94000 -128.50000 1.50000 -252.7970
19.96000 -49.48000 1.50000 -166.0899
-195.55000 -35.66000 1.50000 -171.3238
-250.94000 -128.50000 1.50000 -252.7815
19.96000 -49.48000 1.50000 -166.0580
-195.55000 -35.66000 1.50000 -171.3045
-250.94000 -128.50000 1.50000 -252.7659
19.96000 -49.48000 1.50000 -166.0259
-195.55000 -35.66000 1.50000 -171.2852
-250.94000 -128.50000 1.50000 -252.7503
19.96000 -49.48000 1.50000 -165.9937
-195.55000 -35.66000 1.50000 -171.2659
-250.94000 -128.50000 1.50000 -252.7347
19.96000 -49.48000 1.50000 -165.9615
-195.55000 -35.66000 1.50000 -171.2465
-250.94000 -128.50000 1.50000 -252.7191
19.96000 -49.48000 1.50000 -165.9292
-195.55000 -35.66000 1.50000 -171.2271
-250.94000 -128.50000 1.50000 -252.7035
19.96000 -49.48000 1.50000 -165.8968
-195.55000 -35.66000 1.50000 -171.2076
-250.94000 -128.50000 1.50000 -252.6878
19.96000 -49.48000 1.50000 -165.8643
-195.55000 -35.66000 1.50000 -171.1880
-250.94000 -128.50000 1.50000 -252.6721
19.96000 -49.48000 1.50000 -165.8317
-195.55000 -35.66000 1.50000 -171.1685
-250.94000 -128.50000 1.50000 -212.6564
19.96000 -49.48000 1.50000 -165.7990
-195.55000 -35.66000 1.50000 -171.1489
-250.94000 -128.50000 1.50000 -212.6406
19.96000 -49.48000 1.50000 -165.7663
-195.55000 -35.66000 1.50000 -171.1292
-250.94000 -128.50000 1.50000 -212.6248
19.96000 -49.48000 1.50000 -165.7334
-195.55000 -35.66000 1.50000 -171.1096
-250.94000 -128.50000 1.50000 -212.6091
19.96000 -49.48000 1.50000 -165.7005
-195.55000 -35.66000 1.50000 -171.0898
-250.94000 -128.50000 1.50000 -212.5932
19.96000 -49.48000 1.50000 -165.6675
-195.55000 -35.66000 1.50000 -131.0701
-250.94000 -128.50000 1.50000 -212.5774
19.96000 -49.48000 1.50000 -165.6344
-195.55000 -35.66000 1.50000 -131.0502
-250.94000 -128.50000 1.50000 -252.5615
19.96000 -49.48000 1.50000 -165.6012
-195.55000 -35.66000 1.50000 -131.0304
-250.94000 -128.50000 1.50000 -252.5457
19.96000 -49.48000 1.50000 -165.5679
-195.55000 -35.66000 1.50000 -131.0105
-250.94000 -128.50000 1.50000 -212.5297
19.96000 -49.48000 1.50000 -165.5346
-195.55000 -35.66000 1.50000 -130.9905
-250.94000 -128.50000 1.50000 -212.5138
19.96000 -49.48000 1.50000 -165.5011
-195.55000 -35.66000 1.50000 -130.9706
-250.94000 -128.50000 1.50000 -212.4978
19.96000 -49.48000 1.50000 -165.4676
-195.55000 -35.66000 1.50000 -130.9505
-250.94000 -128.50000 1.50000 -252.4818
19.96000 -49.48000 1.50000 -165.4340
-195.55000 -35.66000 1.50000 -130.9305
-250.94000 -128.50000 1.50000 -212.4659
19.96000 -49.48000 1.50000 -165.4003
-195.55000 -35.66000 1.50000 -130.9103
-250.94000 -128.50000 1.50000 -212.4498
19.96000 -49.48000 1.50000 -165.3665
-195.55000 -35.66000 1.50000 -130.8902
-250.94000 -128.50000 1.50000 -212.4337
19.96000 -49.48000 1.50000 -165.3326
-195.55000 -35.66000 1.50000 -130.8700
-250.94000 -128.50000 1.50000 -212.4177
19.96000 -49.48000 1.50000 -165.2986
-195.55000 -35.66000 1.50000 -130.8497
-250.94000 -128.50000 1.50000 -212.4016
19.96000 -49.48000 1.50000 -165.2646
-195.55000 -35.66000 1.50000 -130.8294
-250.94000 -128.50000 1.50000 -212.3854
19.96000 -49.48000 1.50000 -165.2305
-195.55000 -35.66000 1.50000 -130.8091
-250.94000 -128.50000 1.50000 -212.3693
19.96000 -49.48000 1.50000 -165.1962
-195.55000 -35.66000 1.50000 -130.7887
-250.94000 -128.50000 1.50000 -212.3531
19.96000 -49.48000 1.50000 -165.1619
-195.55000 -35.66000 1.50000 -130.7683
-250.94000 -128.50000 1.50000 -212.3369
19.96000 -49.48000 1.50000 -165.1275
-195.55000 -35.66000 1.50000 -130.7478
-250.94000 -128.50000 1.50000 -212.3206
19.96000 -49.48000 1.50000 -165.0930
-195.55000 -35.66000 1.50000 -130.7273
-250.94000 -128.50000 1.50000 -212.3044
19.96000 -49.48000 1.50000 -165.0585
-195.55000 -35.66000 1.50000 -130.7067
-250.94000 -128.50000 1.50000 -212.2881
19.96000 -49.48000 1.50000 -125.0238
-195.55000 -35.66000 1.50000 -130.6861
-250.94000 -128.50000 1.50000 -212.2718
19.96000 -49.48000 1.50000 -124.9891
-195.55000 -35.66000 1.50000 -130.6655
-250.94000 -128.50000 1.50000 -212.2554
19.96000 -49.48000 1.50000 -124.9543
-195.55000 -35.66000 1.50000 -130.6448
-250.94000 -128.50000 1.50000 -212.2391
19.96000 -49.48000 1.50000 -124.9194
-195.55000 -35.66000 1.50000 -130.6240
-250.94000 -128.50000 1.50000 -212.2227
19.96000 -49.48000 1.50000 -124.8844
-195.55000 -35.66000 1.50000 -130.6032
-250.94000 -128.50000 1.50000 -212.2063
19.96000 -49.48000 1.50000 -124.8493
-195.55000 -35.66000 1.50000 -170.5824
-250.94000 -128.50000 1.50000 -212.1898
19.96000 -49.48000 1.50000 -124.8273
-195.55000 -35.66000 1.50000 -130.5773
-250.94000 -128.50000 1.50000 -212.1829
19.96000 -49.48000 1.50000 -124.8625
-195.55000 -35.66000 1.50000 -130.5981
-250.94000 -128.50000 1.50000 -212.1994
19.96000 -49.48000 1.50000 -124.8977
-195.55000 -35.66000 1.50000 -130.6189
-250.94000 -128.50000 1.50000 -212.2158
19.96000 -49.48000 1.50000 -124.9328
-195.55000 -35.66000 1.50000 -130.6397
-250.94000 -128.50000 1.50000 -212.2322
19.96000 -49.48000 1.50000 -124.9678
-195.55000 -35.66000 1.50000 -130.6604
-250.94000 -128.50000 1.50000 -212.2486
19.96000 -49.48000 1.50000 -165.0027
-195.55000 -35.66000 1.50000 -130.6811
-250.94000 -128.50000 1.50000 -212.2650
19.96000 -49.48000 1.50000 -165.0375
-195.55000 -35.66000 1.50000 -130.7018
-250.94000 -128.50000 1.50000 -212.2813
19.96000 -49.48000 1.50000 -165.0723
-195.55000 -35.66000 1.50000 -130.7223
-250.94000 -128.50000 1.50000 -212.2976
19.96000 -49.48000 1.50000 -165.1069
-195.55000 -35.66000 1.50000 -130.7429
-250.94000 -128.50000 1.50000 -212.3139
19.96000 -49.48000 1.50000 -165.1414
-195.55000 -35.66000 1.50000 -130.7634
-250.94000 -128.50000 1.50000 -212.3301
19.96000 -49.48000 1.50000 -165.1759
-195.55000 -35.66000 1.50000 -130.7838
-250.94000 -128.50000 1.50000 -212.3464
19.96000 -49.48000 1.50000 -165.2103
-195.55000 -35.66000 1.50000 -130.8042
-250.94000 -128.50000 1.50000 -212.3626
19.96000 -49.48000 1.50000 -165.2446
-195.55000 -35.66000 1.50000 -130.8246
-250.94000 -128.50000 1.50000 -212.3788
19.96000 -49.48000 1.50000 -165.2788
-195.55000 -35.66000 1.50000 -130.8449
-250.94000 -128.50000 1.50000 -212.3949
19.96000 -49.48000 1.50000 -165.3129
-195.55000 -35.66000 1.50000 -130.8652
-250.94000 -128.50000 1.50000 -212.4111
19.96000 -49.48000 1.50000 -165.3470
-195.55000 -35.66000 1.50000 -130.8854
-250.94000 -128.50000 1.50000 -212.4272
19.96000 -49.48000 1.50000 -165.3809
-195.55000 -35.66000 1.50000 -130.9056
-250.94000 -128.50000 1.50000 -212.4433
19.96000 -49.48000 1.50000 -165.4147
-195.55000 -35.66000 1.50000 -130.9257
-250.94000 -128.50000 1.50000 -212.4593
19.96000 -49.48000 1.50000 -165.4485
-195.55000 -35.66000 1.50000 -130.9458
-250.94000 -128.50000 1.50000 -212.4753
19.96000 -49.48000 1.50000 -165.4822
-195.55000 -35.66000 1.50000 -130.9659
-250.94000 -128.50000 1.50000 -212.4914
19.96000 -49.48000 1.50000 -165.5158
-195.55000 -35.66000 1.50000 -130.9859
-250.94000 -128.50000 1.50000 -252.5073
19.96000 -49.48000 1.50000 -165.5493
-195.55000 -35.66000 1.50000 -171.0058
-250.94000 -128.50000 1.50000 -252.5233
19.96000 -49.48000 1.50000 -165.5827
-195.55000 -35.66000 1.50000 -171.0258
-250.94000 -128.50000 1.50000 -212.5392
19.96000 -49.48000 1.50000 -165.5643
-195.55000 -35.66000 1.50000 -171.0212
-250.94000 -128.50000 1.50000 -212.5329
19.96000 -49.48000 1.50000 -165.5307
-195.55000 -35.66000 1.50000 -171.0012
-250.94000 -128.50000 1.50000 -212.5169
19.96000 -49.48000 1.50000 -165.4971
-195.55000 -35.66000 1.50000 -170.9812
-250.94000 -128.50000 1.50000 -212.5009
19.96000 -49.48000 1.50000 -165.4634
-195.55000 -35.66000 1.50000 -170.9612
-250.94000 -128.50000 1.50000 -212.4849
19.96000 -49.48000 1.50000 -165.4295
-195.55000 -35.66000 1.50000 -170.9411
-250.94000 -128.50000 1.50000 -252.4689
19.96000 -49.48000 1.50000 -165.3956
-195.55000 -35.66000 1.50000 -170.9210
-250.94000 -128.50000 1.50000 -252.4528
19.96000 -49.48000 1.50000 -165.3616
-195.55000 -35.66000 1.50000 -130.9009
-250.94000 -128.50000 1.50000 -212.4367
19.96000 -49.48000 1.50000 -165.3275
-195.55000 -35.66000 1.50000 -130.8807
-250.94000 -128.50000 1.50000 -212.4206
19.96000 -49.48000 1.50000 -165.2933
-195.55000 -35.66000 1.50000 -130.8604
-250.94000 -128.50000 1.50000 -212.4045
19.96000 -49.48000 1.50000 -165.2591
-195.55000 -35.66000 1.50000 -130.8401
-250.94000 -128.50000 1.50000 -252.3883
19.96000 -49.48000 1.50000 -165.2247
-195.55000 -35.66000 1.50000 -130.8198
-250.94000 -128.50000 1.50000 -212.3721
19.96000 -49.48000 1.50000 -165.1902
-195.55000 -35.66000 1.50000 -130.7994
-250.94000 -128.50000 1.50000 -212.3559
19.96000 -49.48000 1.50000 -165.1557
-195.55000 -35.66000 1.50000 -130.7790
-250.94000 -128.50000 1.50000 -212.3397
19.96000 -49.48000 1.50000 -165.1211
-195.55000 -35.66000 1.50000 -130.7585
-250.94000 -128.50000 1.50000 -212.3234
19.96000 -49.48000 1.50000 -165.0864
-195.55000 -35.66000 1.50000 -130.7380
-250.94000 -128.50000 1.50000 -212.3071
19.96000 -49.48000 1.50000 -165.0515
-195.55000 -35.66000 1.50000 -130.7174
-250.94000 -128.50000 1.50000 -212.2908
19.96000 -49.48000 1.50000 -165.0166
-195.55000 -35.66000 1.50000 -130.6968
-250.94000 -128.50000 1.50000 -212.2745
19.96000 -49.48000 1.50000 -164.9817
-195.55000 -35.66000 1.50000 -130.6761
-250.94000 -128.50000 1.50000 -212.2581
19.96000 -49.48000 1.50000 -164.9466
-195.55000 -35.66000 1.50000 -130.6555
-250.94000 -128.50000 1.50000 -212.2418
19.96000 -49.48000 1.50000 -164.9114
-195.55000 -35.66000 1.50000 -130.6347
-250.94000 -128.50000 1.50000 -212.2253
19.96000 -49.48000 1.50000 -124.8762
-195.55000 -35.66000 1.50000 -130.6139
-250.94000 -128.50000 1.50000 -212.2089
19.96000 -49.48000 1.50000 -124.8408
-195.55000 -35.66000 1.50000 -130.5931
-250.94000 -128.50000 1.50000 -212.1924
19.96000 -49.48000 1.50000 -124.8054
-195.55000 -35.66000 1.50000 -130.5722
-250.94000 -128.50000 1.50000 -212.1760