19.96000 -49.48000 1.50000 -128.3911
-195.55000 -35.66000 1.50000 -212.6900
-250.94000 -128.50000 1.50000 -253.9404
19.96000 -49.48000 1.50000 -128.4163
-195.55000 -35.66000 1.50000 -212.7064
-250.94000 -128.50000 1.50000 -293.9541
19.96000 -49.48000 1.50000 -128.4051
-195.55000 -35.66000 1.50000 -252.7027
-250.94000 -128.50000 1.50000 -293.9490
19.96000 -49.48000 1.50000 -128.3799
-195.55000 -35.66000 1.50000 -252.6863
-250.94000 -128.50000 1.50000 -293.9353
19.96000 -49.48000 1.50000 -128.3545
-195.55000 -35.66000 1.50000 -252.6698
-250.94000 -128.50000 1.50000 -293.9216
19.96000 -49.48000 1.50000 -128.3291
-195.55000 -35.66000 1.50000 -252.6533
-250.94000 -128.50000 1.50000 -293.9078
19.96000 -49.48000 1.50000 -128.3036
-195.55000 -35.66000 1.50000 -212.6367
-250.94000 -128.50000 1.50000 -253.8941
19.96000 -49.48000 1.50000 -128.2781
-195.55000 -35.66000 1.50000 -212.6202
-250.94000 -128.50000 1.50000 -253.8803
19.96000 -49.48000 1.50000 -128.2526
-195.55000 -35.66000 1.50000 -212.6036
-250.94000 -128.50000 1.50000 -253.8665
19.96000 -49.48000 1.50000 -128.2411
-195.55000 -35.66000 1.50000 -252.5998
-250.94000 -128.50000 1.50000 -293.8614
19.96000 -49.48000 1.50000 -128.2667
-195.55000 -35.66000 1.50000 -252.6164
-250.94000 -128.50000 1.50000 -293.8752
19.96000 -49.48000 1.50000 -128.2923
-195.55000 -35.66000 1.50000 -252.6330
-250.94000 -128.50000 1.50000 -293.8890
19.96000 -49.48000 1.50000 -128.3178
-195.55000 -35.66000 1.50000 -252.6496
-250.94000 -128.50000 1.50000 -293.9028
19.96000 -49.48000 1.50000 -128.3433
-195.55000 -35.66000 1.50000 -252.6661
-250.94000 -128.50000 1.50000 -293.9165
19.96000 -49.48000 1.50000 -168.3687
-195.55000 -35.66000 1.50000 -252.6826
-250.94000 -128.50000 1.50000 -293.9303
19.96000 -49.48000 1.50000 -168.3940
-195.55000 -35.66000 1.50000 -252.6991
-250.94000 -128.50000 1.50000 -293.9440
19.96000 -49.48000 1.50000 -168.3830
-195.55000 -35.66000 1.50000 -212.6954
-250.94000 -128.50000 1.50000 -293.9390
19.96000 -49.48000 1.50000 -168.3576
-195.55000 -35.66000 1.50000 -212.6789
-250.94000 -128.50000 1.50000 -293.9252
19.96000 -49.48000 1.50000 -168.3321
-195.55000 -35.66000 1.50000 -212.6624
-250.94000 -128.50000 1.50000 -293.9115
19.96000 -49.48000 1.50000 -168.3066
-195.55000 -35.66000 1.50000 -212.6459
-250.94000 -128.50000 1.50000 -293.8977
19.96000 -49.48000 1.50000 -128.2810
-195.55000 -35.66000 1.50000 -252.6293
-250.94000 -128.50000 1.50000 -293.8839
19.96000 -49.48000 1.50000 -128.2553
-195.55000 -35.66000 1.50000 -252.6127
-250.94000 -128.50000 1.50000 -293.8701
19.96000 -49.48000 1.50000 -128.2296
-195.55000 -35.66000 1.50000 -252.5961
-250.94000 -128.50000 1.50000 -293.8563
19.96000 -49.48000 1.50000 -128.2039
-195.55000 -35.66000 1.50000 -252.5794
-250.94000 -128.50000 1.50000 -293.8424
19.96000 -49.48000 1.50000 -128.1780
-195.55000 -35.66000 1.50000 -252.5627
-250.94000 -128.50000 1.50000 -293.8286
19.96000 -49.48000 1.50000 -128.1521
-195.55000 -35.66000 1.50000 -252.5460
-250.94000 -128.50000 1.50000 -253.8147
19.96000 -49.48000 1.50000 -128.1262
-195.55000 -35.66000 1.50000 -252.5293
-250.94000 -128.50000 1.50000 -253.8008
19.96000 -49.48000 1.50000 -128.1001
-195.55000 -35.66000 1.50000 -252.5125
-250.94000 -128.50000 1.50000 -253.7868
19.96000 -49.48000 1.50000 -128.0741
-195.55000 -35.66000 1.50000 -252.4957
-250.94000 -128.50000 1.50000 -253.7729
19.96000 -49.48000 1.50000 -128.0479
-195.55000 -35.66000 1.50000 -212.4789
-250.94000 -128.50000 1.50000 -253.7589
19.96000 -49.48000 1.50000 -128.0217
-195.55000 -35.66000 1.50000 -212.4620
-250.94000 -128.50000 1.50000 -253.7449
19.96000 -49.48000 1.50000 -127.9954
-195.55000 -35.66000 1.50000 -212.4451
-250.94000 -128.50000 1.50000 -253.7309
19.96000 -49.48000 1.50000 -127.9691
-195.55000 -35.66000 1.50000 -212.4281
-250.94000 -128.50000 1.50000 -253.7169
19.96000 -49.48000 1.50000 -127.9427
-195.55000 -35.66000 1.50000 -212.4112
-250.94000 -128.50000 1.50000 -253.7029
19.96000 -49.48000 1.50000 -127.9163
-195.55000 -35.66000 1.50000 -212.3942
-250.94000 -128.50000 1.50000 -253.6888
19.96000 -49.48000 1.50000 -127.8897
-195.55000 -35.66000 1.50000 -212.3771
-250.94000 -128.50000 1.50000 -253.6747
19.96000 -49.48000 1.50000 -127.8774
-195.55000 -35.66000 1.50000 -212.3733
-250.94000 -128.50000 1.50000 -253.6694
19.96000 -49.48000 1.50000 -127.9040
-195.55000 -35.66000 1.50000 -212.3903
-250.94000 -128.50000 1.50000 -253.6835
19.96000 -49.48000 1.50000 -127.9306
-195.55000 -35.66000 1.50000 -212.4073
-250.94000 -128.50000 1.50000 -253.6976
19.96000 -49.48000 1.50000 -127.9570
-195.55000 -35.66000 1.50000 -252.4243
-250.94000 -128.50000 1.50000 -253.7116
19.96000 -49.48000 1.50000 -127.9834
-195.55000 -35.66000 1.50000 -252.4413
-250.94000 -128.50000 1.50000 -253.7257
19.96000 -49.48000 1.50000 -128.0098
-195.55000 -35.66000 1.50000 -252.4582
-250.94000 -128.50000 1.50000 -253.7397
19.96000 -49.48000 1.50000 -128.0361
-195.55000 -35.66000 1.50000 -252.4751
-250.94000 -128.50000 1.50000 -253.7537
19.96000 -49.48000 1.50000 -128.0623
-195.55000 -35.66000 1.50000 -252.4919
-250.94000 -128.50000 1.50000 -253.7677
19.96000 -49.48000 1.50000 -128.0884
-195.55000 -35.66000 1.50000 -252.5087
-250.94000 -128.50000 1.50000 -293.7816
19.96000 -49.48000 1.50000 -128.1145
-195.55000 -35.66000 1.50000 -252.5255
-250.94000 -128.50000 1.50000 -293.7956
19.96000 -49.48000 1.50000 -128.1405
-195.55000 -35.66000 1.50000 -252.5423
-250.94000 -128.50000 1.50000 -293.8095
19.96000 -49.48000 1.50000 -128.1665
-195.55000 -35.66000 1.50000 -252.5590
-250.94000 -128.50000 1.50000 -293.8234
19.96000 -49.48000 1.50000 -128.1924
-195.55000 -35.66000 1.50000 -212.5757
-250.94000 -128.50000 1.50000 -293.8373
19.96000 -49.48000 1.50000 -168.2183
-195.55000 -35.66000 1.50000 -212.5924
-250.94000 -128.50000 1.50000 -293.8512
19.96000 -49.48000 1.50000 -168.2440
-195.55000 -35.66000 1.50000 -212.6090
-250.94000 -128.50000 1.50000 -293.8650
19.96000 -49.48000 1.50000 -168.2698
-195.55000 -35.66000 1.50000 -212.6257
-250.94000 -128.50000 1.50000 -293.8788
19.96000 -49.48000 1.50000 -168.2954
-195.55000 -35.66000 1.50000 -212.6422
-250.94000 -128.50000 1.50000 -293.8926
19.96000 -49.48000 1.50000 -168.3210
-195.55000 -35.66000 1.50000 -212.6588
-250.94000 -128.50000 1.50000 -293.9064
19.96000 -49.48000 1.50000 -168.3466
-195.55000 -35.66000 1.50000 -212.6753
-250.94000 -128.50000 1.50000 -253.9202
19.96000 -49.48000 1.50000 -168.3720
-195.55000 -35.66000 1.50000 -212.6918
-250.94000 -128.50000 1.50000 -253.9340
19.96000 -49.48000 1.50000 -168.3611
-195.55000 -35.66000 1.50000 -172.6882
-250.94000 -128.50000 1.50000 -253.9290
19.96000 -49.48000 1.50000 -168.3356
-195.55000 -35.66000 1.50000 -172.6717
-250.94000 -128.50000 1.50000 -253.9152
19.96000 -49.48000 1.50000 -168.3100
-195.55000 -35.66000 1.50000 -172.6552
-250.94000 -128.50000 1.50000 -253.9014
19.96000 -49.48000 1.50000 -168.2843
-195.55000 -35.66000 1.50000 -172.6386
-250.94000 -128.50000 1.50000 -253.8876
19.96000 -49.48000 1.50000 -168.2586
-195.55000 -35.66000 1.50000 -172.6220
-250.94000 -128.50000 1.50000 -253.8738
19.96000 -49.48000 1.50000 -168.2328
-195.55000 -35.66000 1.50000 -172.6054
-250.94000 -128.50000 1.50000 -293.8600
19.96000 -49.48000 1.50000 -168.2070
-195.55000 -35.66000 1.50000 -172.5887
-250.94000 -128.50000 1.50000 -293.8461
19.96000 -49.48000 1.50000 -168.1810
-195.55000 -35.66000 1.50000 -172.5721
-250.94000 -128.50000 1.50000 -293.8322
19.96000 -49.48000 1.50000 -168.1551
-195.55000 -35.66000 1.50000 -172.5553
-250.94000 -128.50000 1.50000 -293.8183
19.96000 -49.48000 1.50000 -128.1290
-195.55000 -35.66000 1.50000 -172.5386
-250.94000 -128.50000 1.50000 -293.8044
19.96000 -49.48000 1.50000 -128.1029
-195.55000 -35.66000 1.50000 -172.5218
-250.94000 -128.50000 1.50000 -293.7905
19.96000 -49.48000 1.50000 -128.0768
-195.55000 -35.66000 1.50000 -212.5050
-250.94000 -128.50000 1.50000 -293.7765
19.96000 -49.48000 1.50000 -128.0506
-195.55000 -35.66000 1.50000 -212.4882
-250.94000 -128.50000 1.50000 -293.7625
19.96000 -49.48000 1.50000 -128.0243
-195.55000 -35.66000 1.50000 -252.4713
-250.94000 -128.50000 1.50000 -293.7485
19.96000 -49.48000 1.50000 -127.9979
-195.55000 -35.66000 1.50000 -252.4544
-250.94000 -128.50000 1.50000 -293.7345
19.96000 -49.48000 1.50000 -127.9715
-195.55000 -35.66000 1.50000 -252.4375
-250.94000 -128.50000 1.50000 -253.7205
19.96000 -49.48000 1.50000 -127.9450
-195.55000 -35.66000 1.50000 -252.4205
-250.94000 -128.50000 1.50000 -253.7064
19.96000 -49.48000 1.50000 -127.9185
-195.55000 -35.66000 1.50000 -252.4035
-250.94000 -128.50000 1.50000 -253.6923
19.96000 -49.48000 1.50000 -127.8919
-195.55000 -35.66000 1.50000 -252.3865
-250.94000 -128.50000 1.50000 -253.6782
19.96000 -49.48000 1.50000 -127.8652
-195.55000 -35.66000 1.50000 -252.3694
-250.94000 -128.50000 1.50000 -253.6641
19.96000 -49.48000 1.50000 -127.8385
-195.55000 -35.66000 1.50000 -252.3523
-250.94000 -128.50000 1.50000 -253.6500
19.96000 -49.48000 1.50000 -127.8117
-195.55000 -35.66000 1.50000 -252.3352
-250.94000 -128.50000 1.50000 -253.6358
19.96000 -49.48000 1.50000 -127.7848
-195.55000 -35.66000 1.50000 -212.3180
-250.94000 -128.50000 1.50000 -253.6217
19.96000 -49.48000 1.50000 -127.7579
-195.55000 -35.66000 1.50000 -212.3008
-250.94000 -128.50000 1.50000 -253.6075
19.96000 -49.48000 1.50000 -127.7309
-195.55000 -35.66000 1.50000 -212.2836
-250.94000 -128.50000 1.50000 -253.5932
19.96000 -49.48000 1.50000 -127.7038
-195.55000 -35.66000 1.50000 -212.2664
-250.94000 -128.50000 1.50000 -253.5790
19.96000 -49.48000 1.50000 -127.6767
-195.55000 -35.66000 1.50000 -212.2491
-250.94000 -128.50000 1.50000 -253.5648
19.96000 -49.48000 1.50000 -127.6495
-195.55000 -35.66000 1.50000 -212.2318
-250.94000 -128.50000 1.50000 -253.5505
19.96000 -49.48000 1.50000 -127.6222
-195.55000 -35.66000 1.50000 -212.2144
-250.94000 -128.50000 1.50000 -253.5362
19.96000 -49.48000 1.50000 -127.5949
-195.55000 -35.66000 1.50000 -212.1970
-250.94000 -128.50000 1.50000 -253.5219
19.96000 -49.48000 1.50000 -127.5675
-195.55000 -35.66000 1.50000 -212.1796
-250.94000 -128.50000 1.50000 -253.5075
19.96000 -49.48000 1.50000 -127.5401
-195.55000 -35.66000 1.50000 -212.1622
-250.94000 -128.50000 1.50000 -253.4932
19.96000 -49.48000 1.50000 -127.5270
-195.55000 -35.66000 1.50000 -212.1582
-250.94000 -128.50000 1.50000 -253.4877
19.96000 -49.48000 1.50000 -127.5545
-195.55000 -35.66000 1.50000 -212.1756
-250.94000 -128.50000 1.50000 -253.5021
19.96000 -49.48000 1.50000 -127.5820
-195.55000 -35.66000 1.50000 -172.1931
-250.94000 -128.50000 1.50000 -253.5164
19.96000 -49.48000 1.50000 -127.6094
-195.55000 -35.66000 1.50000 -172.2105
-250.94000 -128.50000 1.50000 -253.5308
19.96000 -49.48000 1.50000 -127.6367
-195.55000 -35.66000 1.50000 -172.2278
-250.94000 -128.50000 1.50000 -253.5451
19.96000 -49.48000 1.50000 -127.6640
-195.55000 -35.66000 1.50000 -172.2452
-250.94000 -128.50000 1.50000 -253.5594
19.96000 -49.48000 1.50000 -127.6912
-195.55000 -35.66000 1.50000 -212.2625
-250.94000 -128.50000 1.50000 -253.5736
19.96000 -49.48000 1.50000 -127.7183
-195.55000 -35.66000 1.50000 -212.2797
-250.94000 -128.50000 1.50000 -253.5879
19.96000 -49.48000 1.50000 -127.7454
-195.55000 -35.66000 1.50000 -212.2970
-250.94000 -128.50000 1.50000 -253.6021
19.96000 -49.48000 1.50000 -127.7724
-195.55000 -35.66000 1.50000 -212.3142
-250.94000 -128.50000 1.50000 -253.6163
19.96000 -49.48000 1.50000 -127.7994
-195.55000 -35.66000 1.50000 -212.3313
-250.94000 -128.50000 1.50000 -253.6305
19.96000 -49.48000 1.50000 -127.8262
-195.55000 -35.66000 1.50000 -212.3485
-250.94000 -128.50000 1.50000 -253.6447
19.96000 -49.48000 1.50000 -127.8530
-195.55000 -35.66000 1.50000 -212.3656
-250.94000 -128.50000 1.50000 -253.6588
19.96000 -49.48000 1.50000 -127.8798
-195.55000 -35.66000 1.50000 -212.3827
-250.94000 -128.50000 1.50000 -253.6730
19.96000 -49.48000 1.50000 -127.9065
-195.55000 -35.66000 1.50000 -212.3997
-250.94000 -128.50000 1.50000 -253.6871
19.96000 -49.48000 1.50000 -127.9331
-195.55000 -35.66000 1.50000 -172.4167
-250.94000 -128.50000 1.50000 -293.7012
19.96000 -49.48000 1.50000 -127.9596
-195.55000 -35.66000 1.50000 -172.4337
-250.94000 -128.50000 1.50000 -293.7153
19.96000 -49.48000 1.50000 -127.9861
-195.55000 -35.66000 1.50000 -172.4506
-250.94000 -128.50000 1.50000 -293.7293
19.96000 -49.48000 1.50000 -128.0125
-195.55000 -35.66000 1.50000 -172.4676
-250.94000 -128.50000 1.50000 -293.7433
19.96000 -49.48000 1.50000 -128.0389
-195.55000 -35.66000 1.50000 -172.4844
-250.94000 -128.50000 1.50000 -293.7574
19.96000 -49.48000 1.50000 -128.0652
-195.55000 -35.66000 1.50000 -172.5013
-250.94000 -128.50000 1.50000 -293.7714
19.96000 -49.48000 1.50000 -168.0914
-195.55000 -35.66000 1.50000 -172.5181
-250.94000 -128.50000 1.50000 -293.7853
19.96000 -49.48000 1.50000 -168.1176
-195.55000 -35.66000 1.50000 -172.5349
-250.94000 -128.50000 1.50000 -293.7993
19.96000 -49.48000 1.50000 -168.1437
-195.55000 -35.66000 1.50000 -172.5517
-250.94000 -128.50000 1.50000 -293.8132
19.96000 -49.48000 1.50000 -168.1697
-195.55000 -35.66000 1.50000 -172.5684
-250.94000 -128.50000 1.50000 -253.8271
19.96000 -49.48000 1.50000 -168.1957
-195.55000 -35.66000 1.50000 -172.5851
-250.94000 -128.50000 1.50000 -253.8410
19.96000 -49.48000 1.50000 -168.2216
-195.55000 -35.66000 1.50000 -172.6018
-250.94000 -128.50000 1.50000 -253.8549
19.96000 -49.48000 1.50000 -168.2475
-195.55000 -35.66000 1.50000 -172.6184
-250.94000 -128.50000 1.50000 -253.8688
19.96000 -49.48000 1.50000 -168.2733
-195.55000 -35.66000 1.50000 -132.6350
-250.94000 -128.50000 1.50000 -253.8826
19.96000 -49.48000 1.50000 -168.2990
-195.55000 -35.66000 1.50000 -132.6516
-250.94000 -128.50000 1.50000 -253.8965
19.96000 -49.48000 1.50000 -168.3246
-195.55000 -35.66000 1.50000 -132.6682
-250.94000 -128.50000 1.50000 -213.9102
19.96000 -49.48000 1.50000 -168.3503
-195.55000 -35.66000 1.50000 -132.6847
-250.94000 -128.50000 1.50000 -213.9240
19.96000 -49.48000 1.50000 -168.3395
-195.55000 -35.66000 1.50000 -132.6812
-250.94000 -128.50000 1.50000 -213.9191
19.96000 -49.48000 1.50000 -168.3138
-195.55000 -35.66000 1.50000 -132.6646
-250.94000 -128.50000 1.50000 -213.9053
19.96000 -49.48000 1.50000 -168.2881
-195.55000 -35.66000 1.50000 -132.6481
-250.94000 -128.50000 1.50000 -213.8915
19.96000 -49.48000 1.50000 -168.2623
-195.55000 -35.66000 1.50000 -132.6315
-250.94000 -128.50000 1.50000 -213.8776
19.96000 -49.48000 1.50000 -168.2364
-195.55000 -35.66000 1.50000 -132.6148
-250.94000 -128.50000 1.50000 -213.8638
19.96000 -49.48000 1.50000 -168.2105
-195.55000 -35.66000 1.50000 -132.5982
-250.94000 -128.50000 1.50000 -253.8499
19.96000 -49.48000 1.50000 -168.1845
-195.55000 -35.66000 1.50000 -132.5815
-250.94000 -128.50000 1.50000 -253.8360
19.96000 -49.48000 1.50000 -168.1585
-195.55000 -35.66000 1.50000 -132.5648
-250.94000 -128.50000 1.50000 -253.8221
19.96000 -49.48000 1.50000 -168.1324
-195.55000 -35.66000 1.50000 -132.5480
-250.94000 -128.50000 1.50000 -253.8082
19.96000 -49.48000 1.50000 -168.1062
-195.55000 -35.66000 1.50000 -172.5313
-250.94000 -128.50000 1.50000 -253.7942
19.96000 -49.48000 1.50000 -168.0800
-195.55000 -35.66000 1.50000 -172.5145
-250.94000 -128.50000 1.50000 -293.7802
19.96000 -49.48000 1.50000 -168.0537
-195.55000 -35.66000 1.50000 -172.4976
-250.94000 -128.50000 1.50000 -293.7662
19.96000 -49.48000 1.50000 -168.0273
-195.55000 -35.66000 1.50000 -172.4808
-250.94000 -128.50000 1.50000 -293.7522
19.96000 -49.48000 1.50000 -168.0009
-195.55000 -35.66000 1.50000 -172.4639
-250.94000 -128.50000 1.50000 -293.7382
19.96000 -49.48000 1.50000 -127.9744
-195.55000 -35.66000 1.50000 -172.4469
-250.94000 -128.50000 1.50000 -293.7242
19.96000 -49.48000 1.50000 -127.9478
-195.55000 -35.66000 1.50000 -172.4300
-250.94000 -128.50000 1.50000 -293.7101
19.96000 -49.48000 1.50000 -127.9212
-195.55000 -35.66000 1.50000 -172.4130
-250.94000 -128.50000 1.50000 -293.6960
19.96000 -49.48000 1.50000 -127.8945
-195.55000 -35.66000 1.50000 -172.3959
-250.94000 -128.50000 1.50000 -293.6819
19.96000 -49.48000 1.50000 -127.8678
-195.55000 -35.66000 1.50000 -172.3789
-250.94000 -128.50000 1.50000 -293.6678
19.96000 -49.48000 1.50000 -127.8409
-195.55000 -35.66000 1.50000 -172.3618
-250.94000 -128.50000 1.50000 -293.6536
19.96000 -49.48000 1.50000 -127.8140
-195.55000 -35.66000 1.50000 -172.3447
-250.94000 -128.50000 1.50000 -253.6394
19.96000 -49.48000 1.50000 -127.7871
-195.55000 -35.66000 1.50000 -172.3275
-250.94000 -128.50000 1.50000 -253.6252
19.96000 -49.48000 1.50000 -127.7601
-195.55000 -35.66000 1.50000 -212.3103
-250.94000 -128.50000 1.50000 -253.6110
19.96000 -49.48000 1.50000 -127.7330
-195.55000 -35.66000 1.50000 -212.2931
-250.94000 -128.50000 1.50000 -253.5968
19.96000 -49.48000 1.50000 -127.7058
-195.55000 -35.66000 1.50000 -212.2759
-250.94000 -128.50000 1.50000 -253.5826
19.96000 -49.48000 1.50000 -127.6786
-195.55000 -35.66000 1.50000 -212.2586
-250.94000 -128.50000 1.50000 -253.5683
19.96000 -49.48000 1.50000 -127.6513
-195.55000 -35.66000 1.50000 -212.2413
-250.94000 -128.50000 1.50000 -253.5540
19.96000 -49.48000 1.50000 -127.6240
-195.55000 -35.66000 1.50000 -212.2239
-250.94000 -128.50000 1.50000 -253.5397
19.96000 -49.48000 1.50000 -127.5966
-195.55000 -35.66000 1.50000 -212.2065
-250.94000 -128.50000 1.50000 -253.5254
19.96000 -49.48000 1.50000 -127.5691
-195.55000 -35.66000 1.50000 -212.1891
-250.94000 -128.50000 1.50000 -253.5110
19.96000 -49.48000 1.50000 -127.5415
-195.55000 -35.66000 1.50000 -212.1717
-250.94000 -128.50000 1.50000 -253.4966
19.96000 -49.48000 1.50000 -127.5139
-195.55000 -35.66000 1.50000 -172.1542
-250.94000 -128.50000 1.50000 -253.4822
19.96000 -49.48000 1.50000 -127.4862
-195.55000 -35.66000 1.50000 -172.1367
-250.94000 -128.50000 1.50000 -253.4678
19.96000 -49.48000 1.50000 -127.4585
-195.55000 -35.66000 1.50000 -172.1191
-250.94000 -128.50000 1.50000 -253.4534
19.96000 -49.48000 1.50000 -127.4306
-195.55000 -35.66000 1.50000 -172.1015
-250.94000 -128.50000 1.50000 -253.4389
19.96000 -49.48000 1.50000 -127.4027
-195.55000 -35.66000 1.50000 -172.0839
-250.94000 -128.50000 1.50000 -253.4245
19.96000 -49.48000 1.50000 -127.3748
-195.55000 -35.66000 1.50000 -172.0663
-250.94000 -128.50000 1.50000 -253.4100
19.96000 -49.48000 1.50000 -127.3467
-195.55000 -35.66000 1.50000 -172.0486
-250.94000 -128.50000 1.50000 -253.3955
19.96000 -49.48000 1.50000 -127.3186
-195.55000 -35.66000 1.50000 -172.0309
-250.94000 -128.50000 1.50000 -253.3809
19.96000 -49.48000 1.50000 -127.2905
-195.55000 -35.66000 1.50000 -172.0131
-250.94000 -128.50000 1.50000 -253.3664
19.96000 -49.48000 1.50000 -127.2622
-195.55000 -35.66000 1.50000 -171.9953
-250.94000 -128.50000 1.50000 -293.3518
19.96000 -49.48000 1.50000 -127.2339
-195.55000 -35.66000 1.50000 -171.9775
-250.94000 -128.50000 1.50000 -293.3372
19.96000 -49.48000 1.50000 -127.2055
-195.55000 -35.66000 1.50000 -171.9597
-250.94000 -128.50000 1.50000 -253.3226
19.96000 -49.48000 1.50000 -127.1771
-195.55000 -35.66000 1.50000 -171.9418
-250.94000 -128.50000 1.50000 -253.3079
19.96000 -49.48000 1.50000 -127.1486
-195.55000 -35.66000 1.50000 -131.9239
-250.94000 -128.50000 1.50000 -253.2933
19.96000 -49.48000 1.50000 -127.1344
-195.55000 -35.66000 1.50000 -171.9197
-250.94000 -128.50000 1.50000 -253.2876
19.96000 -49.48000 1.50000 -127.1631
-195.55000 -35.66000 1.50000 -171.9376
-250.94000 -128.50000 1.50000 -293.3023
19.96000 -49.48000 1.50000 -127.1916
-195.55000 -35.66000 1.50000 -171.9556
-250.94000 -128.50000 1.50000 -253.3169
19.96000 -49.48000 1.50000 -127.2201
-195.55000 -35.66000 1.50000 -171.9734
-250.94000 -128.50000 1.50000 -253.3316
19.96000 -49.48000 1.50000 -127.2485
-195.55000 -35.66000 1.50000 -171.9913
-250.94000 -128.50000 1.50000 -253.3462
19.96000 -49.48000 1.50000 -127.2768
-195.55000 -35.66000 1.50000 -172.0091
-250.94000 -128.50000 1.50000 -253.3608
19.96000 -49.48000 1.50000 -127.3051
-195.55000 -35.66000 1.50000 -172.0268
-250.94000 -128.50000 1.50000 -253.3754
19.96000 -49.48000 1.50000 -127.3333
-195.55000 -35.66000 1.50000 -172.0446
-250.94000 -128.50000 1.50000 -253.3899
19.96000 -49.48000 1.50000 -127.3614
-195.55000 -35.66000 1.50000 -172.0623
-250.94000 -128.50000 1.50000 -253.4044
19.96000 -49.48000 1.50000 -127.3894
-195.55000 -35.66000 1.50000 -172.0799
-250.94000 -128.50000 1.50000 -253.4189
19.96000 -49.48000 1.50000 -127.4174
-195.55000 -35.66000 1.50000 -212.0976
-250.94000 -128.50000 1.50000 -253.4334
19.96000 -49.48000 1.50000 -127.4453
-195.55000 -35.66000 1.50000 -212.1152
-250.94000 -128.50000 1.50000 -253.4479
19.96000 -49.48000 1.50000 -127.4732
-195.55000 -35.66000 1.50000 -212.1327
-250.94000 -128.50000 1.50000 -253.4624
19.96000 -49.48000 1.50000 -127.5009
-195.55000 -35.66000 1.50000 -212.1503
-250.94000 -128.50000 1.50000 -253.4768
19.96000 -49.48000 1.50000 -127.5286
-195.55000 -35.66000 1.50000 -212.1678
-250.94000 -128.50000 1.50000 -253.4912
19.96000 -49.48000 1.50000 -127.5563
-195.55000 -35.66000 1.50000 -212.1852
-250.94000 -128.50000 1.50000 -253.5056
19.96000 -49.48000 1.50000 -127.5838
-195.55000 -35.66000 1.50000 -212.2026
-250.94000 -128.50000 1.50000 -253.5200
19.96000 -49.48000 1.50000 -127.6113
-195.55000 -35.66000 1.50000 -212.2200
-250.94000 -128.50000 1.50000 -253.5343
19.96000 -49.48000 1.50000 -127.6388
-195.55000 -35.66000 1.50000 -212.2374
-250.94000 -128.50000 1.50000 -253.5486
19.96000 -49.48000 1.50000 -127.6661
-195.55000 -35.66000 1.50000 -172.2547
-250.94000 -128.50000 1.50000 -253.5630
19.96000 -49.48000 1.50000 -127.6934
-195.55000 -35.66000 1.50000 -172.2720
-250.94000 -128.50000 1.50000 -253.5772
19.96000 -49.48000 1.50000 -127.7207
-195.55000 -35.66000 1.50000 -172.2893
-250.94000 -128.50000 1.50000 -253.5915
19.96000 -49.48000 1.50000 -127.7478
-195.55000 -35.66000 1.50000 -172.3065
-250.94000 -128.50000 1.50000 -293.6057
19.96000 -49.48000 1.50000 -127.7749
-195.55000 -35.66000 1.50000 -172.3237
-250.94000 -128.50000 1.50000 -293.6200
19.96000 -49.48000 1.50000 -127.8019
-195.55000 -35.66000 1.50000 -172.3409
-250.94000 -128.50000 1.50000 -293.6342
19.96000 -49.48000 1.50000 -127.8289
-195.55000 -35.66000 1.50000 -172.3580
-250.94000 -128.50000 1.50000 -293.6484
19.96000 -49.48000 1.50000 -127.8558
-195.55000 -35.66000 1.50000 -172.3751
-250.94000 -128.50000 1.50000 -293.6625
19.96000 -49.48000 1.50000 -127.8826
-195.55000 -35.66000 1.50000 -172.3922
-250.94000 -128.50000 1.50000 -293.6767
19.96000 -49.48000 1.50000 -127.9094
-195.55000 -35.66000 1.50000 -172.4093
-250.94000 -128.50000 1.50000 -293.6908
19.96000 -49.48000 1.50000 -167.9361
-195.55000 -35.66000 1.50000 -172.4263
-250.94000 -128.50000 1.50000 -293.7049
19.96000 -49.48000 1.50000 -167.9627
-195.55000 -35.66000 1.50000 -172.4432
-250.94000 -128.50000 1.50000 -293.7190
19.96000 -49.48000 1.50000 -167.9511
-195.55000 -35.66000 1.50000 -132.4396
-250.94000 -128.50000 1.50000 -253.7139
19.96000 -49.48000 1.50000 -167.9244
-195.55000 -35.66000 1.50000 -132.4226
-250.94000 -128.50000 1.50000 -253.6998
19.96000 -49.48000 1.50000 -167.8976
-195.55000 -35.66000 1.50000 -132.4056
-250.94000 -128.50000 1.50000 -293.6857
19.96000 -49.48000 1.50000 -167.8708
-195.55000 -35.66000 1.50000 -132.3885
-250.94000 -128.50000 1.50000 -293.6715
19.96000 -49.48000 1.50000 -127.8439
-195.55000 -35.66000 1.50000 -172.3714
-250.94000 -128.50000 1.50000 -293.6573
19.96000 -49.48000 1.50000 -127.8169
-195.55000 -35.66000 1.50000 -172.3543
-250.94000 -128.50000 1.50000 -293.6432
19.96000 -49.48000 1.50000 -127.7899
-195.55000 -35.66000 1.50000 -172.3372
-250.94000 -128.50000 1.50000 -293.6290
19.96000 -49.48000 1.50000 -127.7628
-195.55000 -35.66000 1.50000 -172.3200
-250.94000 -128.50000 1.50000 -293.6147
19.96000 -49.48000 1.50000 -127.7356
-195.55000 -35.66000 1.50000 -172.3028
-250.94000 -128.50000 1.50000 -293.6005
19.96000 -49.48000 1.50000 -127.7084
-195.55000 -35.66000 1.50000 -172.2855
-250.94000 -128.50000 1.50000 -293.5862
19.96000 -49.48000 1.50000 -127.6811
-195.55000 -35.66000 1.50000 -172.2682
-250.94000 -128.50000 1.50000 -293.5719
19.96000 -49.48000 1.50000 -127.6537
-195.55000 -35.66000 1.50000 -172.2509
-250.94000 -128.50000 1.50000 -293.5576
19.96000 -49.48000 1.50000 -127.6263
-195.55000 -35.66000 1.50000 -172.2336
-250.94000 -128.50000 1.50000 -253.5433
19.96000 -49.48000 1.50000 -127.5988
-195.55000 -35.66000 1.50000 -172.2162
-250.94000 -128.50000 1.50000 -253.5290
19.96000 -49.48000 1.50000 -127.5712
-195.55000 -35.66000 1.50000 -172.1988
-250.94000 -128.50000 1.50000 -253.5146
19.96000 -49.48000 1.50000 -127.5435
-195.55000 -35.66000 1.50000 -172.1813
-250.94000 -128.50000 1.50000 -253.5002
19.96000 -49.48000 1.50000 -127.5158
-195.55000 -35.66000 1.50000 -172.1638
-250.94000 -128.50000 1.50000 -253.4858
19.96000 -49.48000 1.50000 -127.4880
-195.55000 -35.66000 1.50000 -212.1463
-250.94000 -128.50000 1.50000 -253.4714
19.96000 -49.48000 1.50000 -127.4602
-195.55000 -35.66000 1.50000 -212.1288
-250.94000 -128.50000 1.50000 -253.4569
19.96000 -49.48000 1.50000 -127.4322
-195.55000 -35.66000 1.50000 -212.1112
-250.94000 -128.50000 1.50000 -253.4425
19.96000 -49.48000 1.50000 -127.4042
-195.55000 -35.66000 1.50000 -212.0936
-250.94000 -128.50000 1.50000 -253.4280
19.96000 -49.48000 1.50000 -127.3762
-195.55000 -35.66000 1.50000 -212.0760
-250.94000 -128.50000 1.50000 -253.4135
19.96000 -49.48000 1.50000 -127.3480
-195.55000 -35.66000 1.50000 -212.0583
-250.94000 -128.50000 1.50000 -253.3989
19.96000 -49.48000 1.50000 -127.3198
-195.55000 -35.66000 1.50000 -212.0406
-250.94000 -128.50000 1.50000 -253.3844
19.96000 -49.48000 1.50000 -127.2916
-195.55000 -35.66000 1.50000 -212.0228
-250.94000 -128.50000 1.50000 -253.3698
19.96000 -49.48000 1.50000 -127.2632
-195.55000 -35.66000 1.50000 -212.0050
-250.94000 -128.50000 1.50000 -253.3552
19.96000 -49.48000 1.50000 -127.2348
-195.55000 -35.66000 1.50000 -171.9872
-250.94000 -128.50000 1.50000 -253.3406
19.96000 -49.48000 1.50000 -127.2063
-195.55000 -35.66000 1.50000 -171.9693
-250.94000 -128.50000 1.50000 -253.3260
19.96000 -49.48000 1.50000 -127.1777
-195.55000 -35.66000 1.50000 -171.9515
-250.94000 -128.50000 1.50000 -253.3113
19.96000 -49.48000 1.50000 -127.1491
-195.55000 -35.66000 1.50000 -171.9335
-250.94000 -128.50000 1.50000 -253.2966
19.96000 -49.48000 1.50000 -127.1204
-195.55000 -35.66000 1.50000 -171.9156
-250.94000 -128.50000 1.50000 -253.2819
19.96000 -49.48000 1.50000 -127.0916
-195.55000 -35.66000 1.50000 -171.8976
-250.94000 -128.50000 1.50000 -253.2672
19.96000 -49.48000 1.50000 -127.0628
-195.55000 -35.66000 1.50000 -171.8796
-250.94000 -128.50000 1.50000 -293.2525
19.96000 -49.48000 1.50000 -127.0339
-195.55000 -35.66000 1.50000 -171.8615
-250.94000 -128.50000 1.50000 -253.2377
19.96000 -49.48000 1.50000 -127.0049
-195.55000 -35.66000 1.50000 -171.8434
-250.94000 -128.50000 1.50000 -253.2229
19.96000 -49.48000 1.50000 -126.9758
-195.55000 -35.66000 1.50000 -171.8253
-250.94000 -128.50000 1.50000 -253.2081
19.96000 -49.48000 1.50000 -126.9466
-195.55000 -35.66000 1.50000 -171.8071
-250.94000 -128.50000 1.50000 -253.1933
19.96000 -49.48000 1.50000 -126.9174
-195.55000 -35.66000 1.50000 -171.7889
-250.94000 -128.50000 1.50000 -253.1784
19.96000 -49.48000 1.50000 -126.8882
-195.55000 -35.66000 1.50000 -131.7706
-250.94000 -128.50000 1.50000 -253.1636
19.96000 -49.48000 1.50000 -126.8734
-195.55000 -35.66000 1.50000 -171.7664
-250.94000 -128.50000 1.50000 -253.1578
19.96000 -49.48000 1.50000 -126.9028
-195.55000 -35.66000 1.50000 -171.7847
-250.94000 -128.50000 1.50000 -253.1727
19.96000 -49.48000 1.50000 -126.9321
-195.55000 -35.66000 1.50000 -171.8029
-250.94000 -128.50000 1.50000 -253.1875
19.96000 -49.48000 1.50000 -126.9613
-195.55000 -35.66000 1.50000 -171.8211
-250.94000 -128.50000 1.50000 -253.2024
19.96000 -49.48000 1.50000 -126.9905
-195.55000 -35.66000 1.50000 -171.8392
-250.94000 -128.50000 1.50000 -293.2172
19.96000 -49.48000 1.50000 -127.0196
-195.55000 -35.66000 1.50000 -171.8574
-250.94000 -128.50000 1.50000 -253.2320
19.96000 -49.48000 1.50000 -127.0486
-195.55000 -35.66000 1.50000 -171.8754
-250.94000 -128.50000 1.50000 -253.2468
19.96000 -49.48000 1.50000 -127.0776
-195.55000 -35.66000 1.50000 -171.8935
-250.94000 -128.50000 1.50000 -253.2615
19.96000 -49.48000 1.50000 -127.1064
-195.55000 -35.66000 1.50000 -171.9115
-250.94000 -128.50000 1.50000 -253.2763
19.96000 -49.48000 1.50000 -127.1352
-195.55000 -35.66000 1.50000 -211.9295
-250.94000 -128.50000 1.50000 -253.2910
19.96000 -49.48000 1.50000 -127.1639
-195.55000 -35.66000 1.50000 -211.9474
-250.94000 -128.50000 1.50000 -253.3057
19.96000 -49.48000 1.50000 -127.1926
-195.55000 -35.66000 1.50000 -211.9653
-250.94000 -128.50000 1.50000 -253.3204
19.96000 -49.48000 1.50000 -127.2212
-195.55000 -35.66000 1.50000 -211.9832
-250.94000 -128.50000 1.50000 -253.3350
19.96000 -49.48000 1.50000 -127.2497
-195.55000 -35.66000 1.50000 -212.0010
-250.94000 -128.50000 1.50000 -253.3497
19.96000 -49.48000 1.50000 -127.2781
-195.55000 -35.66000 1.50000 -212.0188
-250.94000 -128.50000 1.50000 -253.3643
19.96000 -49.48000 1.50000 -127.3065
-195.55000 -35.66000 1.50000 -212.0366
-250.94000 -128.50000 1.50000 -253.3789
19.96000 -49.48000 1.50000 -127.3348
-195.55000 -35.66000 1.50000 -212.0543
-250.94000 -128.50000 1.50000 -253.3934
19.96000 -49.48000 1.50000 -127.3630
-195.55000 -35.66000 1.50000 -212.0720
-250.94000 -128.50000 1.50000 -253.4080
19.96000 -49.48000 1.50000 -127.3912
-195.55000 -35.66000 1.50000 -172.0897
-250.94000 -128.50000 1.50000 -253.4225
19.96000 -49.48000 1.50000 -127.4192
-195.55000 -35.66000 1.50000 -172.1073
-250.94000 -128.50000 1.50000 -253.4370
19.96000 -49.48000 1.50000 -127.4473
-195.55000 -35.66000 1.50000 -172.1249
-250.94000 -128.50000 1.50000 -253.4515
19.96000 -49.48000 1.50000 -127.4752
-195.55000 -35.66000 1.50000 -172.1425
-250.94000 -128.50000 1.50000 -253.4660
19.96000 -49.48000 1.50000 -127.5031
-195.55000 -35.66000 1.50000 -172.1600
-250.94000 -128.50000 1.50000 -253.4804
19.96000 -49.48000 1.50000 -127.5309
-195.55000 -35.66000 1.50000 -172.1775
-250.94000 -128.50000 1.50000 -253.4948
19.96000 -49.48000 1.50000 -127.5586
-195.55000 -35.66000 1.50000 -172.1949
-250.94000 -128.50000 1.50000 -253.5092
19.96000 -49.48000 1.50000 -127.5862
-195.55000 -35.66000 1.50000 -172.2124
-250.94000 -128.50000 1.50000 -253.5236
19.96000 -49.48000 1.50000 -127.5738
-195.55000 -35.66000 1.50000 -172.2086
-250.94000 -128.50000 1.50000 -253.5183
19.96000 -49.48000 1.50000 -127.5461
-195.55000 -35.66000 1.50000 -172.1912
-250.94000 -128.50000 1.50000 -253.5039
19.96000 -49.48000 1.50000 -127.5182
-195.55000 -35.66000 1.50000 -172.1737
-250.94000 -128.50000 1.50000 -253.4895
19.96000 -49.48000 1.50000 -127.4904
-195.55000 -35.66000 1.50000 -172.1562
-250.94000 -128.50000 1.50000 -253.4751
19.96000 -49.48000 1.50000 -127.4624
-195.55000 -35.66000 1.50000 -172.1386
-250.94000 -128.50000 1.50000 -253.4606
19.96000 -49.48000 1.50000 -127.4344
-195.55000 -35.66000 1.50000 -172.1210
-250.94000 -128.50000 1.50000 -253.4461
19.96000 -49.48000 1.50000 -127.4063
-195.55000 -35.66000 1.50000 -172.1034
-250.94000 -128.50000 1.50000 -253.4316
19.96000 -49.48000 1.50000 -127.3781
-195.55000 -35.66000 1.50000 -172.0858
-250.94000 -128.50000 1.50000 -253.4171
19.96000 -49.48000 1.50000 -127.3499
-195.55000 -35.66000 1.50000 -172.0681
-250.94000 -128.50000 1.50000 -253.4025
19.96000 -49.48000 1.50000 -127.3216
-195.55000 -35.66000 1.50000 -172.0504
-250.94000 -128.50000 1.50000 -253.3880
19.96000 -49.48000 1.50000 -127.2932
-195.55000 -35.66000 1.50000 -172.0327
-250.94000 -128.50000 1.50000 -253.3734
19.96000 -49.48000 1.50000 -127.2648
-195.55000 -35.66000 1.50000 -172.0149
-250.94000 -128.50000 1.50000 -253.3588
19.96000 -49.48000 1.50000 -127.2362
-195.55000 -35.66000 1.50000 -171.9971
-250.94000 -128.50000 1.50000 -253.3441
19.96000 -49.48000 1.50000 -127.2076
-195.55000 -35.66000 1.50000 -211.9792
-250.94000 -128.50000 1.50000 -253.3295
19.96000 -49.48000 1.50000 -127.1790
-195.55000 -35.66000 1.50000 -211.9613
-250.94000 -128.50000 1.50000 -253.3148
19.96000 -49.48000 1.50000 -127.1502
-195.55000 -35.66000 1.50000 -211.9434
-250.94000 -128.50000 1.50000 -253.3001
19.96000 -49.48000 1.50000 -127.1214
-195.55000 -35.66000 1.50000 -211.9254
-250.94000 -128.50000 1.50000 -253.2854
19.96000 -49.48000 1.50000 -127.0925
-195.55000 -35.66000 1.50000 -211.9074
-250.94000 -128.50000 1.50000 -253.2707
19.96000 -49.48000 1.50000 -127.0636
-195.55000 -35.66000 1.50000 -211.8894
-250.94000 -128.50000 1.50000 -253.2559
19.96000 -49.48000 1.50000 -127.0345
-195.55000 -35.66000 1.50000 -211.8714
-250.94000 -128.50000 1.50000 -253.2411
19.96000 -49.48000 1.50000 -127.0054
-195.55000 -35.66000 1.50000 -211.8533
-250.94000 -128.50000 1.50000 -253.2263
19.96000 -49.48000 1.50000 -126.9762
-195.55000 -35.66000 1.50000 -171.8351
-250.94000 -128.50000 1.50000 -253.2115
19.96000 -49.48000 1.50000 -126.9470
-195.55000 -35.66000 1.50000 -171.8170
-250.94000 -128.50000 1.50000 -253.1967
19.96000 -49.48000 1.50000 -126.9176
-195.55000 -35.66000 1.50000 -171.7987
-250.94000 -128.50000 1.50000 -253.1818
19.96000 -49.48000 1.50000 -126.8882
-195.55000 -35.66000 1.50000 -171.7805
-250.94000 -128.50000 1.50000 -293.1669
19.96000 -49.48000 1.50000 -126.8587
-195.55000 -35.66000 1.50000 -171.7622
-250.94000 -128.50000 1.50000 -253.1520
19.96000 -49.48000 1.50000 -126.8441
-195.55000 -35.66000 1.50000 -211.7581
-250.94000 -128.50000 1.50000 -253.1462
19.96000 -49.48000 1.50000 -126.8737
-195.55000 -35.66000 1.50000 -211.7764
-250.94000 -128.50000 1.50000 -253.1612
19.96000 -49.48000 1.50000 -126.9032
-195.55000 -35.66000 1.50000 -211.7946
-250.94000 -128.50000 1.50000 -253.1761
19.96000 -49.48000 1.50000 -126.9327
-195.55000 -35.66000 1.50000 -211.8129
-250.94000 -128.50000 1.50000 -253.1910
19.96000 -49.48000 1.50000 -126.9620
-195.55000 -35.66000 1.50000 -211.8310
-250.94000 -128.50000 1.50000 -253.2058
19.96000 -49.48000 1.50000 -126.9913
-195.55000 -35.66000 1.50000 -211.8492
-250.94000 -128.50000 1.50000 -253.2207
19.96000 -49.48000 1.50000 -127.0205
-195.55000 -35.66000 1.50000 -211.8673
-250.94000 -128.50000 1.50000 -253.2355
19.96000 -49.48000 1.50000 -127.0496
-195.55000 -35.66000 1.50000 -211.8854
-250.94000 -128.50000 1.50000 -253.2503
19.96000 -49.48000 1.50000 -127.0787
-195.55000 -35.66000 1.50000 -211.9034
-250.94000 -128.50000 1.50000 -253.2651
19.96000 -49.48000 1.50000 -127.1077
-195.55000 -35.66000 1.50000 -171.9214
-250.94000 -128.50000 1.50000 -253.2798
19.96000 -49.48000 1.50000 -127.1366
-195.55000 -35.66000 1.50000 -171.9394
-250.94000 -128.50000 1.50000 -253.2946
19.96000 -49.48000 1.50000 -127.1654
-195.55000 -35.66000 1.50000 -171.9574
-250.94000 -128.50000 1.50000 -253.3093
19.96000 -49.48000 1.50000 -127.1942
-195.55000 -35.66000 1.50000 -171.9753
-250.94000 -128.50000 1.50000 -253.3240
19.96000 -49.48000 1.50000 -127.2229
-195.55000 -35.66000 1.50000 -171.9931
-250.94000 -128.50000 1.50000 -253.3386
19.96000 -49.48000 1.50000 -127.2515
-195.55000 -35.66000 1.50000 -172.0110
-250.94000 -128.50000 1.50000 -253.3533
19.96000 -49.48000 1.50000 -127.2800
-195.55000 -35.66000 1.50000 -172.0287
-250.94000 -128.50000 1.50000 -253.3679