19.96000 -49.48000 1.50000 -127.0981
-195.55000 -35.66000 1.50000 -212.0744
-250.94000 -128.50000 1.50000 -173.3020
19.96000 -49.48000 1.50000 -127.1290
-195.55000 -35.66000 1.50000 -212.0923
-250.94000 -128.50000 1.50000 -173.3171
19.96000 -49.48000 1.50000 -127.1375
-195.55000 -35.66000 1.50000 -212.0945
-250.94000 -128.50000 1.50000 -173.3214
19.96000 -49.48000 1.50000 -127.1067
-195.55000 -35.66000 1.50000 -212.0766
-250.94000 -128.50000 1.50000 -173.3063
19.96000 -49.48000 1.50000 -127.1153
-195.55000 -35.66000 1.50000 -212.0788
-250.94000 -128.50000 1.50000 -173.3106
19.96000 -49.48000 1.50000 -127.1461
-195.55000 -35.66000 1.50000 -212.0967
-250.94000 -128.50000 1.50000 -173.3257
19.96000 -49.48000 1.50000 -127.1767
-195.55000 -35.66000 1.50000 -212.1146
-250.94000 -128.50000 1.50000 -173.3408
19.96000 -49.48000 1.50000 -127.2072
-195.55000 -35.66000 1.50000 -212.1325
-250.94000 -128.50000 1.50000 -173.3558
19.96000 -49.48000 1.50000 -127.2377
-195.55000 -35.66000 1.50000 -212.1503
-250.94000 -128.50000 1.50000 -173.3708
19.96000 -49.48000 1.50000 -127.2462
-195.55000 -35.66000 1.50000 -212.1526
-250.94000 -128.50000 1.50000 -173.3751
19.96000 -49.48000 1.50000 -127.2158
-195.55000 -35.66000 1.50000 -212.1347
-250.94000 -128.50000 1.50000 -173.3601
19.96000 -49.48000 1.50000 -127.1853
-195.55000 -35.66000 1.50000 -212.1169
-250.94000 -128.50000 1.50000 -173.3451
19.96000 -49.48000 1.50000 -127.1547
-195.55000 -35.66000 1.50000 -212.0990
-250.94000 -128.50000 1.50000 -173.3300
19.96000 -49.48000 1.50000 -127.1241
-195.55000 -35.66000 1.50000 -212.0811
-250.94000 -128.50000 1.50000 -173.3150
19.96000 -49.48000 1.50000 -127.0933
-195.55000 -35.66000 1.50000 -212.0631
-250.94000 -128.50000 1.50000 -173.2999
19.96000 -49.48000 1.50000 -127.1022
-195.55000 -35.66000 1.50000 -212.0654
-250.94000 -128.50000 1.50000 -173.3043
19.96000 -49.48000 1.50000 -127.1329
-195.55000 -35.66000 1.50000 -212.0834
-250.94000 -128.50000 1.50000 -173.3194
19.96000 -49.48000 1.50000 -127.1635
-195.55000 -35.66000 1.50000 -212.1013
-250.94000 -128.50000 1.50000 -173.3344
19.96000 -49.48000 1.50000 -127.1941
-195.55000 -35.66000 1.50000 -212.1192
-250.94000 -128.50000 1.50000 -173.3494
19.96000 -49.48000 1.50000 -127.2245
-195.55000 -35.66000 1.50000 -212.1370
-250.94000 -128.50000 1.50000 -173.3644
19.96000 -49.48000 1.50000 -127.2548
-195.55000 -35.66000 1.50000 -212.1548
-250.94000 -128.50000 1.50000 -173.3794
19.96000 -49.48000 1.50000 -127.2850
-195.55000 -35.66000 1.50000 -212.1726
-250.94000 -128.50000 1.50000 -173.3944
19.96000 -49.48000 1.50000 -127.2937
-195.55000 -35.66000 1.50000 -212.1749
-250.94000 -128.50000 1.50000 -173.3987
19.96000 -49.48000 1.50000 -127.2635
-195.55000 -35.66000 1.50000 -212.1571
-250.94000 -128.50000 1.50000 -173.3838
19.96000 -49.48000 1.50000 -127.2332
-195.55000 -35.66000 1.50000 -212.1393
-250.94000 -128.50000 1.50000 -173.3688
19.96000 -49.48000 1.50000 -127.2029
-195.55000 -35.66000 1.50000 -212.1215
-250.94000 -128.50000 1.50000 -173.3538
19.96000 -49.48000 1.50000 -127.1724
-195.55000 -35.66000 1.50000 -212.1036
-250.94000 -128.50000 1.50000 -213.3388
19.96000 -49.48000 1.50000 -167.1419
-195.55000 -35.66000 1.50000 -212.0857
-250.94000 -128.50000 1.50000 -213.3238
19.96000 -49.48000 1.50000 -167.1112
-195.55000 -35.66000 1.50000 -212.0678
-250.94000 -128.50000 1.50000 -213.3087
19.96000 -49.48000 1.50000 -167.0805
-195.55000 -35.66000 1.50000 -212.0498
-250.94000 -128.50000 1.50000 -213.2936
19.96000 -49.48000 1.50000 -167.0496
-195.55000 -35.66000 1.50000 -212.0318
-250.94000 -128.50000 1.50000 -213.2785
19.96000 -49.48000 1.50000 -167.0589
-195.55000 -35.66000 1.50000 -212.0342
-250.94000 -128.50000 1.50000 -213.2830
19.96000 -49.48000 1.50000 -167.0896
-195.55000 -35.66000 1.50000 -212.0522
-250.94000 -128.50000 1.50000 -213.2981
19.96000 -49.48000 1.50000 -167.1203
-195.55000 -35.66000 1.50000 -212.0702
-250.94000 -128.50000 1.50000 -213.3131
19.96000 -49.48000 1.50000 -167.1509
-195.55000 -35.66000 1.50000 -212.0881
-250.94000 -128.50000 1.50000 -213.3282
19.96000 -49.48000 1.50000 -167.1814
-195.55000 -35.66000 1.50000 -212.1060
-250.94000 -128.50000 1.50000 -213.3432
19.96000 -49.48000 1.50000 -167.2118
-195.55000 -35.66000 1.50000 -212.1239
-250.94000 -128.50000 1.50000 -213.3582
19.96000 -49.48000 1.50000 -167.2421
-195.55000 -35.66000 1.50000 -212.1417
-250.94000 -128.50000 1.50000 -213.3732
19.96000 -49.48000 1.50000 -167.2723
-195.55000 -35.66000 1.50000 -212.1595
-250.94000 -128.50000 1.50000 -213.3881
19.96000 -49.48000 1.50000 -127.3024
-195.55000 -35.66000 1.50000 -212.1772
-250.94000 -128.50000 1.50000 -173.4030
19.96000 -49.48000 1.50000 -127.3324
-195.55000 -35.66000 1.50000 -212.1949
-250.94000 -128.50000 1.50000 -173.4180
19.96000 -49.48000 1.50000 -127.3623
-195.55000 -35.66000 1.50000 -212.2126
-250.94000 -128.50000 1.50000 -173.4328
19.96000 -49.48000 1.50000 -127.3921
-195.55000 -35.66000 1.50000 -212.2303
-250.94000 -128.50000 1.50000 -173.4477
19.96000 -49.48000 1.50000 -127.4219
-195.55000 -35.66000 1.50000 -212.2479
-250.94000 -128.50000 1.50000 -173.4625
19.96000 -49.48000 1.50000 -127.4515
-195.55000 -35.66000 1.50000 -212.2655
-250.94000 -128.50000 1.50000 -173.4774
19.96000 -49.48000 1.50000 -127.4600
-195.55000 -35.66000 1.50000 -212.2678
-250.94000 -128.50000 1.50000 -173.4816
19.96000 -49.48000 1.50000 -127.4305
-195.55000 -35.66000 1.50000 -212.2502
-250.94000 -128.50000 1.50000 -173.4668
19.96000 -49.48000 1.50000 -127.4008
-195.55000 -35.66000 1.50000 -212.2326
-250.94000 -128.50000 1.50000 -173.4520
19.96000 -49.48000 1.50000 -167.3710
-195.55000 -35.66000 1.50000 -212.2150
-250.94000 -128.50000 1.50000 -213.4372
19.96000 -49.48000 1.50000 -167.3412
-195.55000 -35.66000 1.50000 -212.1973
-250.94000 -128.50000 1.50000 -213.4223
19.96000 -49.48000 1.50000 -167.3112
-195.55000 -35.66000 1.50000 -212.1796
-250.94000 -128.50000 1.50000 -213.4074
19.96000 -49.48000 1.50000 -167.2812
-195.55000 -35.66000 1.50000 -212.1619
-250.94000 -128.50000 1.50000 -213.3925
19.96000 -49.48000 1.50000 -167.2511
-195.55000 -35.66000 1.50000 -212.1441
-250.94000 -128.50000 1.50000 -213.3776
19.96000 -49.48000 1.50000 -167.2208
-195.55000 -35.66000 1.50000 -212.1263
-250.94000 -128.50000 1.50000 -213.3626
19.96000 -49.48000 1.50000 -167.1905
-195.55000 -35.66000 1.50000 -212.1084
-250.94000 -128.50000 1.50000 -213.3476
19.96000 -49.48000 1.50000 -167.1601
-195.55000 -35.66000 1.50000 -212.0905
-250.94000 -128.50000 1.50000 -213.3326
19.96000 -49.48000 1.50000 -167.1693
-195.55000 -35.66000 1.50000 -212.0930
-250.94000 -128.50000 1.50000 -213.3371
19.96000 -49.48000 1.50000 -167.1997
-195.55000 -35.66000 1.50000 -212.1108
-250.94000 -128.50000 1.50000 -213.3521
19.96000 -49.48000 1.50000 -167.2299
-195.55000 -35.66000 1.50000 -212.1287
-250.94000 -128.50000 1.50000 -213.3670
19.96000 -49.48000 1.50000 -167.2601
-195.55000 -35.66000 1.50000 -212.1465
-250.94000 -128.50000 1.50000 -213.3820
19.96000 -49.48000 1.50000 -167.2902
-195.55000 -35.66000 1.50000 -212.1643
-250.94000 -128.50000 1.50000 -213.3969
19.96000 -49.48000 1.50000 -167.3202
-195.55000 -35.66000 1.50000 -212.1820
-250.94000 -128.50000 1.50000 -213.4118
19.96000 -49.48000 1.50000 -167.3501
-195.55000 -35.66000 1.50000 -212.1997
-250.94000 -128.50000 1.50000 -213.4267
19.96000 -49.48000 1.50000 -167.3799
-195.55000 -35.66000 1.50000 -212.2174
-250.94000 -128.50000 1.50000 -213.4415
19.96000 -49.48000 1.50000 -167.4095
-195.55000 -35.66000 1.50000 -212.2350
-250.94000 -128.50000 1.50000 -213.4564
19.96000 -49.48000 1.50000 -167.4392
-195.55000 -35.66000 1.50000 -212.2526
-250.94000 -128.50000 1.50000 -213.4712
19.96000 -49.48000 1.50000 -167.4687
-195.55000 -35.66000 1.50000 -212.2702
-250.94000 -128.50000 1.50000 -213.4860
19.96000 -49.48000 1.50000 -127.4981
-195.55000 -35.66000 1.50000 -212.2877
-250.94000 -128.50000 1.50000 -213.5007
19.96000 -49.48000 1.50000 -127.5274
-195.55000 -35.66000 1.50000 -212.3052
-250.94000 -128.50000 1.50000 -173.5155
19.96000 -49.48000 1.50000 -167.5360
-195.55000 -35.66000 1.50000 -212.3075
-250.94000 -128.50000 1.50000 -213.5198
19.96000 -49.48000 1.50000 -167.5068
-195.55000 -35.66000 1.50000 -212.2901
-250.94000 -128.50000 1.50000 -213.5050
19.96000 -49.48000 1.50000 -167.4774
-195.55000 -35.66000 1.50000 -212.2726
-250.94000 -128.50000 1.50000 -213.4903
19.96000 -49.48000 1.50000 -167.4479
-195.55000 -35.66000 1.50000 -212.2550
-250.94000 -128.50000 1.50000 -213.4755
19.96000 -49.48000 1.50000 -167.4184
-195.55000 -35.66000 1.50000 -212.2374
-250.94000 -128.50000 1.50000 -213.4607
19.96000 -49.48000 1.50000 -167.3887
-195.55000 -35.66000 1.50000 -212.2198
-250.94000 -128.50000 1.50000 -213.4459
19.96000 -49.48000 1.50000 -167.3590
-195.55000 -35.66000 1.50000 -212.2021
-250.94000 -128.50000 1.50000 -213.4311
19.96000 -49.48000 1.50000 -167.3292
-195.55000 -35.66000 1.50000 -212.1844
-250.94000 -128.50000 1.50000 -213.4162
19.96000 -49.48000 1.50000 -167.2993
-195.55000 -35.66000 1.50000 -212.1667
-250.94000 -128.50000 1.50000 -213.4013
19.96000 -49.48000 1.50000 -167.2693
-195.55000 -35.66000 1.50000 -212.1490
-250.94000 -128.50000 1.50000 -213.3864
19.96000 -49.48000 1.50000 -167.2392
-195.55000 -35.66000 1.50000 -212.1312
-250.94000 -128.50000 1.50000 -213.3715
19.96000 -49.48000 1.50000 -167.2485
-195.55000 -35.66000 1.50000 -172.1337
-250.94000 -128.50000 1.50000 -173.3760
19.96000 -49.48000 1.50000 -167.2785
-195.55000 -35.66000 1.50000 -172.1514
-250.94000 -128.50000 1.50000 -213.3909
19.96000 -49.48000 1.50000 -167.3084
-195.55000 -35.66000 1.50000 -172.1692
-250.94000 -128.50000 1.50000 -213.4058
19.96000 -49.48000 1.50000 -167.3383
-195.55000 -35.66000 1.50000 -172.1869
-250.94000 -128.50000 1.50000 -213.4207
19.96000 -49.48000 1.50000 -167.3681
-195.55000 -35.66000 1.50000 -172.2046
-250.94000 -128.50000 1.50000 -213.4355
19.96000 -49.48000 1.50000 -167.3977
-195.55000 -35.66000 1.50000 -172.2222
-250.94000 -128.50000 1.50000 -213.4503
19.96000 -49.48000 1.50000 -167.4273
-195.55000 -35.66000 1.50000 -212.2399
-250.94000 -128.50000 1.50000 -213.4651
19.96000 -49.48000 1.50000 -167.4568
-195.55000 -35.66000 1.50000 -212.2574
-250.94000 -128.50000 1.50000 -213.4799
19.96000 -49.48000 1.50000 -167.4862
-195.55000 -35.66000 1.50000 -212.2750
-250.94000 -128.50000 1.50000 -213.4947
19.96000 -49.48000 1.50000 -167.5155
-195.55000 -35.66000 1.50000 -212.2925
-250.94000 -128.50000 1.50000 -213.5094
19.96000 -49.48000 1.50000 -167.5447
-195.55000 -35.66000 1.50000 -212.3099
-250.94000 -128.50000 1.50000 -213.5241
19.96000 -49.48000 1.50000 -167.5739
-195.55000 -35.66000 1.50000 -212.3274
-250.94000 -128.50000 1.50000 -213.5388
19.96000 -49.48000 1.50000 -167.6029
-195.55000 -35.66000 1.50000 -212.3448
-250.94000 -128.50000 1.50000 -213.5534
19.96000 -49.48000 1.50000 -167.6319
-195.55000 -35.66000 1.50000 -212.3622
-250.94000 -128.50000 1.50000 -213.5681
19.96000 -49.48000 1.50000 -167.6405
-195.55000 -35.66000 1.50000 -212.3646
-250.94000 -128.50000 1.50000 -213.5724
19.96000 -49.48000 1.50000 -167.6116
-195.55000 -35.66000 1.50000 -172.3472
-250.94000 -128.50000 1.50000 -213.5578
19.96000 -49.48000 1.50000 -167.5826
-195.55000 -35.66000 1.50000 -172.3298
-250.94000 -128.50000 1.50000 -213.5431
19.96000 -49.48000 1.50000 -167.5535
-195.55000 -35.66000 1.50000 -172.3124
-250.94000 -128.50000 1.50000 -213.5285
19.96000 -49.48000 1.50000 -167.5244
-195.55000 -35.66000 1.50000 -172.2949
-250.94000 -128.50000 1.50000 -213.5138
19.96000 -49.48000 1.50000 -167.4951
-195.55000 -35.66000 1.50000 -172.2774
-250.94000 -128.50000 1.50000 -213.4991
19.96000 -49.48000 1.50000 -167.4658
-195.55000 -35.66000 1.50000 -172.2599
-250.94000 -128.50000 1.50000 -213.4843
19.96000 -49.48000 1.50000 -167.4363
-195.55000 -35.66000 1.50000 -172.2423
-250.94000 -128.50000 1.50000 -213.4695
19.96000 -49.48000 1.50000 -167.4068
-195.55000 -35.66000 1.50000 -172.2247
-250.94000 -128.50000 1.50000 -213.4548
19.96000 -49.48000 1.50000 -167.3772
-195.55000 -35.66000 1.50000 -172.2071
-250.94000 -128.50000 1.50000 -213.4400
19.96000 -49.48000 1.50000 -167.3475
-195.55000 -35.66000 1.50000 -172.1894
-250.94000 -128.50000 1.50000 -253.4251
19.96000 -49.48000 1.50000 -167.3568
-195.55000 -35.66000 1.50000 -172.1920
-250.94000 -128.50000 1.50000 -213.4296
19.96000 -49.48000 1.50000 -167.3865
-195.55000 -35.66000 1.50000 -172.2096
-250.94000 -128.50000 1.50000 -253.4444
19.96000 -49.48000 1.50000 -167.4160
-195.55000 -35.66000 1.50000 -172.2272
-250.94000 -128.50000 1.50000 -253.4592
19.96000 -49.48000 1.50000 -167.4455
-195.55000 -35.66000 1.50000 -172.2448
-250.94000 -128.50000 1.50000 -253.4740
19.96000 -49.48000 1.50000 -167.4748
-195.55000 -35.66000 1.50000 -172.2624
-250.94000 -128.50000 1.50000 -213.4887
19.96000 -49.48000 1.50000 -167.5041
-195.55000 -35.66000 1.50000 -172.2799
-250.94000 -128.50000 1.50000 -213.5034
19.96000 -49.48000 1.50000 -167.5333
-195.55000 -35.66000 1.50000 -172.2974
-250.94000 -128.50000 1.50000 -213.5182
19.96000 -49.48000 1.50000 -167.5624
-195.55000 -35.66000 1.50000 -172.3148
-250.94000 -128.50000 1.50000 -213.5328
19.96000 -49.48000 1.50000 -167.5914
-195.55000 -35.66000 1.50000 -172.3323
-250.94000 -128.50000 1.50000 -213.5475
19.96000 -49.48000 1.50000 -167.6203
-195.55000 -35.66000 1.50000 -172.3497
-250.94000 -128.50000 1.50000 -213.5621
19.96000 -49.48000 1.50000 -167.6492
-195.55000 -35.66000 1.50000 -172.3670
-250.94000 -128.50000 1.50000 -213.5767
19.96000 -49.48000 1.50000 -167.6779
-195.55000 -35.66000 1.50000 -172.3843
-250.94000 -128.50000 1.50000 -213.5913
19.96000 -49.48000 1.50000 -167.7066
-195.55000 -35.66000 1.50000 -172.4016
-250.94000 -128.50000 1.50000 -213.6059
19.96000 -49.48000 1.50000 -167.7352
-195.55000 -35.66000 1.50000 -172.4189
-250.94000 -128.50000 1.50000 -213.6204
19.96000 -49.48000 1.50000 -167.7438
-195.55000 -35.66000 1.50000 -172.4213
-250.94000 -128.50000 1.50000 -213.6248
19.96000 -49.48000 1.50000 -167.7153
-195.55000 -35.66000 1.50000 -172.4041
-250.94000 -128.50000 1.50000 -213.6102
19.96000 -49.48000 1.50000 -167.6867
-195.55000 -35.66000 1.50000 -172.3868
-250.94000 -128.50000 1.50000 -213.5957
19.96000 -49.48000 1.50000 -167.6580
-195.55000 -35.66000 1.50000 -172.3695
-250.94000 -128.50000 1.50000 -213.5811
19.96000 -49.48000 1.50000 -167.6292
-195.55000 -35.66000 1.50000 -172.3521
-250.94000 -128.50000 1.50000 -213.5665
19.96000 -49.48000 1.50000 -167.6003
-195.55000 -35.66000 1.50000 -172.3348
-250.94000 -128.50000 1.50000 -213.5519
19.96000 -49.48000 1.50000 -167.5714
-195.55000 -35.66000 1.50000 -172.3174
-250.94000 -128.50000 1.50000 -213.5372
19.96000 -49.48000 1.50000 -167.5423
-195.55000 -35.66000 1.50000 -172.2999
-250.94000 -128.50000 1.50000 -253.5226
19.96000 -49.48000 1.50000 -167.5132
-195.55000 -35.66000 1.50000 -172.2824
-250.94000 -128.50000 1.50000 -253.5079
19.96000 -49.48000 1.50000 -167.4840
-195.55000 -35.66000 1.50000 -172.2649
-250.94000 -128.50000 1.50000 -253.4932
19.96000 -49.48000 1.50000 -167.4547
-195.55000 -35.66000 1.50000 -172.2474
-250.94000 -128.50000 1.50000 -253.4785
19.96000 -49.48000 1.50000 -167.4640
-195.55000 -35.66000 1.50000 -172.2500
-250.94000 -128.50000 1.50000 -213.4829
19.96000 -49.48000 1.50000 -167.4932
-195.55000 -35.66000 1.50000 -172.2675
-250.94000 -128.50000 1.50000 -213.4977
19.96000 -49.48000 1.50000 -167.5224
-195.55000 -35.66000 1.50000 -172.2850
-250.94000 -128.50000 1.50000 -253.5123
19.96000 -49.48000 1.50000 -167.5514
-195.55000 -35.66000 1.50000 -172.3025
-250.94000 -128.50000 1.50000 -253.5270
19.96000 -49.48000 1.50000 -167.5804
-195.55000 -35.66000 1.50000 -172.3199
-250.94000 -128.50000 1.50000 -253.5417
19.96000 -49.48000 1.50000 -167.6093
-195.55000 -35.66000 1.50000 -172.3373
-250.94000 -128.50000 1.50000 -253.5563
19.96000 -49.48000 1.50000 -167.6381
-195.55000 -35.66000 1.50000 -172.3547
-250.94000 -128.50000 1.50000 -253.5709
19.96000 -49.48000 1.50000 -167.6668
-195.55000 -35.66000 1.50000 -172.3720
-250.94000 -128.50000 1.50000 -213.5855
19.96000 -49.48000 1.50000 -167.6955
-195.55000 -35.66000 1.50000 -172.3893
-250.94000 -128.50000 1.50000 -213.6000
19.96000 -49.48000 1.50000 -167.7240
-195.55000 -35.66000 1.50000 -172.4066
-250.94000 -128.50000 1.50000 -213.6146
19.96000 -49.48000 1.50000 -167.7525
-195.55000 -35.66000 1.50000 -172.4238
-250.94000 -128.50000 1.50000 -213.6291
19.96000 -49.48000 1.50000 -167.7809
-195.55000 -35.66000 1.50000 -172.4410
-250.94000 -128.50000 1.50000 -213.6436
19.96000 -49.48000 1.50000 -167.8092
-195.55000 -35.66000 1.50000 -172.4581
-250.94000 -128.50000 1.50000 -213.6581
19.96000 -49.48000 1.50000 -167.8374
-195.55000 -35.66000 1.50000 -172.4753
-250.94000 -128.50000 1.50000 -213.6725
19.96000 -49.48000 1.50000 -167.8460
-195.55000 -35.66000 1.50000 -172.4778
-250.94000 -128.50000 1.50000 -213.6768
19.96000 -49.48000 1.50000 -167.8178
-195.55000 -35.66000 1.50000 -172.4606
-250.94000 -128.50000 1.50000 -213.6624
19.96000 -49.48000 1.50000 -167.7896
-195.55000 -35.66000 1.50000 -172.4435
-250.94000 -128.50000 1.50000 -213.6479
19.96000 -49.48000 1.50000 -167.7613
-195.55000 -35.66000 1.50000 -172.4263
-250.94000 -128.50000 1.50000 -253.6334
19.96000 -49.48000 1.50000 -167.7329
-195.55000 -35.66000 1.50000 -172.4091
-250.94000 -128.50000 1.50000 -253.6189
19.96000 -49.48000 1.50000 -167.7044
-195.55000 -35.66000 1.50000 -172.3918
-250.94000 -128.50000 1.50000 -253.6044
19.96000 -49.48000 1.50000 -167.6758
-195.55000 -35.66000 1.50000 -172.3745
-250.94000 -128.50000 1.50000 -253.5899
19.96000 -49.48000 1.50000 -167.6471
-195.55000 -35.66000 1.50000 -172.3572
-250.94000 -128.50000 1.50000 -253.5753
19.96000 -49.48000 1.50000 -167.6184
-195.55000 -35.66000 1.50000 -172.3399
-250.94000 -128.50000 1.50000 -253.5607
19.96000 -49.48000 1.50000 -167.5895
-195.55000 -35.66000 1.50000 -172.3225
-250.94000 -128.50000 1.50000 -253.5461
19.96000 -49.48000 1.50000 -167.5606
-195.55000 -35.66000 1.50000 -172.3051
-250.94000 -128.50000 1.50000 -253.5315
19.96000 -49.48000 1.50000 -167.5699
-195.55000 -35.66000 1.50000 -172.3077
-250.94000 -128.50000 1.50000 -213.5359
19.96000 -49.48000 1.50000 -167.5988
-195.55000 -35.66000 1.50000 -172.3251
-250.94000 -128.50000 1.50000 -213.5506
19.96000 -49.48000 1.50000 -167.6275
-195.55000 -35.66000 1.50000 -172.3425
-250.94000 -128.50000 1.50000 -253.5652
19.96000 -49.48000 1.50000 -167.6562
-195.55000 -35.66000 1.50000 -172.3598
-250.94000 -128.50000 1.50000 -253.5797
19.96000 -49.48000 1.50000 -167.6848
-195.55000 -35.66000 1.50000 -172.3771
-250.94000 -128.50000 1.50000 -253.5943
19.96000 -49.48000 1.50000 -167.7133
-195.55000 -35.66000 1.50000 -172.3944
-250.94000 -128.50000 1.50000 -253.6088
19.96000 -49.48000 1.50000 -167.7418
-195.55000 -35.66000 1.50000 -172.4116
-250.94000 -128.50000 1.50000 -253.6233
19.96000 -49.48000 1.50000 -167.7701
-195.55000 -35.66000 1.50000 -172.4288
-250.94000 -128.50000 1.50000 -253.6378
19.96000 -49.48000 1.50000 -167.7984
-195.55000 -35.66000 1.50000 -172.4460
-250.94000 -128.50000 1.50000 -253.6523
19.96000 -49.48000 1.50000 -167.8266
-195.55000 -35.66000 1.50000 -172.4632
-250.94000 -128.50000 1.50000 -253.6667
19.96000 -49.48000 1.50000 -167.8547
-195.55000 -35.66000 1.50000 -172.4803
-250.94000 -128.50000 1.50000 -253.6812
19.96000 -49.48000 1.50000 -167.8827
-195.55000 -35.66000 1.50000 -172.4973
-250.94000 -128.50000 1.50000 -213.6955
19.96000 -49.48000 1.50000 -167.9107
-195.55000 -35.66000 1.50000 -172.5144
-250.94000 -128.50000 1.50000 -213.7099
19.96000 -49.48000 1.50000 -167.9385
-195.55000 -35.66000 1.50000 -172.5314
-250.94000 -128.50000 1.50000 -213.7243
19.96000 -49.48000 1.50000 -167.9471
-195.55000 -35.66000 1.50000 -172.5339
-250.94000 -128.50000 1.50000 -253.7286
19.96000 -49.48000 1.50000 -167.9193
-195.55000 -35.66000 1.50000 -172.5169
-250.94000 -128.50000 1.50000 -253.7142
19.96000 -49.48000 1.50000 -167.8914
-195.55000 -35.66000 1.50000 -172.4999
-250.94000 -128.50000 1.50000 -253.6999
19.96000 -49.48000 1.50000 -167.8635
-195.55000 -35.66000 1.50000 -172.4828
-250.94000 -128.50000 1.50000 -253.6855
19.96000 -49.48000 1.50000 -167.8354
-195.55000 -35.66000 1.50000 -172.4657
-250.94000 -128.50000 1.50000 -253.6711
19.96000 -49.48000 1.50000 -167.8073
-195.55000 -35.66000 1.50000 -172.4486
-250.94000 -128.50000 1.50000 -253.6567
19.96000 -49.48000 1.50000 -167.7791
-195.55000 -35.66000 1.50000 -172.4314
-250.94000 -128.50000 1.50000 -253.6422
19.96000 -49.48000 1.50000 -167.7508
-195.55000 -35.66000 1.50000 -172.4142
-250.94000 -128.50000 1.50000 -253.6277
19.96000 -49.48000 1.50000 -167.7224
-195.55000 -35.66000 1.50000 -172.3970
-250.94000 -128.50000 1.50000 -253.6133
19.96000 -49.48000 1.50000 -167.6940
-195.55000 -35.66000 1.50000 -172.3797
-250.94000 -128.50000 1.50000 -253.5987
19.96000 -49.48000 1.50000 -167.6654
-195.55000 -35.66000 1.50000 -172.3624
-250.94000 -128.50000 1.50000 -213.5842
19.96000 -49.48000 1.50000 -167.6747
-195.55000 -35.66000 1.50000 -172.3651
-250.94000 -128.50000 1.50000 -213.5887
19.96000 -49.48000 1.50000 -167.7032
-195.55000 -35.66000 1.50000 -172.3824
-250.94000 -128.50000 1.50000 -213.6032
19.96000 -49.48000 1.50000 -167.7316
-195.55000 -35.66000 1.50000 -172.3996
-250.94000 -128.50000 1.50000 -253.6177
19.96000 -49.48000 1.50000 -167.7599
-195.55000 -35.66000 1.50000 -172.4169
-250.94000 -128.50000 1.50000 -253.6322
19.96000 -49.48000 1.50000 -167.7881
-195.55000 -35.66000 1.50000 -172.4341
-250.94000 -128.50000 1.50000 -253.6466
19.96000 -49.48000 1.50000 -167.8163
-195.55000 -35.66000 1.50000 -172.4512
-250.94000 -128.50000 1.50000 -253.6611
19.96000 -49.48000 1.50000 -167.8443
-195.55000 -35.66000 1.50000 -172.4683
-250.94000 -128.50000 1.50000 -253.6755
19.96000 -49.48000 1.50000 -167.8723
-195.55000 -35.66000 1.50000 -172.4854
-250.94000 -128.50000 1.50000 -253.6899
19.96000 -49.48000 1.50000 -167.9003
-195.55000 -35.66000 1.50000 -172.5025
-250.94000 -128.50000 1.50000 -253.7043
19.96000 -49.48000 1.50000 -167.9281
-195.55000 -35.66000 1.50000 -172.5195
-250.94000 -128.50000 1.50000 -253.7186
19.96000 -49.48000 1.50000 -167.9558
-195.55000 -35.66000 1.50000 -172.5365
-250.94000 -128.50000 1.50000 -253.7329
19.96000 -49.48000 1.50000 -167.9835
-195.55000 -35.66000 1.50000 -172.5534
-250.94000 -128.50000 1.50000 -253.7472
19.96000 -49.48000 1.50000 -168.0111
-195.55000 -35.66000 1.50000 -172.5704
-250.94000 -128.50000 1.50000 -253.7615
19.96000 -49.48000 1.50000 -168.0386
-195.55000 -35.66000 1.50000 -172.5873
-250.94000 -128.50000 1.50000 -253.7758
19.96000 -49.48000 1.50000 -168.0472
-195.55000 -35.66000 1.50000 -172.5898
-250.94000 -128.50000 1.50000 -253.7801
19.96000 -49.48000 1.50000 -168.0198
-195.55000 -35.66000 1.50000 -172.5729
-250.94000 -128.50000 1.50000 -253.7658
19.96000 -49.48000 1.50000 -167.9922
-195.55000 -35.66000 1.50000 -172.5560
-250.94000 -128.50000 1.50000 -253.7516
19.96000 -49.48000 1.50000 -167.9646
-195.55000 -35.66000 1.50000 -172.5391
-250.94000 -128.50000 1.50000 -253.7373
19.96000 -49.48000 1.50000 -167.9369
-195.55000 -35.66000 1.50000 -172.5221
-250.94000 -128.50000 1.50000 -253.7230
19.96000 -49.48000 1.50000 -167.9091
-195.55000 -35.66000 1.50000 -172.5051
-250.94000 -128.50000 1.50000 -253.7086
19.96000 -49.48000 1.50000 -167.8813
-195.55000 -35.66000 1.50000 -172.4880
-250.94000 -128.50000 1.50000 -253.6943
19.96000 -49.48000 1.50000 -167.8533
-195.55000 -35.66000 1.50000 -172.4709
-250.94000 -128.50000 1.50000 -253.6799
19.96000 -49.48000 1.50000 -167.8253
-195.55000 -35.66000 1.50000 -172.4538
-250.94000 -128.50000 1.50000 -253.6655
19.96000 -49.48000 1.50000 -167.7972
-195.55000 -35.66000 1.50000 -172.4367
-250.94000 -128.50000 1.50000 -213.6511
19.96000 -49.48000 1.50000 -167.7691
-195.55000 -35.66000 1.50000 -172.4195
-250.94000 -128.50000 1.50000 -213.6366
19.96000 -49.48000 1.50000 -167.7783
-195.55000 -35.66000 1.50000 -212.4222
-250.94000 -128.50000 1.50000 -213.6411
19.96000 -49.48000 1.50000 -167.8064
-195.55000 -35.66000 1.50000 -212.4394
-250.94000 -128.50000 1.50000 -213.6555
19.96000 -49.48000 1.50000 -167.8345
-195.55000 -35.66000 1.50000 -212.4565
-250.94000 -128.50000 1.50000 -213.6700
19.96000 -49.48000 1.50000 -167.8624
-195.55000 -35.66000 1.50000 -212.4736
-250.94000 -128.50000 1.50000 -213.6843
19.96000 -49.48000 1.50000 -167.8903
-195.55000 -35.66000 1.50000 -212.4907
-250.94000 -128.50000 1.50000 -213.6987
19.96000 -49.48000 1.50000 -167.9181
-195.55000 -35.66000 1.50000 -172.5077
-250.94000 -128.50000 1.50000 -253.7130
19.96000 -49.48000 1.50000 -167.9458
-195.55000 -35.66000 1.50000 -172.5247
-250.94000 -128.50000 1.50000 -253.7274
19.96000 -49.48000 1.50000 -167.9734
-195.55000 -35.66000 1.50000 -172.5417
-250.94000 -128.50000 1.50000 -253.7417
19.96000 -49.48000 1.50000 -168.0010
-195.55000 -35.66000 1.50000 -172.5586
-250.94000 -128.50000 1.50000 -253.7560
19.96000 -49.48000 1.50000 -168.0285
-195.55000 -35.66000 1.50000 -172.5755
-250.94000 -128.50000 1.50000 -253.7702
19.96000 -49.48000 1.50000 -168.0559
-195.55000 -35.66000 1.50000 -172.5924
-250.94000 -128.50000 1.50000 -253.7844
19.96000 -49.48000 1.50000 -168.0832
-195.55000 -35.66000 1.50000 -172.6093
-250.94000 -128.50000 1.50000 -253.7986
19.96000 -49.48000 1.50000 -168.1105
-195.55000 -35.66000 1.50000 -172.6261
-250.94000 -128.50000 1.50000 -253.8128
19.96000 -49.48000 1.50000 -168.1377
-195.55000 -35.66000 1.50000 -172.6428
-250.94000 -128.50000 1.50000 -253.8270
19.96000 -49.48000 1.50000 -168.1463
-195.55000 -35.66000 1.50000 -172.6454
-250.94000 -128.50000 1.50000 -253.8313
19.96000 -49.48000 1.50000 -168.1191
-195.55000 -35.66000 1.50000 -172.6287
-250.94000 -128.50000 1.50000 -253.8172
19.96000 -49.48000 1.50000 -168.0919
-195.55000 -35.66000 1.50000 -212.6119
-250.94000 -128.50000 1.50000 -253.8030
19.96000 -49.48000 1.50000 -168.0647
-195.55000 -35.66000 1.50000 -212.5950
-250.94000 -128.50000 1.50000 -253.7888
19.96000 -49.48000 1.50000 -168.0373
-195.55000 -35.66000 1.50000 -212.5782
-250.94000 -128.50000 1.50000 -253.7746
19.96000 -49.48000 1.50000 -168.0099
-195.55000 -35.66000 1.50000 -212.5613
-250.94000 -128.50000 1.50000 -253.7603
19.96000 -49.48000 1.50000 -167.9824
-195.55000 -35.66000 1.50000 -212.5443
-250.94000 -128.50000 1.50000 -213.7461
19.96000 -49.48000 1.50000 -167.9548
-195.55000 -35.66000 1.50000 -212.5274
-250.94000 -128.50000 1.50000 -213.7318
19.96000 -49.48000 1.50000 -167.9271
-195.55000 -35.66000 1.50000 -212.5104
-250.94000 -128.50000 1.50000 -213.7175
19.96000 -49.48000 1.50000 -167.8994
-195.55000 -35.66000 1.50000 -212.4934
-250.94000 -128.50000 1.50000 -213.7032
19.96000 -49.48000 1.50000 -127.9086
-195.55000 -35.66000 1.50000 -212.4961
-250.94000 -128.50000 1.50000 -213.7076
19.96000 -49.48000 1.50000 -127.9363
-195.55000 -35.66000 1.50000 -212.5131
-250.94000 -128.50000 1.50000 -213.7219
19.96000 -49.48000 1.50000 -167.9639
-195.55000 -35.66000 1.50000 -212.5301
-250.94000 -128.50000 1.50000 -213.7362
19.96000 -49.48000 1.50000 -167.9914
-195.55000 -35.66000 1.50000 -212.5470
-250.94000 -128.50000 1.50000 -213.7505
19.96000 -49.48000 1.50000 -168.0188
-195.55000 -35.66000 1.50000 -212.5639
-250.94000 -128.50000 1.50000 -213.7647
19.96000 -49.48000 1.50000 -168.0462
-195.55000 -35.66000 1.50000 -212.5808
-250.94000 -128.50000 1.50000 -213.7790
19.96000 -49.48000 1.50000 -168.0735
-195.55000 -35.66000 1.50000 -212.5977
-250.94000 -128.50000 1.50000 -213.7932
19.96000 -49.48000 1.50000 -168.1007
-195.55000 -35.66000 1.50000 -212.6145
-250.94000 -128.50000 1.50000 -253.8073
19.96000 -49.48000 1.50000 -168.1279
-195.55000 -35.66000 1.50000 -212.6313
-250.94000 -128.50000 1.50000 -253.8215
19.96000 -49.48000 1.50000 -168.1549
-195.55000 -35.66000 1.50000 -212.6481
-250.94000 -128.50000 1.50000 -253.8357
19.96000 -49.48000 1.50000 -168.1819
-195.55000 -35.66000 1.50000 -212.6648
-250.94000 -128.50000 1.50000 -253.8498
19.96000 -49.48000 1.50000 -168.2088
-195.55000 -35.66000 1.50000 -212.6815
-250.94000 -128.50000 1.50000 -253.8639
19.96000 -49.48000 1.50000 -168.2357
-195.55000 -35.66000 1.50000 -212.6982
-250.94000 -128.50000 1.50000 -253.8780
19.96000 -49.48000 1.50000 -168.2443
-195.55000 -35.66000 1.50000 -212.7008
-250.94000 -128.50000 1.50000 -253.8823
19.96000 -49.48000 1.50000 -168.2175
-195.55000 -35.66000 1.50000 -212.6841
-250.94000 -128.50000 1.50000 -253.8682
19.96000 -49.48000 1.50000 -168.1906
-195.55000 -35.66000 1.50000 -212.6674
-250.94000 -128.50000 1.50000 -213.8541
19.96000 -49.48000 1.50000 -168.1637
-195.55000 -35.66000 1.50000 -212.6507
-250.94000 -128.50000 1.50000 -213.8400
19.96000 -49.48000 1.50000 -168.1367
-195.55000 -35.66000 1.50000 -212.6340
-250.94000 -128.50000 1.50000 -213.8259
19.96000 -49.48000 1.50000 -168.1096
-195.55000 -35.66000 1.50000 -212.6172
-250.94000 -128.50000 1.50000 -213.8117
19.96000 -49.48000 1.50000 -168.0824
-195.55000 -35.66000 1.50000 -212.6004
-250.94000 -128.50000 1.50000 -213.7976
19.96000 -49.48000 1.50000 -168.0552
-195.55000 -35.66000 1.50000 -212.5835
-250.94000 -128.50000 1.50000 -213.7834
19.96000 -49.48000 1.50000 -128.0279
-195.55000 -35.66000 1.50000 -212.5667
-250.94000 -128.50000 1.50000 -213.7692
19.96000 -49.48000 1.50000 -128.0005
-195.55000 -35.66000 1.50000 -212.5497
-250.94000 -128.50000 1.50000 -213.7549
19.96000 -49.48000 1.50000 -127.9730
-195.55000 -35.66000 1.50000 -212.5328
-250.94000 -128.50000 1.50000 -213.7407
19.96000 -49.48000 1.50000 -127.9822
-195.55000 -35.66000 1.50000 -252.5356
-250.94000 -128.50000 1.50000 -213.7451
19.96000 -49.48000 1.50000 -128.0096
-195.55000 -35.66000 1.50000 -252.5525
-250.94000 -128.50000 1.50000 -213.7594
19.96000 -49.48000 1.50000 -128.0370
-195.55000 -35.66000 1.50000 -252.5694
-250.94000 -128.50000 1.50000 -213.7736
19.96000 -49.48000 1.50000 -128.0642
-195.55000 -35.66000 1.50000 -252.5862
-250.94000 -128.50000 1.50000 -213.7878
19.96000 -49.48000 1.50000 -128.0914
-195.55000 -35.66000 1.50000 -252.6031
-250.94000 -128.50000 1.50000 -213.8020
19.96000 -49.48000 1.50000 -128.1185
-195.55000 -35.66000 1.50000 -252.6199
-250.94000 -128.50000 1.50000 -213.8161
19.96000 -49.48000 1.50000 -168.1455
-195.55000 -35.66000 1.50000 -252.6367
-250.94000 -128.50000 1.50000 -213.8303
19.96000 -49.48000 1.50000 -168.1725
-195.55000 -35.66000 1.50000 -252.6534
-250.94000 -128.50000 1.50000 -213.8444
19.96000 -49.48000 1.50000 -168.1994
-195.55000 -35.66000 1.50000 -252.6701
-250.94000 -128.50000 1.50000 -213.8585
19.96000 -49.48000 1.50000 -168.2262
-195.55000 -35.66000 1.50000 -252.6868
-250.94000 -128.50000 1.50000 -213.8726
19.96000 -49.48000 1.50000 -168.2529
-195.55000 -35.66000 1.50000 -252.7034
-250.94000 -128.50000 1.50000 -213.8866
19.96000 -49.48000 1.50000 -168.2796
-195.55000 -35.66000 1.50000 -252.7200
-250.94000 -128.50000 1.50000 -213.9006
19.96000 -49.48000 1.50000 -168.3062
-195.55000 -35.66000 1.50000 -252.7366
-250.94000 -128.50000 1.50000 -253.9147
19.96000 -49.48000 1.50000 -168.3327
-195.55000 -35.66000 1.50000 -212.7532
-250.94000 -128.50000 1.50000 -253.9286
19.96000 -49.48000 1.50000 -168.3413
-195.55000 -35.66000 1.50000 -252.7558
-250.94000 -128.50000 1.50000 -213.9330
19.96000 -49.48000 1.50000 -168.3148
-195.55000 -35.66000 1.50000 -252.7393
-250.94000 -128.50000 1.50000 -213.9190
19.96000 -49.48000 1.50000 -168.2883
-195.55000 -35.66000 1.50000 -252.7227
-250.94000 -128.50000 1.50000 -213.9050
19.96000 -49.48000 1.50000 -168.2617
-195.55000 -35.66000 1.50000 -252.7061
-250.94000 -128.50000 1.50000 -213.8910
19.96000 -49.48000 1.50000 -168.2350
-195.55000 -35.66000 1.50000 -252.6895
-250.94000 -128.50000 1.50000 -213.8769
19.96000 -49.48000 1.50000 -128.2082
-195.55000 -35.66000 1.50000 -252.6728
-250.94000 -128.50000 1.50000 -213.8629
19.96000 -49.48000 1.50000 -128.1814
-195.55000 -35.66000 1.50000 -252.6561
-250.94000 -128.50000 1.50000 -213.8488
19.96000 -49.48000 1.50000 -128.1545
-195.55000 -35.66000 1.50000 -212.6394
-250.94000 -128.50000 1.50000 -213.8347
19.96000 -49.48000 1.50000 -128.1275
-195.55000 -35.66000 1.50000 -252.6226
-250.94000 -128.50000 1.50000 -213.8206
19.96000 -49.48000 1.50000 -128.1005
-195.55000 -35.66000 1.50000 -252.6058
-250.94000 -128.50000 1.50000 -213.8064
19.96000 -49.48000 1.50000 -128.0733
-195.55000 -35.66000 1.50000 -252.5890
-250.94000 -128.50000 1.50000 -213.7923
19.96000 -49.48000 1.50000 -128.0826
-195.55000 -35.66000 1.50000 -212.5918
-250.94000 -128.50000 1.50000 -253.7967
19.96000 -49.48000 1.50000 -128.1096
-195.55000 -35.66000 1.50000 -252.6086
-250.94000 -128.50000 1.50000 -253.8109
19.96000 -49.48000 1.50000 -128.1366
-195.55000 -35.66000 1.50000 -252.6254
-250.94000 -128.50000 1.50000 -253.8250
19.96000 -49.48000 1.50000 -128.1635
-195.55000 -35.66000 1.50000 -252.6422
-250.94000 -128.50000 1.50000 -253.8391
19.96000 -49.48000 1.50000 -128.1904
-195.55000 -35.66000 1.50000 -252.6589
-250.94000 -128.50000 1.50000 -213.8532
19.96000 -49.48000 1.50000 -128.2171
-195.55000 -35.66000 1.50000 -252.6755
-250.94000 -128.50000 1.50000 -213.8673
19.96000 -49.48000 1.50000 -128.2439
-195.55000 -35.66000 1.50000 -252.6922
-250.94000 -128.50000 1.50000 -213.8813
19.96000 -49.48000 1.50000 -128.2705
-195.55000 -35.66000 1.50000 -252.7088
-250.94000 -128.50000 1.50000 -213.8953
19.96000 -49.48000 1.50000 -128.2970
-195.55000 -35.66000 1.50000 -252.7254
-250.94000 -128.50000 1.50000 -213.9093
19.96000 -49.48000 1.50000 -168.3235
-195.55000 -35.66000 1.50000 -212.7420
-250.94000 -128.50000 1.50000 -213.9233
19.96000 -49.48000 1.50000 -168.3499
-195.55000 -35.66000 1.50000 -252.7585
-250.94000 -128.50000 1.50000 -213.9373
19.96000 -49.48000 1.50000 -168.3763
-195.55000 -35.66000 1.50000 -252.7750
-250.94000 -128.50000 1.50000 -213.9512
19.96000 -49.48000 1.50000 -168.4025
-195.55000 -35.66000 1.50000 -252.7915
-250.94000 -128.50000 1.50000 -213.9651
19.96000 -49.48000 1.50000 -168.4287
-195.55000 -35.66000 1.50000 -252.8079
-250.94000 -128.50000 1.50000 -213.9791
19.96000 -49.48000 1.50000 -168.4549
-195.55000 -35.66000 1.50000 -252.8243
-250.94000 -128.50000 1.50000 -213.9930
19.96000 -49.48000 1.50000 -168.4634
-195.55000 -35.66000 1.50000 -252.8270
-250.94000 -128.50000 1.50000 -213.9973
19.96000 -49.48000 1.50000 -168.4373
-195.55000 -35.66000 1.50000 -252.8106
-250.94000 -128.50000 1.50000 -213.9834
19.96000 -49.48000 1.50000 -168.4112
-195.55000 -35.66000 1.50000 -252.7942
-250.94000 -128.50000 1.50000 -213.9695
19.96000 -49.48000 1.50000 -128.3849
-195.55000 -35.66000 1.50000 -252.7777
-250.94000 -128.50000 1.50000 -213.9556
19.96000 -49.48000 1.50000 -128.3587
-195.55000 -35.66000 1.50000 -252.7612
-250.94000 -128.50000 1.50000 -213.9417
19.96000 -49.48000 1.50000 -128.3323
-195.55000 -35.66000 1.50000 -252.7447
-250.94000 -128.50000 1.50000 -213.9277
19.96000 -49.48000 1.50000 -128.3059
-195.55000 -35.66000 1.50000 -252.7281
-250.94000 -128.50000 1.50000 -213.9137
19.96000 -49.48000 1.50000 -128.2794
-195.55000 -35.66000 1.50000 -252.7116
-250.94000 -128.50000 1.50000 -213.8997
19.96000 -49.48000 1.50000 -128.2528
-195.55000 -35.66000 1.50000 -212.6949
-250.94000 -128.50000 1.50000 -253.8857
19.96000 -49.48000 1.50000 -128.2261
-195.55000 -35.66000 1.50000 -212.6783
-250.94000 -128.50000 1.50000 -253.8717
19.96000 -49.48000 1.50000 -128.1994
-195.55000 -35.66000 1.50000 -212.6616
-250.94000 -128.50000 1.50000 -253.8576
19.96000 -49.48000 1.50000 -128.2085
-195.55000 -35.66000 1.50000 -212.6644
-250.94000 -128.50000 1.50000 -253.8621
19.96000 -49.48000 1.50000 -128.2352
-195.55000 -35.66000 1.50000 -212.6811
-250.94000 -128.50000 1.50000 -213.8761
19.96000 -49.48000 1.50000 -128.2618
-195.55000 -35.66000 1.50000 -212.6978
-250.94000 -128.50000 1.50000 -213.8902
19.96000 -49.48000 1.50000 -128.2883
-195.55000 -35.66000 1.50000 -212.7144
-250.94000 -128.50000 1.50000 -253.9041
19.96000 -49.48000 1.50000 -128.3148
-195.55000 -35.66000 1.50000 -212.7309
-250.94000 -128.50000 1.50000 -253.9181
19.96000 -49.48000 1.50000 -128.3411
-195.55000 -35.66000 1.50000 -212.7475
-250.94000 -128.50000 1.50000 -253.9321
19.96000 -49.48000 1.50000 -128.3674
-195.55000 -35.66000 1.50000 -212.7640
-250.94000 -128.50000 1.50000 -213.9460
19.96000 -49.48000 1.50000 -128.3937
-195.55000 -35.66000 1.50000 -212.7805
-250.94000 -128.50000 1.50000 -213.9599
19.96000 -49.48000 1.50000 -128.4198
-195.55000 -35.66000 1.50000 -212.7969
-250.94000 -128.50000 1.50000 -213.9738
19.96000 -49.48000 1.50000 -128.4460
-195.55000 -35.66000 1.50000 -252.8133
-250.94000 -128.50000 1.50000 -213.9877
19.96000 -49.48000 1.50000 -128.4720
-195.55000 -35.66000 1.50000 -252.8297
-250.94000 -128.50000 1.50000 -214.0016
19.96000 -49.48000 1.50000 -168.4979
-195.55000 -35.66000 1.50000 -252.8461
-250.94000 -128.50000 1.50000 -214.0154
19.96000 -49.48000 1.50000 -128.5065
-195.55000 -35.66000 1.50000 -212.8488
-250.94000 -128.50000 1.50000 -214.0197
19.96000 -49.48000 1.50000 -128.4806
-195.55000 -35.66000 1.50000 -212.8324
-250.94000 -128.50000 1.50000 -214.0059
19.96000 -49.48000 1.50000 -128.4547
-195.55000 -35.66000 1.50000 -212.8161
-250.94000 -128.50000 1.50000 -213.9921
19.96000 -49.48000 1.50000 -128.4286
-195.55000 -35.66000 1.50000 -212.7997
-250.94000 -128.50000 1.50000 -253.9782
19.96000 -49.48000 1.50000 -128.4025
-195.55000 -35.66000 1.50000 -212.7832
-250.94000 -128.50000 1.50000 -253.9643
19.96000 -49.48000 1.50000 -128.3763
-195.55000 -35.66000 1.50000 -212.7668
-250.94000 -128.50000 1.50000 -253.9504
19.96000 -49.48000 1.50000 -128.3501
-195.55000 -35.66000 1.50000 -212.7502
-250.94000 -128.50000 1.50000 -213.9365
19.96000 -49.48000 1.50000 -128.3237
-195.55000 -35.66000 1.50000 -212.7337
-250.94000 -128.50000 1.50000 -213.9225
19.96000 -49.48000 1.50000 -128.2973
-195.55000 -35.66000 1.50000 -212.7172
-250.94000 -128.50000 1.50000 -253.9086
19.96000 -49.48000 1.50000 -128.2709
-195.55000 -35.66000 1.50000 -212.7006
-250.94000 -128.50000 1.50000 -253.8946
19.96000 -49.48000 1.50000 -128.2800
-195.55000 -35.66000 1.50000 -212.7034
-250.94000 -128.50000 1.50000 -253.8991
19.96000 -49.48000 1.50000 -128.3064
-195.55000 -35.66000 1.50000 -212.7200
-250.94000 -128.50000 1.50000 -253.9131
19.96000 -49.48000 1.50000 -128.3328
-195.55000 -35.66000 1.50000 -212.7365
-250.94000 -128.50000 1.50000 -253.9270
19.96000 -49.48000 1.50000 -128.3590
-195.55000 -35.66000 1.50000 -212.7531
-250.94000 -128.50000 1.50000 -253.9409
19.96000 -49.48000 1.50000 -128.3852
-195.55000 -35.66000 1.50000 -212.7696
-250.94000 -128.50000 1.50000 -253.9548
19.96000 -49.48000 1.50000 -128.4114
-195.55000 -35.66000 1.50000 -212.7860
-250.94000 -128.50000 1.50000 -213.9687
19.96000 -49.48000 1.50000 -128.4374
-195.55000 -35.66000 1.50000 -212.8024
-250.94000 -128.50000 1.50000 -213.9826
19.96000 -49.48000 1.50000 -128.4634
-195.55000 -35.66000 1.50000 -212.8188
-250.94000 -128.50000 1.50000 -253.9964
19.96000 -49.48000 1.50000 -128.4893
-195.55000 -35.66000 1.50000 -212.8352
-250.94000 -128.50000 1.50000 -254.0103