19.96000 -49.48000 1.50000 -188.6833
-195.55000 -35.66000 1.50000 -272.9531
-250.94000 -128.50000 1.50000 -274.1162
19.96000 -49.48000 1.50000 -188.6517
-195.55000 -35.66000 1.50000 -232.9190
-250.94000 -128.50000 1.50000 -274.0973
19.96000 -49.48000 1.50000 -228.6769
-195.55000 -35.66000 1.50000 -232.9352
-250.94000 -128.50000 1.50000 -274.1109
19.96000 -49.48000 1.50000 -228.7612
-195.55000 -35.66000 1.50000 -232.9864
-250.94000 -128.50000 1.50000 -274.1561
19.96000 -49.48000 1.50000 -188.7362
-195.55000 -35.66000 1.50000 -232.9704
-250.94000 -128.50000 1.50000 -274.1426
19.96000 -49.48000 1.50000 -188.7111
-195.55000 -35.66000 1.50000 -232.9543
-250.94000 -128.50000 1.50000 -274.1290
19.96000 -49.48000 1.50000 -188.6860
-195.55000 -35.66000 1.50000 -232.9382
-250.94000 -128.50000 1.50000 -274.1154
19.96000 -49.48000 1.50000 -188.6951
-195.55000 -35.66000 1.50000 -232.9412
-250.94000 -128.50000 1.50000 -274.1199
19.96000 -49.48000 1.50000 -188.7202
-195.55000 -35.66000 1.50000 -232.9573
-250.94000 -128.50000 1.50000 -274.1335
19.96000 -49.48000 1.50000 -188.7452
-195.55000 -35.66000 1.50000 -232.9734
-250.94000 -128.50000 1.50000 -274.1470
19.96000 -49.48000 1.50000 -188.7702
-195.55000 -35.66000 1.50000 -232.9894
-250.94000 -128.50000 1.50000 -274.1606
19.96000 -49.48000 1.50000 -188.7951
-195.55000 -35.66000 1.50000 -233.0054
-250.94000 -128.50000 1.50000 -274.1741
19.96000 -49.48000 1.50000 -188.8199
-195.55000 -35.66000 1.50000 -233.0214
-250.94000 -128.50000 1.50000 -274.1876
19.96000 -49.48000 1.50000 -228.8446
-195.55000 -35.66000 1.50000 -233.0374
-250.94000 -128.50000 1.50000 -274.2011
19.96000 -49.48000 1.50000 -228.9273
-195.55000 -35.66000 1.50000 -233.0880
-250.94000 -128.50000 1.50000 -274.2458
19.96000 -49.48000 1.50000 -188.9028
-195.55000 -35.66000 1.50000 -233.0721
-250.94000 -128.50000 1.50000 -274.2324
19.96000 -49.48000 1.50000 -188.8782
-195.55000 -35.66000 1.50000 -233.0562
-250.94000 -128.50000 1.50000 -274.2190
19.96000 -49.48000 1.50000 -188.8535
-195.55000 -35.66000 1.50000 -233.0403
-250.94000 -128.50000 1.50000 -274.2055
19.96000 -49.48000 1.50000 -188.8288
-195.55000 -35.66000 1.50000 -233.0244
-250.94000 -128.50000 1.50000 -274.1920
19.96000 -49.48000 1.50000 -188.8040
-195.55000 -35.66000 1.50000 -233.0084
-250.94000 -128.50000 1.50000 -274.1785
19.96000 -49.48000 1.50000 -188.7792
-195.55000 -35.66000 1.50000 -232.9924
-250.94000 -128.50000 1.50000 -274.1650
19.96000 -49.48000 1.50000 -188.7543
-195.55000 -35.66000 1.50000 -232.9764
-250.94000 -128.50000 1.50000 -274.1515
19.96000 -49.48000 1.50000 -188.7635
-195.55000 -35.66000 1.50000 -232.9794
-250.94000 -128.50000 1.50000 -274.1560
19.96000 -49.48000 1.50000 -188.7883
-195.55000 -35.66000 1.50000 -232.9954
-250.94000 -128.50000 1.50000 -274.1695
19.96000 -49.48000 1.50000 -188.8131
-195.55000 -35.66000 1.50000 -233.0114
-250.94000 -128.50000 1.50000 -274.1830
19.96000 -49.48000 1.50000 -188.8378
-195.55000 -35.66000 1.50000 -233.0274
-250.94000 -128.50000 1.50000 -274.1965
19.96000 -49.48000 1.50000 -188.8625
-195.55000 -35.66000 1.50000 -233.0433
-250.94000 -128.50000 1.50000 -274.2100
19.96000 -49.48000 1.50000 -188.8871
-195.55000 -35.66000 1.50000 -233.0592
-250.94000 -128.50000 1.50000 -274.2234
19.96000 -49.48000 1.50000 -188.9116
-195.55000 -35.66000 1.50000 -233.0751
-250.94000 -128.50000 1.50000 -274.2368
19.96000 -49.48000 1.50000 -188.9361
-195.55000 -35.66000 1.50000 -233.0910
-250.94000 -128.50000 1.50000 -274.2502
19.96000 -49.48000 1.50000 -188.9605
-195.55000 -35.66000 1.50000 -233.1068
-250.94000 -128.50000 1.50000 -274.2636
19.96000 -49.48000 1.50000 -188.9849
-195.55000 -35.66000 1.50000 -233.1226
-250.94000 -128.50000 1.50000 -274.2770
19.96000 -49.48000 1.50000 -229.0092
-195.55000 -35.66000 1.50000 -233.1384
-250.94000 -128.50000 1.50000 -274.2903
19.96000 -49.48000 1.50000 -189.0421
-195.55000 -35.66000 1.50000 -233.1570
-250.94000 -128.50000 1.50000 -274.3080
19.96000 -49.48000 1.50000 -189.0179
-195.55000 -35.66000 1.50000 -233.1413
-250.94000 -128.50000 1.50000 -274.2947
19.96000 -49.48000 1.50000 -188.9937
-195.55000 -35.66000 1.50000 -233.1255
-250.94000 -128.50000 1.50000 -274.2814
19.96000 -49.48000 1.50000 -188.9693
-195.55000 -35.66000 1.50000 -233.1098
-250.94000 -128.50000 1.50000 -274.2680
19.96000 -49.48000 1.50000 -188.9450
-195.55000 -35.66000 1.50000 -233.0940
-250.94000 -128.50000 1.50000 -274.2546
19.96000 -49.48000 1.50000 -188.9205
-195.55000 -35.66000 1.50000 -233.0781
-250.94000 -128.50000 1.50000 -274.2413
19.96000 -49.48000 1.50000 -188.8961
-195.55000 -35.66000 1.50000 -233.0623
-250.94000 -128.50000 1.50000 -274.2278
19.96000 -49.48000 1.50000 -188.8715
-195.55000 -35.66000 1.50000 -233.0464
-250.94000 -128.50000 1.50000 -274.2144
19.96000 -49.48000 1.50000 -188.8469
-195.55000 -35.66000 1.50000 -233.0304
-250.94000 -128.50000 1.50000 -274.2010
19.96000 -49.48000 1.50000 -188.8222
-195.55000 -35.66000 1.50000 -193.0145
-250.94000 -128.50000 1.50000 -274.1875
19.96000 -49.48000 1.50000 -188.8314
-195.55000 -35.66000 1.50000 -193.0175
-250.94000 -128.50000 1.50000 -274.1920
19.96000 -49.48000 1.50000 -188.8560
-195.55000 -35.66000 1.50000 -193.0335
-250.94000 -128.50000 1.50000 -274.2054
19.96000 -49.48000 1.50000 -188.8806
-195.55000 -35.66000 1.50000 -193.0494
-250.94000 -128.50000 1.50000 -274.2189
19.96000 -49.48000 1.50000 -188.9051
-195.55000 -35.66000 1.50000 -193.0653
-250.94000 -128.50000 1.50000 -274.2323
19.96000 -49.48000 1.50000 -188.9295
-195.55000 -35.66000 1.50000 -193.0811
-250.94000 -128.50000 1.50000 -274.2457
19.96000 -49.48000 1.50000 -188.9539
-195.55000 -35.66000 1.50000 -193.0970
-250.94000 -128.50000 1.50000 -274.2591
19.96000 -49.48000 1.50000 -188.9782
-195.55000 -35.66000 1.50000 -233.1128
-250.94000 -128.50000 1.50000 -274.2724
19.96000 -49.48000 1.50000 -189.0025
-195.55000 -35.66000 1.50000 -233.1286
-250.94000 -128.50000 1.50000 -274.2858
19.96000 -49.48000 1.50000 -189.0267
-195.55000 -35.66000 1.50000 -233.1443
-250.94000 -128.50000 1.50000 -274.2991
19.96000 -49.48000 1.50000 -189.0508
-195.55000 -35.66000 1.50000 -233.1600
-250.94000 -128.50000 1.50000 -274.3124
19.96000 -49.48000 1.50000 -189.0749
-195.55000 -35.66000 1.50000 -233.1757
-250.94000 -128.50000 1.50000 -274.3257
19.96000 -49.48000 1.50000 -189.0989
-195.55000 -35.66000 1.50000 -233.1914
-250.94000 -128.50000 1.50000 -274.3390
19.96000 -49.48000 1.50000 -189.1076
-195.55000 -35.66000 1.50000 -233.1944
-250.94000 -128.50000 1.50000 -274.3433
19.96000 -49.48000 1.50000 -189.0836
-195.55000 -35.66000 1.50000 -193.1787
-250.94000 -128.50000 1.50000 -274.3301
19.96000 -49.48000 1.50000 -189.0596
-195.55000 -35.66000 1.50000 -193.1630
-250.94000 -128.50000 1.50000 -274.3168
19.96000 -49.48000 1.50000 -189.0355
-195.55000 -35.66000 1.50000 -193.1473
-250.94000 -128.50000 1.50000 -274.3035
19.96000 -49.48000 1.50000 -189.0114
-195.55000 -35.66000 1.50000 -193.1316
-250.94000 -128.50000 1.50000 -274.2902
19.96000 -49.48000 1.50000 -188.9872
-195.55000 -35.66000 1.50000 -193.1158
-250.94000 -128.50000 1.50000 -274.2769
19.96000 -49.48000 1.50000 -188.9629
-195.55000 -35.66000 1.50000 -193.1000
-250.94000 -128.50000 1.50000 -274.2635
19.96000 -49.48000 1.50000 -188.9385
-195.55000 -35.66000 1.50000 -193.0842
-250.94000 -128.50000 1.50000 -274.2502
19.96000 -49.48000 1.50000 -188.9142
-195.55000 -35.66000 1.50000 -193.0684
-250.94000 -128.50000 1.50000 -274.2368
19.96000 -49.48000 1.50000 -188.8897
-195.55000 -35.66000 1.50000 -193.0525
-250.94000 -128.50000 1.50000 -274.2234
19.96000 -49.48000 1.50000 -188.8989
-195.55000 -35.66000 1.50000 -153.0556
-250.94000 -128.50000 1.50000 -274.2279
19.96000 -49.48000 1.50000 -188.9233
-195.55000 -35.66000 1.50000 -193.0715
-250.94000 -128.50000 1.50000 -274.2413
19.96000 -49.48000 1.50000 -188.9476
-195.55000 -35.66000 1.50000 -193.0873
-250.94000 -128.50000 1.50000 -274.2546
19.96000 -49.48000 1.50000 -188.9719
-195.55000 -35.66000 1.50000 -193.1031
-250.94000 -128.50000 1.50000 -274.2680
19.96000 -49.48000 1.50000 -188.9961
-195.55000 -35.66000 1.50000 -193.1189
-250.94000 -128.50000 1.50000 -274.2813
19.96000 -49.48000 1.50000 -189.0203
-195.55000 -35.66000 1.50000 -193.1346
-250.94000 -128.50000 1.50000 -274.2946
19.96000 -49.48000 1.50000 -189.0444
-195.55000 -35.66000 1.50000 -193.1504
-250.94000 -128.50000 1.50000 -274.3079
19.96000 -49.48000 1.50000 -189.0685
-195.55000 -35.66000 1.50000 -193.1661
-250.94000 -128.50000 1.50000 -274.3212
19.96000 -49.48000 1.50000 -189.0924
-195.55000 -35.66000 1.50000 -193.1817
-250.94000 -128.50000 1.50000 -274.3345
19.96000 -49.48000 1.50000 -189.1164
-195.55000 -35.66000 1.50000 -193.1974
-250.94000 -128.50000 1.50000 -274.3477
19.96000 -49.48000 1.50000 -189.1402
-195.55000 -35.66000 1.50000 -193.2130
-250.94000 -128.50000 1.50000 -274.3610
19.96000 -49.48000 1.50000 -189.1640
-195.55000 -35.66000 1.50000 -193.2286
-250.94000 -128.50000 1.50000 -274.3741
19.96000 -49.48000 1.50000 -189.1728
-195.55000 -35.66000 1.50000 -193.2316
-250.94000 -128.50000 1.50000 -274.3785
19.96000 -49.48000 1.50000 -189.1490
-195.55000 -35.66000 1.50000 -193.2160
-250.94000 -128.50000 1.50000 -274.3654
19.96000 -49.48000 1.50000 -189.1252
-195.55000 -35.66000 1.50000 -193.2004
-250.94000 -128.50000 1.50000 -274.3521
19.96000 -49.48000 1.50000 -189.1013
-195.55000 -35.66000 1.50000 -193.1848
-250.94000 -128.50000 1.50000 -274.3389
19.96000 -49.48000 1.50000 -189.0773
-195.55000 -35.66000 1.50000 -193.1691
-250.94000 -128.50000 1.50000 -274.3257
19.96000 -49.48000 1.50000 -189.0533
-195.55000 -35.66000 1.50000 -193.1534
-250.94000 -128.50000 1.50000 -274.3124
19.96000 -49.48000 1.50000 -189.0293
-195.55000 -35.66000 1.50000 -153.1377
-250.94000 -128.50000 1.50000 -274.2991
19.96000 -49.48000 1.50000 -189.0052
-195.55000 -35.66000 1.50000 -153.1220
-250.94000 -128.50000 1.50000 -274.2858
19.96000 -49.48000 1.50000 -188.9810
-195.55000 -35.66000 1.50000 -153.1062
-250.94000 -128.50000 1.50000 -274.2725
19.96000 -49.48000 1.50000 -188.9568
-195.55000 -35.66000 1.50000 -153.0904
-250.94000 -128.50000 1.50000 -274.2592
19.96000 -49.48000 1.50000 -188.9660
-195.55000 -35.66000 1.50000 -153.0936
-250.94000 -128.50000 1.50000 -274.2637
19.96000 -49.48000 1.50000 -188.9902
-195.55000 -35.66000 1.50000 -153.1093
-250.94000 -128.50000 1.50000 -274.2770
19.96000 -49.48000 1.50000 -189.0143
-195.55000 -35.66000 1.50000 -153.1251
-250.94000 -128.50000 1.50000 -274.2903
19.96000 -49.48000 1.50000 -189.0383
-195.55000 -35.66000 1.50000 -153.1408
-250.94000 -128.50000 1.50000 -274.3036
19.96000 -49.48000 1.50000 -189.0623
-195.55000 -35.66000 1.50000 -153.1565
-250.94000 -128.50000 1.50000 -274.3169
19.96000 -49.48000 1.50000 -189.0863
-195.55000 -35.66000 1.50000 -153.1722
-250.94000 -128.50000 1.50000 -274.3301
19.96000 -49.48000 1.50000 -189.1102
-195.55000 -35.66000 1.50000 -153.1879
-250.94000 -128.50000 1.50000 -274.3433
19.96000 -49.48000 1.50000 -189.1340
-195.55000 -35.66000 1.50000 -153.2035
-250.94000 -128.50000 1.50000 -274.3566
19.96000 -49.48000 1.50000 -189.1578
-195.55000 -35.66000 1.50000 -153.2191
-250.94000 -128.50000 1.50000 -274.3698
19.96000 -49.48000 1.50000 -189.1815
-195.55000 -35.66000 1.50000 -193.2346
-250.94000 -128.50000 1.50000 -274.3829
19.96000 -49.48000 1.50000 -189.2052
-195.55000 -35.66000 1.50000 -193.2502
-250.94000 -128.50000 1.50000 -274.3961
19.96000 -49.48000 1.50000 -189.2288
-195.55000 -35.66000 1.50000 -193.2657
-250.94000 -128.50000 1.50000 -274.4092
19.96000 -49.48000 1.50000 -189.2375
-195.55000 -35.66000 1.50000 -153.2687
-250.94000 -128.50000 1.50000 -274.4136
19.96000 -49.48000 1.50000 -189.2140
-195.55000 -35.66000 1.50000 -153.2532
-250.94000 -128.50000 1.50000 -274.4005
19.96000 -49.48000 1.50000 -189.1903
-195.55000 -35.66000 1.50000 -153.2377
-250.94000 -128.50000 1.50000 -274.3874
19.96000 -49.48000 1.50000 -189.1667
-195.55000 -35.66000 1.50000 -153.2222
-250.94000 -128.50000 1.50000 -274.3742
19.96000 -49.48000 1.50000 -189.1429
-195.55000 -35.66000 1.50000 -153.2066
-250.94000 -128.50000 1.50000 -274.3610
19.96000 -49.48000 1.50000 -189.1192
-195.55000 -35.66000 1.50000 -153.1910
-250.94000 -128.50000 1.50000 -274.3478
19.96000 -49.48000 1.50000 -189.0953
-195.55000 -35.66000 1.50000 -153.1753
-250.94000 -128.50000 1.50000 -274.3346
19.96000 -49.48000 1.50000 -189.0714
-195.55000 -35.66000 1.50000 -153.1597
-250.94000 -128.50000 1.50000 -274.3214
19.96000 -49.48000 1.50000 -189.0475
-195.55000 -35.66000 1.50000 -153.1440
-250.94000 -128.50000 1.50000 -274.3081
19.96000 -49.48000 1.50000 -189.0566
-195.55000 -35.66000 1.50000 -153.1471
-250.94000 -128.50000 1.50000 -274.3126
19.96000 -49.48000 1.50000 -189.0805
-195.55000 -35.66000 1.50000 -153.1628
-250.94000 -128.50000 1.50000 -274.3259
19.96000 -49.48000 1.50000 -189.1044
-195.55000 -35.66000 1.50000 -153.1785
-250.94000 -128.50000 1.50000 -274.3391
19.96000 -49.48000 1.50000 -189.1282
-195.55000 -35.66000 1.50000 -153.1941
-250.94000 -128.50000 1.50000 -274.3523
19.96000 -49.48000 1.50000 -189.1519
-195.55000 -35.66000 1.50000 -153.2097
-250.94000 -128.50000 1.50000 -274.3655
19.96000 -49.48000 1.50000 -189.1756
-195.55000 -35.66000 1.50000 -153.2253
-250.94000 -128.50000 1.50000 -274.3786
19.96000 -49.48000 1.50000 -189.1992
-195.55000 -35.66000 1.50000 -153.2408
-250.94000 -128.50000 1.50000 -274.3918
19.96000 -49.48000 1.50000 -189.2228
-195.55000 -35.66000 1.50000 -153.2563
-250.94000 -128.50000 1.50000 -274.4049
19.96000 -49.48000 1.50000 -189.2463
-195.55000 -35.66000 1.50000 -153.2718
-250.94000 -128.50000 1.50000 -274.4180
19.96000 -49.48000 1.50000 -189.2698
-195.55000 -35.66000 1.50000 -153.2873
-250.94000 -128.50000 1.50000 -274.4312
19.96000 -49.48000 1.50000 -189.2932
-195.55000 -35.66000 1.50000 -153.3027
-250.94000 -128.50000 1.50000 -274.4442
19.96000 -49.48000 1.50000 -189.3019
-195.55000 -35.66000 1.50000 -153.3058
-250.94000 -128.50000 1.50000 -274.4486
19.96000 -49.48000 1.50000 -189.2785
-195.55000 -35.66000 1.50000 -153.2904
-250.94000 -128.50000 1.50000 -274.4355
19.96000 -49.48000 1.50000 -189.2551
-195.55000 -35.66000 1.50000 -153.2749
-250.94000 -128.50000 1.50000 -274.4225
19.96000 -49.48000 1.50000 -189.2317
-195.55000 -35.66000 1.50000 -153.2594
-250.94000 -128.50000 1.50000 -274.4094
19.96000 -49.48000 1.50000 -189.2081
-195.55000 -35.66000 1.50000 -153.2439
-250.94000 -128.50000 1.50000 -274.3962
19.96000 -49.48000 1.50000 -189.1846
-195.55000 -35.66000 1.50000 -153.2284
-250.94000 -128.50000 1.50000 -274.3831
19.96000 -49.48000 1.50000 -189.1609
-195.55000 -35.66000 1.50000 -153.2128
-250.94000 -128.50000 1.50000 -274.3699
19.96000 -49.48000 1.50000 -189.1373
-195.55000 -35.66000 1.50000 -153.1973
-250.94000 -128.50000 1.50000 -274.3568
19.96000 -49.48000 1.50000 -189.1135
-195.55000 -35.66000 1.50000 -153.1816
-250.94000 -128.50000 1.50000 -274.3436
19.96000 -49.48000 1.50000 -189.1227
-195.55000 -35.66000 1.50000 -153.1848
-250.94000 -128.50000 1.50000 -274.3481
19.96000 -49.48000 1.50000 -189.1464
-195.55000 -35.66000 1.50000 -153.2004
-250.94000 -128.50000 1.50000 -274.3613
19.96000 -49.48000 1.50000 -189.1700
-195.55000 -35.66000 1.50000 -153.2160
-250.94000 -128.50000 1.50000 -274.3745
19.96000 -49.48000 1.50000 -189.1936
-195.55000 -35.66000 1.50000 -153.2316
-250.94000 -128.50000 1.50000 -274.3876
19.96000 -49.48000 1.50000 -189.2171
-195.55000 -35.66000 1.50000 -153.2471
-250.94000 -128.50000 1.50000 -274.4007
19.96000 -49.48000 1.50000 -189.2406
-195.55000 -35.66000 1.50000 -153.2626
-250.94000 -128.50000 1.50000 -274.4138
19.96000 -49.48000 1.50000 -189.2640
-195.55000 -35.66000 1.50000 -153.2780
-250.94000 -128.50000 1.50000 -274.4269
19.96000 -49.48000 1.50000 -189.2874
-195.55000 -35.66000 1.50000 -153.2935
-250.94000 -128.50000 1.50000 -274.4400
19.96000 -49.48000 1.50000 -189.3107
-195.55000 -35.66000 1.50000 -153.3089
-250.94000 -128.50000 1.50000 -274.4530
19.96000 -49.48000 1.50000 -189.3340
-195.55000 -35.66000 1.50000 -153.3243
-250.94000 -128.50000 1.50000 -274.4661
19.96000 -49.48000 1.50000 -189.3572
-195.55000 -35.66000 1.50000 -153.3397
-250.94000 -128.50000 1.50000 -274.4791
19.96000 -49.48000 1.50000 -189.3803
-195.55000 -35.66000 1.50000 -153.3550
-250.94000 -128.50000 1.50000 -274.4921
19.96000 -49.48000 1.50000 -189.3890
-195.55000 -35.66000 1.50000 -153.3581
-250.94000 -128.50000 1.50000 -274.4965
19.96000 -49.48000 1.50000 -189.3659
-195.55000 -35.66000 1.50000 -153.3428
-250.94000 -128.50000 1.50000 -274.4835
19.96000 -49.48000 1.50000 -189.3427
-195.55000 -35.66000 1.50000 -153.3274
-250.94000 -128.50000 1.50000 -274.4705
19.96000 -49.48000 1.50000 -189.3195
-195.55000 -35.66000 1.50000 -153.3120
-250.94000 -128.50000 1.50000 -274.4575
19.96000 -49.48000 1.50000 -189.2963
-195.55000 -35.66000 1.50000 -153.2966
-250.94000 -128.50000 1.50000 -274.4444
19.96000 -49.48000 1.50000 -189.2730
-195.55000 -35.66000 1.50000 -153.2812
-250.94000 -128.50000 1.50000 -274.4314
19.96000 -49.48000 1.50000 -189.2496
-195.55000 -35.66000 1.50000 -153.2657
-250.94000 -128.50000 1.50000 -274.4183
19.96000 -49.48000 1.50000 -189.2262
-195.55000 -35.66000 1.50000 -153.2503
-250.94000 -128.50000 1.50000 -274.4052
19.96000 -49.48000 1.50000 -189.2027
-195.55000 -35.66000 1.50000 -153.2347
-250.94000 -128.50000 1.50000 -274.3921
19.96000 -49.48000 1.50000 -189.1792
-195.55000 -35.66000 1.50000 -153.2192
-250.94000 -128.50000 1.50000 -274.3790
19.96000 -49.48000 1.50000 -189.1883
-195.55000 -35.66000 1.50000 -153.2224
-250.94000 -128.50000 1.50000 -274.3835
19.96000 -49.48000 1.50000 -189.2118
-195.55000 -35.66000 1.50000 -153.2380
-250.94000 -128.50000 1.50000 -274.3966
19.96000 -49.48000 1.50000 -189.2353
-195.55000 -35.66000 1.50000 -153.2535
-250.94000 -128.50000 1.50000 -274.4097
19.96000 -49.48000 1.50000 -189.2586
-195.55000 -35.66000 1.50000 -153.2689
-250.94000 -128.50000 1.50000 -274.4228
19.96000 -49.48000 1.50000 -189.2820
-195.55000 -35.66000 1.50000 -153.2844
-250.94000 -128.50000 1.50000 -274.4359
19.96000 -49.48000 1.50000 -189.3052
-195.55000 -35.66000 1.50000 -153.2998
-250.94000 -128.50000 1.50000 -274.4489
19.96000 -49.48000 1.50000 -189.3284
-195.55000 -35.66000 1.50000 -153.3152
-250.94000 -128.50000 1.50000 -274.4619
19.96000 -49.48000 1.50000 -189.3516
-195.55000 -35.66000 1.50000 -153.3306
-250.94000 -128.50000 1.50000 -274.4749
19.96000 -49.48000 1.50000 -189.3747
-195.55000 -35.66000 1.50000 -153.3459
-250.94000 -128.50000 1.50000 -274.4879
19.96000 -49.48000 1.50000 -189.3978
-195.55000 -35.66000 1.50000 -153.3612
-250.94000 -128.50000 1.50000 -274.5009
19.96000 -49.48000 1.50000 -189.4208
-195.55000 -35.66000 1.50000 -153.3765
-250.94000 -128.50000 1.50000 -274.5139
19.96000 -49.48000 1.50000 -189.4437
-195.55000 -35.66000 1.50000 -153.3918
-250.94000 -128.50000 1.50000 -274.5268
19.96000 -49.48000 1.50000 -189.4525
-195.55000 -35.66000 1.50000 -153.3949
-250.94000 -128.50000 1.50000 -274.5312
19.96000 -49.48000 1.50000 -189.4295
-195.55000 -35.66000 1.50000 -153.3797
-250.94000 -128.50000 1.50000 -274.5183
19.96000 -49.48000 1.50000 -189.4066
-195.55000 -35.66000 1.50000 -153.3644
-250.94000 -128.50000 1.50000 -274.5053
19.96000 -49.48000 1.50000 -189.3836
-195.55000 -35.66000 1.50000 -153.3491
-250.94000 -128.50000 1.50000 -274.4924
19.96000 -49.48000 1.50000 -189.3605
-195.55000 -35.66000 1.50000 -153.3337
-250.94000 -128.50000 1.50000 -274.4794
19.96000 -49.48000 1.50000 -189.3374
-195.55000 -35.66000 1.50000 -153.3184
-250.94000 -128.50000 1.50000 -274.4664
19.96000 -49.48000 1.50000 -189.3142
-195.55000 -35.66000 1.50000 -153.3030
-250.94000 -128.50000 1.50000 -274.4534
19.96000 -49.48000 1.50000 -189.2910
-195.55000 -35.66000 1.50000 -153.2876
-250.94000 -128.50000 1.50000 -274.4404
19.96000 -49.48000 1.50000 -189.2677
-195.55000 -35.66000 1.50000 -153.2722
-250.94000 -128.50000 1.50000 -274.4273
19.96000 -49.48000 1.50000 -189.2444
-195.55000 -35.66000 1.50000 -193.2567
-250.94000 -128.50000 1.50000 -274.4142
19.96000 -49.48000 1.50000 -189.2536
-195.55000 -35.66000 1.50000 -193.2599
-250.94000 -128.50000 1.50000 -274.4188
19.96000 -49.48000 1.50000 -189.2769
-195.55000 -35.66000 1.50000 -193.2754
-250.94000 -128.50000 1.50000 -274.4318
19.96000 -49.48000 1.50000 -189.3001
-195.55000 -35.66000 1.50000 -193.2908
-250.94000 -128.50000 1.50000 -274.4449
19.96000 -49.48000 1.50000 -189.3233
-195.55000 -35.66000 1.50000 -193.3062
-250.94000 -128.50000 1.50000 -274.4579
19.96000 -49.48000 1.50000 -189.3464
-195.55000 -35.66000 1.50000 -193.3216
-250.94000 -128.50000 1.50000 -274.4709
19.96000 -49.48000 1.50000 -189.3695
-195.55000 -35.66000 1.50000 -193.3369
-250.94000 -128.50000 1.50000 -274.4839
19.96000 -49.48000 1.50000 -189.3925
-195.55000 -35.66000 1.50000 -153.3523
-250.94000 -128.50000 1.50000 -274.4968
19.96000 -49.48000 1.50000 -189.4154
-195.55000 -35.66000 1.50000 -153.3676
-250.94000 -128.50000 1.50000 -274.5098
19.96000 -49.48000 1.50000 -189.4384
-195.55000 -35.66000 1.50000 -153.3828
-250.94000 -128.50000 1.50000 -274.5227
19.96000 -49.48000 1.50000 -189.4612
-195.55000 -35.66000 1.50000 -153.3981
-250.94000 -128.50000 1.50000 -274.5356
19.96000 -49.48000 1.50000 -189.4840
-195.55000 -35.66000 1.50000 -153.4133
-250.94000 -128.50000 1.50000 -274.5485
19.96000 -49.48000 1.50000 -189.4928
-195.55000 -35.66000 1.50000 -153.4164
-250.94000 -128.50000 1.50000 -274.5530
19.96000 -49.48000 1.50000 -189.5016
-195.55000 -35.66000 1.50000 -193.4196
-250.94000 -128.50000 1.50000 -274.5574
19.96000 -49.48000 1.50000 -189.5105
-195.55000 -35.66000 1.50000 -193.4229
-250.94000 -128.50000 1.50000 -274.5619
19.96000 -49.48000 1.50000 -189.5194
-195.55000 -35.66000 1.50000 -233.4261
-250.94000 -128.50000 1.50000 -274.5663
19.96000 -49.48000 1.50000 -189.5284
-195.55000 -35.66000 1.50000 -273.4294
-250.94000 -128.50000 1.50000 -234.5708
19.96000 -49.48000 1.50000 -189.5374
-195.55000 -35.66000 1.50000 -273.4327
-250.94000 -128.50000 1.50000 -234.5753
19.96000 -49.48000 1.50000 -189.5465
-195.55000 -35.66000 1.50000 -273.4360
-250.94000 -128.50000 1.50000 -234.5798
19.96000 -49.48000 1.50000 -189.6449
-195.55000 -35.66000 1.50000 -273.4996
-250.94000 -128.50000 1.50000 -234.6354
19.96000 -49.48000 1.50000 -189.6671
-195.55000 -35.66000 1.50000 -273.5146
-250.94000 -128.50000 1.50000 -234.6481
19.96000 -49.48000 1.50000 -189.6892
-195.55000 -35.66000 1.50000 -273.5296
-250.94000 -128.50000 1.50000 -234.6608
19.96000 -49.48000 1.50000 -189.7113
-195.55000 -35.66000 1.50000 -273.5445
-250.94000 -128.50000 1.50000 -234.6735
19.96000 -49.48000 1.50000 -189.7334
-195.55000 -35.66000 1.50000 -273.5594
-250.94000 -128.50000 1.50000 -234.6862
19.96000 -49.48000 1.50000 -189.7554
-195.55000 -35.66000 1.50000 -273.5743
-250.94000 -128.50000 1.50000 -234.6988
19.96000 -49.48000 1.50000 -189.7642
-195.55000 -35.66000 1.50000 -273.5776
-250.94000 -128.50000 1.50000 -234.7032