19.96000 -49.48000 1.50000 -168.7354
-195.55000 -35.66000 1.50000 -252.9085
-250.94000 -128.50000 1.50000 -294.1267
19.96000 -49.48000 1.50000 -168.7460
-195.55000 -35.66000 1.50000 -212.9122
-250.94000 -128.50000 1.50000 -294.1316
19.96000 -49.48000 1.50000 -168.7216
-195.55000 -35.66000 1.50000 -212.8961
-250.94000 -128.50000 1.50000 -294.1182
19.96000 -49.48000 1.50000 -128.7323
-195.55000 -35.66000 1.50000 -212.8998
-250.94000 -128.50000 1.50000 -294.1231
19.96000 -49.48000 1.50000 -168.7566
-195.55000 -35.66000 1.50000 -212.9158
-250.94000 -128.50000 1.50000 -294.1365
19.96000 -49.48000 1.50000 -168.7809
-195.55000 -35.66000 1.50000 -212.9318
-250.94000 -128.50000 1.50000 -294.1499
19.96000 -49.48000 1.50000 -168.8050
-195.55000 -35.66000 1.50000 -212.9478
-250.94000 -128.50000 1.50000 -294.1633
19.96000 -49.48000 1.50000 -128.8156
-195.55000 -35.66000 1.50000 -212.9514
-250.94000 -128.50000 1.50000 -294.1682
19.96000 -49.48000 1.50000 -128.7915
-195.55000 -35.66000 1.50000 -212.9355
-250.94000 -128.50000 1.50000 -294.1549
19.96000 -49.48000 1.50000 -128.7673
-195.55000 -35.66000 1.50000 -212.9195
-250.94000 -128.50000 1.50000 -254.1415
19.96000 -49.48000 1.50000 -128.7431
-195.55000 -35.66000 1.50000 -212.9035
-250.94000 -128.50000 1.50000 -254.1281
19.96000 -49.48000 1.50000 -128.7188
-195.55000 -35.66000 1.50000 -212.8874
-250.94000 -128.50000 1.50000 -254.1147
19.96000 -49.48000 1.50000 -128.6945
-195.55000 -35.66000 1.50000 -212.8713
-250.94000 -128.50000 1.50000 -254.1013
19.96000 -49.48000 1.50000 -168.7054
-195.55000 -35.66000 1.50000 -172.8751
-250.94000 -128.50000 1.50000 -254.1063
19.96000 -49.48000 1.50000 -168.7297
-195.55000 -35.66000 1.50000 -172.8912
-250.94000 -128.50000 1.50000 -254.1197
19.96000 -49.48000 1.50000 -168.7539
-195.55000 -35.66000 1.50000 -172.9072
-250.94000 -128.50000 1.50000 -254.1331
19.96000 -49.48000 1.50000 -168.7781
-195.55000 -35.66000 1.50000 -172.9232
-250.94000 -128.50000 1.50000 -254.1465
19.96000 -49.48000 1.50000 -168.8022
-195.55000 -35.66000 1.50000 -212.9392
-250.94000 -128.50000 1.50000 -254.1598
19.96000 -49.48000 1.50000 -168.8262
-195.55000 -35.66000 1.50000 -212.9551
-250.94000 -128.50000 1.50000 -254.1732
19.96000 -49.48000 1.50000 -128.8503
-195.55000 -35.66000 1.50000 -212.9711
-250.94000 -128.50000 1.50000 -254.1865
19.96000 -49.48000 1.50000 -128.8742
-195.55000 -35.66000 1.50000 -252.9870
-250.94000 -128.50000 1.50000 -294.1998
19.96000 -49.48000 1.50000 -168.8848
-195.55000 -35.66000 1.50000 -212.9906
-250.94000 -128.50000 1.50000 -254.2047
19.96000 -49.48000 1.50000 -168.8609
-195.55000 -35.66000 1.50000 -172.9747
-250.94000 -128.50000 1.50000 -254.1914
19.96000 -49.48000 1.50000 -168.8369
-195.55000 -35.66000 1.50000 -172.9588
-250.94000 -128.50000 1.50000 -254.1781
19.96000 -49.48000 1.50000 -168.8129
-195.55000 -35.66000 1.50000 -172.9429
-250.94000 -128.50000 1.50000 -254.1648
19.96000 -49.48000 1.50000 -168.7889
-195.55000 -35.66000 1.50000 -172.9269
-250.94000 -128.50000 1.50000 -254.1515
19.96000 -49.48000 1.50000 -168.7648
-195.55000 -35.66000 1.50000 -172.9109
-250.94000 -128.50000 1.50000 -254.1381
19.96000 -49.48000 1.50000 -168.7406
-195.55000 -35.66000 1.50000 -172.8949
-250.94000 -128.50000 1.50000 -254.1247
19.96000 -49.48000 1.50000 -168.7164
-195.55000 -35.66000 1.50000 -172.8789
-250.94000 -128.50000 1.50000 -254.1113
19.96000 -49.48000 1.50000 -168.6921
-195.55000 -35.66000 1.50000 -172.8628
-250.94000 -128.50000 1.50000 -254.0979
19.96000 -49.48000 1.50000 -168.7032
-195.55000 -35.66000 1.50000 -172.8666
-250.94000 -128.50000 1.50000 -254.1030
19.96000 -49.48000 1.50000 -168.7274
-195.55000 -35.66000 1.50000 -172.8827
-250.94000 -128.50000 1.50000 -254.1164
19.96000 -49.48000 1.50000 -168.7516
-195.55000 -35.66000 1.50000 -172.8987
-250.94000 -128.50000 1.50000 -254.1298
19.96000 -49.48000 1.50000 -168.7757
-195.55000 -35.66000 1.50000 -172.9147
-250.94000 -128.50000 1.50000 -254.1431
19.96000 -49.48000 1.50000 -168.7997
-195.55000 -35.66000 1.50000 -172.9307
-250.94000 -128.50000 1.50000 -254.1565
19.96000 -49.48000 1.50000 -168.8237
-195.55000 -35.66000 1.50000 -172.9467
-250.94000 -128.50000 1.50000 -254.1698
19.96000 -49.48000 1.50000 -168.8477
-195.55000 -35.66000 1.50000 -172.9626
-250.94000 -128.50000 1.50000 -254.1831
19.96000 -49.48000 1.50000 -168.8716
-195.55000 -35.66000 1.50000 -172.9785
-250.94000 -128.50000 1.50000 -254.1964
19.96000 -49.48000 1.50000 -168.8954
-195.55000 -35.66000 1.50000 -212.9944
-250.94000 -128.50000 1.50000 -254.2097
19.96000 -49.48000 1.50000 -168.9192
-195.55000 -35.66000 1.50000 -213.0102
-250.94000 -128.50000 1.50000 -254.2229
19.96000 -49.48000 1.50000 -168.9429
-195.55000 -35.66000 1.50000 -213.0260
-250.94000 -128.50000 1.50000 -254.2362
19.96000 -49.48000 1.50000 -168.9535
-195.55000 -35.66000 1.50000 -213.0297
-250.94000 -128.50000 1.50000 -254.2411
19.96000 -49.48000 1.50000 -168.9298
-195.55000 -35.66000 1.50000 -213.0139
-250.94000 -128.50000 1.50000 -254.2279
19.96000 -49.48000 1.50000 -168.9061
-195.55000 -35.66000 1.50000 -212.9981
-250.94000 -128.50000 1.50000 -254.2147
19.96000 -49.48000 1.50000 -168.8823
-195.55000 -35.66000 1.50000 -172.9822
-250.94000 -128.50000 1.50000 -254.2014
19.96000 -49.48000 1.50000 -168.8585
-195.55000 -35.66000 1.50000 -172.9663
-250.94000 -128.50000 1.50000 -254.1881
19.96000 -49.48000 1.50000 -168.8346
-195.55000 -35.66000 1.50000 -172.9504
-250.94000 -128.50000 1.50000 -254.1748
19.96000 -49.48000 1.50000 -168.8106
-195.55000 -35.66000 1.50000 -172.9345
-250.94000 -128.50000 1.50000 -254.1615
19.96000 -49.48000 1.50000 -168.7867
-195.55000 -35.66000 1.50000 -172.9185
-250.94000 -128.50000 1.50000 -254.1482
19.96000 -49.48000 1.50000 -168.7626
-195.55000 -35.66000 1.50000 -172.9025
-250.94000 -128.50000 1.50000 -254.1348
19.96000 -49.48000 1.50000 -168.7737
-195.55000 -35.66000 1.50000 -172.9064
-250.94000 -128.50000 1.50000 -254.1399
19.96000 -49.48000 1.50000 -168.7977
-195.55000 -35.66000 1.50000 -172.9223
-250.94000 -128.50000 1.50000 -254.1532
19.96000 -49.48000 1.50000 -168.8216
-195.55000 -35.66000 1.50000 -172.9383
-250.94000 -128.50000 1.50000 -254.1666
19.96000 -49.48000 1.50000 -168.8455
-195.55000 -35.66000 1.50000 -172.9542
-250.94000 -128.50000 1.50000 -254.1798
19.96000 -49.48000 1.50000 -168.8693
-195.55000 -35.66000 1.50000 -172.9701
-250.94000 -128.50000 1.50000 -254.1931
19.96000 -49.48000 1.50000 -168.8931
-195.55000 -35.66000 1.50000 -172.9860
-250.94000 -128.50000 1.50000 -254.2064
19.96000 -49.48000 1.50000 -168.9168
-195.55000 -35.66000 1.50000 -173.0018
-250.94000 -128.50000 1.50000 -254.2196
19.96000 -49.48000 1.50000 -168.9405
-195.55000 -35.66000 1.50000 -173.0177
-250.94000 -128.50000 1.50000 -254.2329
19.96000 -49.48000 1.50000 -168.9641
-195.55000 -35.66000 1.50000 -173.0334
-250.94000 -128.50000 1.50000 -254.2461
19.96000 -49.48000 1.50000 -168.9877
-195.55000 -35.66000 1.50000 -173.0492
-250.94000 -128.50000 1.50000 -254.2593
19.96000 -49.48000 1.50000 -169.0112
-195.55000 -35.66000 1.50000 -213.0649
-250.94000 -128.50000 1.50000 -254.2724
19.96000 -49.48000 1.50000 -169.0217
-195.55000 -35.66000 1.50000 -173.0687
-250.94000 -128.50000 1.50000 -294.2774
19.96000 -49.48000 1.50000 -168.9983
-195.55000 -35.66000 1.50000 -173.0529
-250.94000 -128.50000 1.50000 -294.2642
19.96000 -49.48000 1.50000 -168.9747
-195.55000 -35.66000 1.50000 -173.0372
-250.94000 -128.50000 1.50000 -294.2510
19.96000 -49.48000 1.50000 -168.9512
-195.55000 -35.66000 1.50000 -173.0214
-250.94000 -128.50000 1.50000 -294.2379
19.96000 -49.48000 1.50000 -168.9276
-195.55000 -35.66000 1.50000 -173.0056
-250.94000 -128.50000 1.50000 -294.2246
19.96000 -49.48000 1.50000 -168.9039
-195.55000 -35.66000 1.50000 -172.9898
-250.94000 -128.50000 1.50000 -294.2114
19.96000 -49.48000 1.50000 -168.8802
-195.55000 -35.66000 1.50000 -172.9739
-250.94000 -128.50000 1.50000 -294.1982
19.96000 -49.48000 1.50000 -168.8564
-195.55000 -35.66000 1.50000 -172.9581
-250.94000 -128.50000 1.50000 -294.1849
19.96000 -49.48000 1.50000 -168.8326
-195.55000 -35.66000 1.50000 -172.9421
-250.94000 -128.50000 1.50000 -294.1716
19.96000 -49.48000 1.50000 -168.8437
-195.55000 -35.66000 1.50000 -172.9460
-250.94000 -128.50000 1.50000 -294.1767
19.96000 -49.48000 1.50000 -168.8674
-195.55000 -35.66000 1.50000 -172.9619
-250.94000 -128.50000 1.50000 -294.1899
19.96000 -49.48000 1.50000 -168.8911
-195.55000 -35.66000 1.50000 -172.9778
-250.94000 -128.50000 1.50000 -294.2032
19.96000 -49.48000 1.50000 -168.9148
-195.55000 -35.66000 1.50000 -172.9936
-250.94000 -128.50000 1.50000 -294.2164
19.96000 -49.48000 1.50000 -168.9384
-195.55000 -35.66000 1.50000 -173.0094
-250.94000 -128.50000 1.50000 -294.2297
19.96000 -49.48000 1.50000 -168.9620
-195.55000 -35.66000 1.50000 -173.0252
-250.94000 -128.50000 1.50000 -294.2429
19.96000 -49.48000 1.50000 -168.9855
-195.55000 -35.66000 1.50000 -173.0410
-250.94000 -128.50000 1.50000 -294.2560
19.96000 -49.48000 1.50000 -169.0089
-195.55000 -35.66000 1.50000 -173.0567
-250.94000 -128.50000 1.50000 -294.2692
19.96000 -49.48000 1.50000 -169.0323
-195.55000 -35.66000 1.50000 -173.0724
-250.94000 -128.50000 1.50000 -294.2823
19.96000 -49.48000 1.50000 -169.0557
-195.55000 -35.66000 1.50000 -173.0881
-250.94000 -128.50000 1.50000 -294.2955
19.96000 -49.48000 1.50000 -169.0790
-195.55000 -35.66000 1.50000 -173.1038
-250.94000 -128.50000 1.50000 -294.3086
19.96000 -49.48000 1.50000 -169.0895
-195.55000 -35.66000 1.50000 -173.1075
-250.94000 -128.50000 1.50000 -294.3135
19.96000 -49.48000 1.50000 -169.0663
-195.55000 -35.66000 1.50000 -173.0919
-250.94000 -128.50000 1.50000 -294.3004
19.96000 -49.48000 1.50000 -169.0430
-195.55000 -35.66000 1.50000 -173.0762
-250.94000 -128.50000 1.50000 -294.2873
19.96000 -49.48000 1.50000 -169.0196
-195.55000 -35.66000 1.50000 -173.0605
-250.94000 -128.50000 1.50000 -294.2742
19.96000 -49.48000 1.50000 -168.9962
-195.55000 -35.66000 1.50000 -173.0448
-250.94000 -128.50000 1.50000 -294.2610
19.96000 -49.48000 1.50000 -168.9728
-195.55000 -35.66000 1.50000 -173.0291
-250.94000 -128.50000 1.50000 -294.2479
19.96000 -49.48000 1.50000 -168.9493
-195.55000 -35.66000 1.50000 -173.0133
-250.94000 -128.50000 1.50000 -294.2347
19.96000 -49.48000 1.50000 -168.9257
-195.55000 -35.66000 1.50000 -172.9975
-250.94000 -128.50000 1.50000 -294.2215
19.96000 -49.48000 1.50000 -168.9021
-195.55000 -35.66000 1.50000 -172.9817
-250.94000 -128.50000 1.50000 -294.2083
19.96000 -49.48000 1.50000 -168.9367
-195.55000 -35.66000 1.50000 -173.0014
-250.94000 -128.50000 1.50000 -294.2266
19.96000 -49.48000 1.50000 -168.9602
-195.55000 -35.66000 1.50000 -173.0172
-250.94000 -128.50000 1.50000 -294.2397
19.96000 -49.48000 1.50000 -168.9836
-195.55000 -35.66000 1.50000 -173.0329
-250.94000 -128.50000 1.50000 -294.2529
19.96000 -49.48000 1.50000 -169.0070
-195.55000 -35.66000 1.50000 -173.0486
-250.94000 -128.50000 1.50000 -294.2661
19.96000 -49.48000 1.50000 -169.0304
-195.55000 -35.66000 1.50000 -173.0644
-250.94000 -128.50000 1.50000 -294.2792
19.96000 -49.48000 1.50000 -169.0537
-195.55000 -35.66000 1.50000 -173.0800
-250.94000 -128.50000 1.50000 -294.2923
19.96000 -49.48000 1.50000 -169.0769
-195.55000 -35.66000 1.50000 -173.0957
-250.94000 -128.50000 1.50000 -294.3054
19.96000 -49.48000 1.50000 -169.1001
-195.55000 -35.66000 1.50000 -173.1113
-250.94000 -128.50000 1.50000 -294.3185
19.96000 -49.48000 1.50000 -169.1232
-195.55000 -35.66000 1.50000 -173.1269
-250.94000 -128.50000 1.50000 -294.3315
19.96000 -49.48000 1.50000 -169.1463
-195.55000 -35.66000 1.50000 -173.1425
-250.94000 -128.50000 1.50000 -294.3446
19.96000 -49.48000 1.50000 -169.1568
-195.55000 -35.66000 1.50000 -173.1463
-250.94000 -128.50000 1.50000 -294.3495
19.96000 -49.48000 1.50000 -169.1338
-195.55000 -35.66000 1.50000 -173.1307
-250.94000 -128.50000 1.50000 -294.3365
19.96000 -49.48000 1.50000 -169.1107
-195.55000 -35.66000 1.50000 -173.1151
-250.94000 -128.50000 1.50000 -294.3235
19.96000 -49.48000 1.50000 -169.0876
-195.55000 -35.66000 1.50000 -173.0995
-250.94000 -128.50000 1.50000 -294.3104
19.96000 -49.48000 1.50000 -169.0644
-195.55000 -35.66000 1.50000 -173.0839
-250.94000 -128.50000 1.50000 -294.2973
19.96000 -49.48000 1.50000 -169.0412
-195.55000 -35.66000 1.50000 -173.0682
-250.94000 -128.50000 1.50000 -294.2842
19.96000 -49.48000 1.50000 -169.0179
-195.55000 -35.66000 1.50000 -213.0525
-250.94000 -128.50000 1.50000 -294.2711
19.96000 -49.48000 1.50000 -168.9822
-195.55000 -35.66000 1.50000 -213.0250
-250.94000 -128.50000 1.50000 -294.2499
19.96000 -49.48000 1.50000 -169.0055
-195.55000 -35.66000 1.50000 -213.0407
-250.94000 -128.50000 1.50000 -294.2631
19.96000 -49.48000 1.50000 -169.0288
-195.55000 -35.66000 1.50000 -213.0564
-250.94000 -128.50000 1.50000 -294.2762
19.96000 -49.48000 1.50000 -169.0752
-195.55000 -35.66000 1.50000 -213.0877
-250.94000 -128.50000 1.50000 -294.3024
19.96000 -49.48000 1.50000 -169.0983
-195.55000 -35.66000 1.50000 -213.1034
-250.94000 -128.50000 1.50000 -294.3154
19.96000 -49.48000 1.50000 -169.1214
-195.55000 -35.66000 1.50000 -213.1190
-250.94000 -128.50000 1.50000 -294.3285
19.96000 -49.48000 1.50000 -169.1444
-195.55000 -35.66000 1.50000 -173.1346
-250.94000 -128.50000 1.50000 -294.3415
19.96000 -49.48000 1.50000 -169.1674
-195.55000 -35.66000 1.50000 -173.1501
-250.94000 -128.50000 1.50000 -294.3545
19.96000 -49.48000 1.50000 -169.1780
-195.55000 -35.66000 1.50000 -213.1539
-250.94000 -128.50000 1.50000 -294.3595
19.96000 -49.48000 1.50000 -169.1551
-195.55000 -35.66000 1.50000 -213.1384
-250.94000 -128.50000 1.50000 -294.3465
19.96000 -49.48000 1.50000 -169.1091
-195.55000 -35.66000 1.50000 -213.1073
-250.94000 -128.50000 1.50000 -294.3204
19.96000 -49.48000 1.50000 -169.0860
-195.55000 -35.66000 1.50000 -213.0916
-250.94000 -128.50000 1.50000 -294.3074
19.96000 -49.48000 1.50000 -169.0629
-195.55000 -35.66000 1.50000 -213.0760
-250.94000 -128.50000 1.50000 -294.2943
19.96000 -49.48000 1.50000 -169.0398
-195.55000 -35.66000 1.50000 -213.0603
-250.94000 -128.50000 1.50000 -294.2813
19.96000 -49.48000 1.50000 -209.0508
-195.55000 -35.66000 1.50000 -213.0643
-250.94000 -128.50000 1.50000 -294.2863
19.96000 -49.48000 1.50000 -209.0739
-195.55000 -35.66000 1.50000 -213.0799
-250.94000 -128.50000 1.50000 -294.2994
19.96000 -49.48000 1.50000 -169.0969
-195.55000 -35.66000 1.50000 -213.0956
-250.94000 -128.50000 1.50000 -294.3124
19.96000 -49.48000 1.50000 -169.1199
-195.55000 -35.66000 1.50000 -213.1112
-250.94000 -128.50000 1.50000 -294.3255
19.96000 -49.48000 1.50000 -169.1429
-195.55000 -35.66000 1.50000 -213.1267
-250.94000 -128.50000 1.50000 -294.3385
19.96000 -49.48000 1.50000 -169.1658
-195.55000 -35.66000 1.50000 -213.1423
-250.94000 -128.50000 1.50000 -294.3515
19.96000 -49.48000 1.50000 -169.1994
-195.55000 -35.66000 1.50000 -213.1617
-250.94000 -128.50000 1.50000 -294.3695
19.96000 -49.48000 1.50000 -169.1766
-195.55000 -35.66000 1.50000 -213.1462
-250.94000 -128.50000 1.50000 -294.3566
19.96000 -49.48000 1.50000 -169.1537
-195.55000 -35.66000 1.50000 -213.1306
-250.94000 -128.50000 1.50000 -294.3436
19.96000 -49.48000 1.50000 -209.1308
-195.55000 -35.66000 1.50000 -213.1151
-250.94000 -128.50000 1.50000 -294.3306
19.96000 -49.48000 1.50000 -209.1079
-195.55000 -35.66000 1.50000 -213.0995
-250.94000 -128.50000 1.50000 -294.3175
19.96000 -49.48000 1.50000 -209.1189
-195.55000 -35.66000 1.50000 -213.1035
-250.94000 -128.50000 1.50000 -294.3226
19.96000 -49.48000 1.50000 -209.1418
-195.55000 -35.66000 1.50000 -213.1190
-250.94000 -128.50000 1.50000 -294.3356
19.96000 -49.48000 1.50000 -209.1646
-195.55000 -35.66000 1.50000 -213.1346
-250.94000 -128.50000 1.50000 -294.3486
19.96000 -49.48000 1.50000 -209.1874
-195.55000 -35.66000 1.50000 -213.1501
-250.94000 -128.50000 1.50000 -294.3616
19.96000 -49.48000 1.50000 -169.2102
-195.55000 -35.66000 1.50000 -213.1656
-250.94000 -128.50000 1.50000 -294.3746
19.96000 -49.48000 1.50000 -209.2210
-195.55000 -35.66000 1.50000 -213.1696
-250.94000 -128.50000 1.50000 -294.3796
19.96000 -49.48000 1.50000 -209.1983
-195.55000 -35.66000 1.50000 -213.1541
-250.94000 -128.50000 1.50000 -294.3667
19.96000 -49.48000 1.50000 -209.2092
-195.55000 -35.66000 1.50000 -213.1581
-250.94000 -128.50000 1.50000 -294.3718
19.96000 -49.48000 1.50000 -209.2318
-195.55000 -35.66000 1.50000 -213.1735
-250.94000 -128.50000 1.50000 -294.3847
19.96000 -49.48000 1.50000 -209.2761
-195.55000 -35.66000 1.50000 -173.1969
-250.94000 -128.50000 1.50000 -294.4077
19.96000 -49.48000 1.50000 -209.3318
-195.55000 -35.66000 1.50000 -173.2317
-250.94000 -128.50000 1.50000 -294.4385
19.96000 -49.48000 1.50000 -209.3426
-195.55000 -35.66000 1.50000 -173.2357
-250.94000 -128.50000 1.50000 -294.4436
19.96000 -49.48000 1.50000 -209.3649
-195.55000 -35.66000 1.50000 -173.2510
-250.94000 -128.50000 1.50000 -294.4564
19.96000 -49.48000 1.50000 -209.3871
-195.55000 -35.66000 1.50000 -173.2663
-250.94000 -128.50000 1.50000 -294.4692
19.96000 -49.48000 1.50000 -209.4092
-195.55000 -35.66000 1.50000 -173.2816
-250.94000 -128.50000 1.50000 -294.4820
19.96000 -49.48000 1.50000 -209.4860
-195.55000 -35.66000 1.50000 -173.3311
-250.94000 -128.50000 1.50000 -294.5252
19.96000 -49.48000 1.50000 -209.4641
-195.55000 -35.66000 1.50000 -173.3160
-250.94000 -128.50000 1.50000 -294.5125
19.96000 -49.48000 1.50000 -209.4420
-195.55000 -35.66000 1.50000 -173.3008
-250.94000 -128.50000 1.50000 -294.4998
19.96000 -49.48000 1.50000 -209.4200
-195.55000 -35.66000 1.50000 -173.2856
-250.94000 -128.50000 1.50000 -294.4870
19.96000 -49.48000 1.50000 -209.3979
-195.55000 -35.66000 1.50000 -173.2703
-250.94000 -128.50000 1.50000 -294.4742
19.96000 -49.48000 1.50000 -209.4087
-195.55000 -35.66000 1.50000 -173.2744
-250.94000 -128.50000 1.50000 -294.4794
19.96000 -49.48000 1.50000 -209.4308
-195.55000 -35.66000 1.50000 -173.2896
-250.94000 -128.50000 1.50000 -294.4921
19.96000 -49.48000 1.50000 -209.4528
-195.55000 -35.66000 1.50000 -173.3048
-250.94000 -128.50000 1.50000 -294.5048
19.96000 -49.48000 1.50000 -209.4747
-195.55000 -35.66000 1.50000 -173.3200
-250.94000 -128.50000 1.50000 -294.5175
19.96000 -49.48000 1.50000 -209.4966
-195.55000 -35.66000 1.50000 -173.3351
-250.94000 -128.50000 1.50000 -294.5302
19.96000 -49.48000 1.50000 -209.5185
-195.55000 -35.66000 1.50000 -173.3503
-250.94000 -128.50000 1.50000 -294.5429
19.96000 -49.48000 1.50000 -209.5403
-195.55000 -35.66000 1.50000 -173.3654
-250.94000 -128.50000 1.50000 -294.5556
19.96000 -49.48000 1.50000 -209.6160
-195.55000 -35.66000 1.50000 -173.4145
-250.94000 -128.50000 1.50000 -294.5984
19.96000 -49.48000 1.50000 -209.6264
-195.55000 -35.66000 1.50000 -173.4185
-250.94000 -128.50000 1.50000 -294.6034
19.96000 -49.48000 1.50000 -209.6369
-195.55000 -35.66000 1.50000 -173.4225
-250.94000 -128.50000 1.50000 -294.6084
19.96000 -49.48000 1.50000 -209.6154
-195.55000 -35.66000 1.50000 -173.4075
-250.94000 -128.50000 1.50000 -294.5959
19.96000 -49.48000 1.50000 -209.5938
-195.55000 -35.66000 1.50000 -173.3924
-250.94000 -128.50000 1.50000 -294.5833
19.96000 -49.48000 1.50000 -209.5721
-195.55000 -35.66000 1.50000 -173.3774
-250.94000 -128.50000 1.50000 -294.5707
19.96000 -49.48000 1.50000 -209.5505
-195.55000 -35.66000 1.50000 -173.3624
-250.94000 -128.50000 1.50000 -294.5580
19.96000 -49.48000 1.50000 -209.5287
-195.55000 -35.66000 1.50000 -173.3473
-250.94000 -128.50000 1.50000 -294.5454
19.96000 -49.48000 1.50000 -209.5828
-195.55000 -35.66000 1.50000 -173.3815
-250.94000 -128.50000 1.50000 -294.5757
19.96000 -49.48000 1.50000 -209.6044
-195.55000 -35.66000 1.50000 -173.3965
-250.94000 -128.50000 1.50000 -294.5883
19.96000 -49.48000 1.50000 -209.6259
-195.55000 -35.66000 1.50000 -173.4115
-250.94000 -128.50000 1.50000 -294.6009
19.96000 -49.48000 1.50000 -209.6043
-195.55000 -35.66000 1.50000 -173.3897
-250.94000 -128.50000 1.50000 -294.5859