19.96000 -49.48000 1.50000 -164.3345
-195.55000 -35.66000 1.50000 -210.3748
-250.94000 -128.50000 1.50000 -251.9972
19.96000 -49.48000 1.50000 -164.3724
-195.55000 -35.66000 1.50000 -210.3963
-250.94000 -128.50000 1.50000 -252.0141
19.96000 -49.48000 1.50000 -164.4102
-195.55000 -35.66000 1.50000 -210.4177
-250.94000 -128.50000 1.50000 -252.0310
19.96000 -49.48000 1.50000 -164.4479
-195.55000 -35.66000 1.50000 -210.4391
-250.94000 -128.50000 1.50000 -252.0479
19.96000 -49.48000 1.50000 -164.4855
-195.55000 -35.66000 1.50000 -210.4604
-250.94000 -128.50000 1.50000 -252.0647
19.96000 -49.48000 1.50000 -164.5230
-195.55000 -35.66000 1.50000 -210.4817
-250.94000 -128.50000 1.50000 -292.0815
19.96000 -49.48000 1.50000 -164.5604
-195.55000 -35.66000 1.50000 -210.5029
-250.94000 -128.50000 1.50000 -292.0983
19.96000 -49.48000 1.50000 -164.5977
-195.55000 -35.66000 1.50000 -170.5240
-250.94000 -128.50000 1.50000 -252.1150
19.96000 -49.48000 1.50000 -164.6348
-195.55000 -35.66000 1.50000 -170.5452
-250.94000 -128.50000 1.50000 -252.1317
19.96000 -49.48000 1.50000 -164.6719
-195.55000 -35.66000 1.50000 -170.5663
-250.94000 -128.50000 1.50000 -252.1484
19.96000 -49.48000 1.50000 -164.7088
-195.55000 -35.66000 1.50000 -170.5873
-250.94000 -128.50000 1.50000 -252.1651
19.96000 -49.48000 1.50000 -164.7457
-195.55000 -35.66000 1.50000 -170.6082
-250.94000 -128.50000 1.50000 -252.1818
19.96000 -49.48000 1.50000 -164.7824
-195.55000 -35.66000 1.50000 -170.6292
-250.94000 -128.50000 1.50000 -252.1984
19.96000 -49.48000 1.50000 -164.8190
-195.55000 -35.66000 1.50000 -170.6501
-250.94000 -128.50000 1.50000 -252.2150
19.96000 -49.48000 1.50000 -164.8555
-195.55000 -35.66000 1.50000 -170.6709
-250.94000 -128.50000 1.50000 -252.2315
19.96000 -49.48000 1.50000 -164.8920
-195.55000 -35.66000 1.50000 -170.6917
-250.94000 -128.50000 1.50000 -252.2480
19.96000 -49.48000 1.50000 -164.9283
-195.55000 -35.66000 1.50000 -170.7124
-250.94000 -128.50000 1.50000 -252.2646
19.96000 -49.48000 1.50000 -164.9644
-195.55000 -35.66000 1.50000 -170.7331
-250.94000 -128.50000 1.50000 -252.2810
19.96000 -49.48000 1.50000 -165.0005
-195.55000 -35.66000 1.50000 -130.7538
-250.94000 -128.50000 1.50000 -252.2975
19.96000 -49.48000 1.50000 -165.0365
-195.55000 -35.66000 1.50000 -130.7744
-250.94000 -128.50000 1.50000 -252.3139
19.96000 -49.48000 1.50000 -165.0724
-195.55000 -35.66000 1.50000 -130.7949
-250.94000 -128.50000 1.50000 -252.3303
19.96000 -49.48000 1.50000 -165.1082
-195.55000 -35.66000 1.50000 -130.8154
-250.94000 -128.50000 1.50000 -252.3467
19.96000 -49.48000 1.50000 -165.1438
-195.55000 -35.66000 1.50000 -130.8359
-250.94000 -128.50000 1.50000 -252.3630
19.96000 -49.48000 1.50000 -165.1794
-195.55000 -35.66000 1.50000 -130.8563
-250.94000 -128.50000 1.50000 -252.3794
19.96000 -49.48000 1.50000 -165.2149
-195.55000 -35.66000 1.50000 -130.8766
-250.94000 -128.50000 1.50000 -252.3957
19.96000 -49.48000 1.50000 -165.2502
-195.55000 -35.66000 1.50000 -130.8970
-250.94000 -128.50000 1.50000 -252.4119
19.96000 -49.48000 1.50000 -165.2854
-195.55000 -35.66000 1.50000 -130.9173
-250.94000 -128.50000 1.50000 -292.4282
19.96000 -49.48000 1.50000 -165.3206
-195.55000 -35.66000 1.50000 -130.9375
-250.94000 -128.50000 1.50000 -252.4444
19.96000 -49.48000 1.50000 -125.3556
-195.55000 -35.66000 1.50000 -130.9577
-250.94000 -128.50000 1.50000 -252.4606
19.96000 -49.48000 1.50000 -125.3906
-195.55000 -35.66000 1.50000 -130.9778
-250.94000 -128.50000 1.50000 -252.4768
19.96000 -49.48000 1.50000 -125.4254
-195.55000 -35.66000 1.50000 -130.9979
-250.94000 -128.50000 1.50000 -252.4929
19.96000 -49.48000 1.50000 -125.4601
-195.55000 -35.66000 1.50000 -131.0180
-250.94000 -128.50000 1.50000 -252.5090
19.96000 -49.48000 1.50000 -125.4947
-195.55000 -35.66000 1.50000 -131.0380
-250.94000 -128.50000 1.50000 -252.5251
19.96000 -49.48000 1.50000 -125.5293
-195.55000 -35.66000 1.50000 -131.0579
-250.94000 -128.50000 1.50000 -252.5412
19.96000 -49.48000 1.50000 -125.5637
-195.55000 -35.66000 1.50000 -131.0779
-250.94000 -128.50000 1.50000 -252.5572
19.96000 -49.48000 1.50000 -125.5980
-195.55000 -35.66000 1.50000 -131.0977
-250.94000 -128.50000 1.50000 -252.5732
19.96000 -49.48000 1.50000 -125.6322
-195.55000 -35.66000 1.50000 -131.1176
-250.94000 -128.50000 1.50000 -252.5892
19.96000 -49.48000 1.50000 -125.6663
-195.55000 -35.66000 1.50000 -131.1374
-250.94000 -128.50000 1.50000 -252.6052
19.96000 -49.48000 1.50000 -125.7003
-195.55000 -35.66000 1.50000 -131.1571
-250.94000 -128.50000 1.50000 -252.6211
19.96000 -49.48000 1.50000 -125.7342
-195.55000 -35.66000 1.50000 -131.1768
-250.94000 -128.50000 1.50000 -252.6371
19.96000 -49.48000 1.50000 -125.7680
-195.55000 -35.66000 1.50000 -131.1965
-250.94000 -128.50000 1.50000 -252.6529
19.96000 -49.48000 1.50000 -125.8017
-195.55000 -35.66000 1.50000 -131.2161
-250.94000 -128.50000 1.50000 -252.6688
19.96000 -49.48000 1.50000 -125.8353
-195.55000 -35.66000 1.50000 -131.2357
-250.94000 -128.50000 1.50000 -252.6846
19.96000 -49.48000 1.50000 -125.8688
-195.55000 -35.66000 1.50000 -131.2552
-250.94000 -128.50000 1.50000 -252.7005
19.96000 -49.48000 1.50000 -125.9022
-195.55000 -35.66000 1.50000 -131.2747
-250.94000 -128.50000 1.50000 -252.7162
19.96000 -49.48000 1.50000 -125.9355
-195.55000 -35.66000 1.50000 -131.2941
-250.94000 -128.50000 1.50000 -292.7320
19.96000 -49.48000 1.50000 -125.9687
-195.55000 -35.66000 1.50000 -131.3136
-250.94000 -128.50000 1.50000 -292.7477
19.96000 -49.48000 1.50000 -126.0018
-195.55000 -35.66000 1.50000 -131.3329
-250.94000 -128.50000 1.50000 -292.7635
19.96000 -49.48000 1.50000 -126.0348
-195.55000 -35.66000 1.50000 -131.3522
-250.94000 -128.50000 1.50000 -292.7792
19.96000 -49.48000 1.50000 -126.0677
-195.55000 -35.66000 1.50000 -131.3715
-250.94000 -128.50000 1.50000 -292.7948
19.96000 -49.48000 1.50000 -126.1005
-195.55000 -35.66000 1.50000 -131.3908
-250.94000 -128.50000 1.50000 -292.8105
19.96000 -49.48000 1.50000 -126.1332
-195.55000 -35.66000 1.50000 -131.4100
-250.94000 -128.50000 1.50000 -292.8261
19.96000 -49.48000 1.50000 -126.1659
-195.55000 -35.66000 1.50000 -131.4291
-250.94000 -128.50000 1.50000 -292.8417
19.96000 -49.48000 1.50000 -126.1984
-195.55000 -35.66000 1.50000 -131.4483
-250.94000 -128.50000 1.50000 -292.8572
19.96000 -49.48000 1.50000 -126.2308
-195.55000 -35.66000 1.50000 -131.4673
-250.94000 -128.50000 1.50000 -252.8728
19.96000 -49.48000 1.50000 -126.2631
-195.55000 -35.66000 1.50000 -131.4864
-250.94000 -128.50000 1.50000 -252.8883
19.96000 -49.48000 1.50000 -126.2953
-195.55000 -35.66000 1.50000 -131.5054
-250.94000 -128.50000 1.50000 -252.9038
19.96000 -49.48000 1.50000 -126.3275
-195.55000 -35.66000 1.50000 -171.5244
-250.94000 -128.50000 1.50000 -252.9193
19.96000 -49.48000 1.50000 -126.3595
-195.55000 -35.66000 1.50000 -171.5433
-250.94000 -128.50000 1.50000 -252.9347
19.96000 -49.48000 1.50000 -126.3915
-195.55000 -35.66000 1.50000 -171.5621
-250.94000 -128.50000 1.50000 -212.9502
19.96000 -49.48000 1.50000 -166.4233
-195.55000 -35.66000 1.50000 -171.5810
-250.94000 -128.50000 1.50000 -212.9656
19.96000 -49.48000 1.50000 -166.4551
-195.55000 -35.66000 1.50000 -171.5998
-250.94000 -128.50000 1.50000 -212.9809
19.96000 -49.48000 1.50000 -166.4867
-195.55000 -35.66000 1.50000 -171.6186
-250.94000 -128.50000 1.50000 -212.9963
19.96000 -49.48000 1.50000 -166.5183
-195.55000 -35.66000 1.50000 -171.6373
-250.94000 -128.50000 1.50000 -213.0116
19.96000 -49.48000 1.50000 -166.5498
-195.55000 -35.66000 1.50000 -171.6560
-250.94000 -128.50000 1.50000 -213.0269
19.96000 -49.48000 1.50000 -166.5812
-195.55000 -35.66000 1.50000 -171.6746
-250.94000 -128.50000 1.50000 -213.0422
19.96000 -49.48000 1.50000 -166.6124
-195.55000 -35.66000 1.50000 -171.6932
-250.94000 -128.50000 1.50000 -213.0575
19.96000 -49.48000 1.50000 -166.6436
-195.55000 -35.66000 1.50000 -171.7118
-250.94000 -128.50000 1.50000 -213.0727
19.96000 -49.48000 1.50000 -166.6747
-195.55000 -35.66000 1.50000 -211.7303
-250.94000 -128.50000 1.50000 -213.0879
19.96000 -49.48000 1.50000 -166.7058
-195.55000 -35.66000 1.50000 -211.7488
-250.94000 -128.50000 1.50000 -213.1031
19.96000 -49.48000 1.50000 -166.7367
-195.55000 -35.66000 1.50000 -211.7673
-250.94000 -128.50000 1.50000 -213.1183
19.96000 -49.48000 1.50000 -166.7675
-195.55000 -35.66000 1.50000 -211.7857
-250.94000 -128.50000 1.50000 -213.1334
19.96000 -49.48000 1.50000 -166.7983
-195.55000 -35.66000 1.50000 -211.8041
-250.94000 -128.50000 1.50000 -213.1485
19.96000 -49.48000 1.50000 -206.8289
-195.55000 -35.66000 1.50000 -211.8224
-250.94000 -128.50000 1.50000 -253.1636
19.96000 -49.48000 1.50000 -166.8595
-195.55000 -35.66000 1.50000 -211.8407
-250.94000 -128.50000 1.50000 -253.1787
19.96000 -49.48000 1.50000 -166.8900
-195.55000 -35.66000 1.50000 -211.8590
-250.94000 -128.50000 1.50000 -253.1938
19.96000 -49.48000 1.50000 -166.9203
-195.55000 -35.66000 1.50000 -211.8773
-250.94000 -128.50000 1.50000 -253.2088
19.96000 -49.48000 1.50000 -166.9507
-195.55000 -35.66000 1.50000 -211.8954
-250.94000 -128.50000 1.50000 -253.2238
19.96000 -49.48000 1.50000 -166.9809
-195.55000 -35.66000 1.50000 -211.9136
-250.94000 -128.50000 1.50000 -253.2388
19.96000 -49.48000 1.50000 -167.0110
-195.55000 -35.66000 1.50000 -211.9317
-250.94000 -128.50000 1.50000 -253.2538
19.96000 -49.48000 1.50000 -167.0410
-195.55000 -35.66000 1.50000 -211.9498
-250.94000 -128.50000 1.50000 -253.2687
19.96000 -49.48000 1.50000 -167.0710
-195.55000 -35.66000 1.50000 -211.9679
-250.94000 -128.50000 1.50000 -253.2836
19.96000 -49.48000 1.50000 -167.1008
-195.55000 -35.66000 1.50000 -211.9859
-250.94000 -128.50000 1.50000 -253.2985
19.96000 -49.48000 1.50000 -167.1306
-195.55000 -35.66000 1.50000 -212.0039
-250.94000 -128.50000 1.50000 -253.3134
19.96000 -49.48000 1.50000 -167.1603
-195.55000 -35.66000 1.50000 -212.0218
-250.94000 -128.50000 1.50000 -253.3282
19.96000 -49.48000 1.50000 -167.1899
-195.55000 -35.66000 1.50000 -212.0397
-250.94000 -128.50000 1.50000 -253.3430
19.96000 -49.48000 1.50000 -167.2195
-195.55000 -35.66000 1.50000 -212.0576
-250.94000 -128.50000 1.50000 -253.3578
19.96000 -49.48000 1.50000 -167.2489
-195.55000 -35.66000 1.50000 -212.0754
-250.94000 -128.50000 1.50000 -253.3726
19.96000 -49.48000 1.50000 -167.2782
-195.55000 -35.66000 1.50000 -212.0932
-250.94000 -128.50000 1.50000 -253.3874
19.96000 -49.48000 1.50000 -167.3075
-195.55000 -35.66000 1.50000 -212.1110
-250.94000 -128.50000 1.50000 -253.4021
19.96000 -49.48000 1.50000 -167.3367
-195.55000 -35.66000 1.50000 -212.1287
-250.94000 -128.50000 1.50000 -253.4168
19.96000 -49.48000 1.50000 -167.3658
-195.55000 -35.66000 1.50000 -212.1464
-250.94000 -128.50000 1.50000 -253.4315
19.96000 -49.48000 1.50000 -167.3948
-195.55000 -35.66000 1.50000 -212.1641
-250.94000 -128.50000 1.50000 -253.4462
19.96000 -49.48000 1.50000 -167.4238
-195.55000 -35.66000 1.50000 -212.1817
-250.94000 -128.50000 1.50000 -253.4608
19.96000 -49.48000 1.50000 -167.4526
-195.55000 -35.66000 1.50000 -212.1993
-250.94000 -128.50000 1.50000 -253.4755
19.96000 -49.48000 1.50000 -167.4814
-195.55000 -35.66000 1.50000 -212.2168
-250.94000 -128.50000 1.50000 -253.4901
19.96000 -49.48000 1.50000 -167.5101
-195.55000 -35.66000 1.50000 -212.2344
-250.94000 -128.50000 1.50000 -253.5047
19.96000 -49.48000 1.50000 -167.5387
-195.55000 -35.66000 1.50000 -212.2519
-250.94000 -128.50000 1.50000 -253.5192
19.96000 -49.48000 1.50000 -167.5672
-195.55000 -35.66000 1.50000 -212.2693
-250.94000 -128.50000 1.50000 -253.5338
19.96000 -49.48000 1.50000 -167.5957
-195.55000 -35.66000 1.50000 -212.2867
-250.94000 -128.50000 1.50000 -253.5483
19.96000 -49.48000 1.50000 -167.6241
-195.55000 -35.66000 1.50000 -212.3041
-250.94000 -128.50000 1.50000 -253.5628
19.96000 -49.48000 1.50000 -167.6524
-195.55000 -35.66000 1.50000 -212.3215
-250.94000 -128.50000 1.50000 -253.5772
19.96000 -49.48000 1.50000 -167.6806
-195.55000 -35.66000 1.50000 -212.3388
-250.94000 -128.50000 1.50000 -253.5917
19.96000 -49.48000 1.50000 -167.7087
-195.55000 -35.66000 1.50000 -212.3561
-250.94000 -128.50000 1.50000 -253.6061
19.96000 -49.48000 1.50000 -167.7368
-195.55000 -35.66000 1.50000 -212.3733
-250.94000 -128.50000 1.50000 -253.6205
19.96000 -49.48000 1.50000 -167.7647
-195.55000 -35.66000 1.50000 -212.3905
-250.94000 -128.50000 1.50000 -253.6349
19.96000 -49.48000 1.50000 -167.7926
-195.55000 -35.66000 1.50000 -212.4077
-250.94000 -128.50000 1.50000 -253.6493
19.96000 -49.48000 1.50000 -167.8205
-195.55000 -35.66000 1.50000 -212.4249
-250.94000 -128.50000 1.50000 -253.6637
19.96000 -49.48000 1.50000 -167.8482
-195.55000 -35.66000 1.50000 -212.4420
-250.94000 -128.50000 1.50000 -253.6780
19.96000 -49.48000 1.50000 -167.8759
-195.55000 -35.66000 1.50000 -212.4591
-250.94000 -128.50000 1.50000 -253.6923
19.96000 -49.48000 1.50000 -167.9035
-195.55000 -35.66000 1.50000 -212.4762
-250.94000 -128.50000 1.50000 -253.7066
19.96000 -49.48000 1.50000 -167.9310
-195.55000 -35.66000 1.50000 -212.4932
-250.94000 -128.50000 1.50000 -253.7208
19.96000 -49.48000 1.50000 -167.9584
-195.55000 -35.66000 1.50000 -212.5102
-250.94000 -128.50000 1.50000 -253.7351
19.96000 -49.48000 1.50000 -167.9858
-195.55000 -35.66000 1.50000 -212.5271
-250.94000 -128.50000 1.50000 -253.7493
19.96000 -49.48000 1.50000 -167.9761
-195.55000 -35.66000 1.50000 -212.5242
-250.94000 -128.50000 1.50000 -253.7447
19.96000 -49.48000 1.50000 -167.9487
-195.55000 -35.66000 1.50000 -212.5072
-250.94000 -128.50000 1.50000 -253.7305
19.96000 -49.48000 1.50000 -167.9212
-195.55000 -35.66000 1.50000 -212.4902
-250.94000 -128.50000 1.50000 -253.7162
19.96000 -49.48000 1.50000 -167.8936
-195.55000 -35.66000 1.50000 -212.4732
-250.94000 -128.50000 1.50000 -253.7019
19.96000 -49.48000 1.50000 -167.8659
-195.55000 -35.66000 1.50000 -212.4561
-250.94000 -128.50000 1.50000 -253.6876
19.96000 -49.48000 1.50000 -167.8382
-195.55000 -35.66000 1.50000 -212.4390
-250.94000 -128.50000 1.50000 -253.6733
19.96000 -49.48000 1.50000 -167.8104
-195.55000 -35.66000 1.50000 -212.4219
-250.94000 -128.50000 1.50000 -253.6590
19.96000 -49.48000 1.50000 -167.7825
-195.55000 -35.66000 1.50000 -212.4047
-250.94000 -128.50000 1.50000 -253.6446
19.96000 -49.48000 1.50000 -167.7545
-195.55000 -35.66000 1.50000 -212.3875
-250.94000 -128.50000 1.50000 -253.6302
19.96000 -49.48000 1.50000 -167.7265
-195.55000 -35.66000 1.50000 -212.3703
-250.94000 -128.50000 1.50000 -253.6158
19.96000 -49.48000 1.50000 -167.6984
-195.55000 -35.66000 1.50000 -212.3530
-250.94000 -128.50000 1.50000 -253.6014
19.96000 -49.48000 1.50000 -167.6702
-195.55000 -35.66000 1.50000 -212.3357
-250.94000 -128.50000 1.50000 -253.5869
19.96000 -49.48000 1.50000 -167.6419
-195.55000 -35.66000 1.50000 -212.3184
-250.94000 -128.50000 1.50000 -253.5724
19.96000 -49.48000 1.50000 -167.6135
-195.55000 -35.66000 1.50000 -212.3010
-250.94000 -128.50000 1.50000 -253.5580
19.96000 -49.48000 1.50000 -167.5851
-195.55000 -35.66000 1.50000 -212.2836
-250.94000 -128.50000 1.50000 -253.5435
19.96000 -49.48000 1.50000 -167.5565
-195.55000 -35.66000 1.50000 -212.2662
-250.94000 -128.50000 1.50000 -253.5289
19.96000 -49.48000 1.50000 -167.5280
-195.55000 -35.66000 1.50000 -212.2487
-250.94000 -128.50000 1.50000 -253.5144
19.96000 -49.48000 1.50000 -167.4993
-195.55000 -35.66000 1.50000 -212.2312
-250.94000 -128.50000 1.50000 -253.4998
19.96000 -49.48000 1.50000 -167.4705
-195.55000 -35.66000 1.50000 -212.2137
-250.94000 -128.50000 1.50000 -253.4852
19.96000 -49.48000 1.50000 -167.4417
-195.55000 -35.66000 1.50000 -212.1961
-250.94000 -128.50000 1.50000 -253.4706
19.96000 -49.48000 1.50000 -167.4127
-195.55000 -35.66000 1.50000 -212.1785
-250.94000 -128.50000 1.50000 -253.4559
19.96000 -49.48000 1.50000 -167.3837
-195.55000 -35.66000 1.50000 -212.1609
-250.94000 -128.50000 1.50000 -253.4413
19.96000 -49.48000 1.50000 -167.3546
-195.55000 -35.66000 1.50000 -212.1432
-250.94000 -128.50000 1.50000 -253.4266
19.96000 -49.48000 1.50000 -167.3254
-195.55000 -35.66000 1.50000 -212.1255
-250.94000 -128.50000 1.50000 -253.4119
19.96000 -49.48000 1.50000 -167.2962
-195.55000 -35.66000 1.50000 -212.1078
-250.94000 -128.50000 1.50000 -253.3971
19.96000 -49.48000 1.50000 -167.2668
-195.55000 -35.66000 1.50000 -212.0900
-250.94000 -128.50000 1.50000 -253.3824
19.96000 -49.48000 1.50000 -167.2374
-195.55000 -35.66000 1.50000 -212.0722
-250.94000 -128.50000 1.50000 -253.3676
19.96000 -49.48000 1.50000 -167.2079
-195.55000 -35.66000 1.50000 -212.0543
-250.94000 -128.50000 1.50000 -253.3528
19.96000 -49.48000 1.50000 -167.1783
-195.55000 -35.66000 1.50000 -212.0364
-250.94000 -128.50000 1.50000 -253.3380
19.96000 -49.48000 1.50000 -167.1486
-195.55000 -35.66000 1.50000 -212.0185
-250.94000 -128.50000 1.50000 -253.3232
19.96000 -49.48000 1.50000 -167.1188
-195.55000 -35.66000 1.50000 -212.0005
-250.94000 -128.50000 1.50000 -253.3083
19.96000 -49.48000 1.50000 -167.0890
-195.55000 -35.66000 1.50000 -211.9826
-250.94000 -128.50000 1.50000 -253.2934
19.96000 -49.48000 1.50000 -167.0590
-195.55000 -35.66000 1.50000 -211.9645
-250.94000 -128.50000 1.50000 -253.2785
19.96000 -49.48000 1.50000 -167.0290
-195.55000 -35.66000 1.50000 -211.9465
-250.94000 -128.50000 1.50000 -253.2635
19.96000 -49.48000 1.50000 -166.9989
-195.55000 -35.66000 1.50000 -211.9284
-250.94000 -128.50000 1.50000 -253.2486
19.96000 -49.48000 1.50000 -166.9686
-195.55000 -35.66000 1.50000 -211.9102
-250.94000 -128.50000 1.50000 -253.2336
19.96000 -49.48000 1.50000 -166.9383
-195.55000 -35.66000 1.50000 -211.8921
-250.94000 -128.50000 1.50000 -253.2186
19.96000 -49.48000 1.50000 -166.9080
-195.55000 -35.66000 1.50000 -211.8738
-250.94000 -128.50000 1.50000 -253.2036
19.96000 -49.48000 1.50000 -166.8775
-195.55000 -35.66000 1.50000 -211.8556
-250.94000 -128.50000 1.50000 -253.1885
19.96000 -49.48000 1.50000 -166.8469
-195.55000 -35.66000 1.50000 -211.8373
-250.94000 -128.50000 1.50000 -253.1735
19.96000 -49.48000 1.50000 -166.8163
-195.55000 -35.66000 1.50000 -211.8190
-250.94000 -128.50000 1.50000 -253.1584
19.96000 -49.48000 1.50000 -166.7855
-195.55000 -35.66000 1.50000 -211.8006
-250.94000 -128.50000 1.50000 -253.1432
19.96000 -49.48000 1.50000 -206.7547
-195.55000 -35.66000 1.50000 -211.7822
-250.94000 -128.50000 1.50000 -253.1281
19.96000 -49.48000 1.50000 -206.7238
-195.55000 -35.66000 1.50000 -211.7638
-250.94000 -128.50000 1.50000 -253.1130
19.96000 -49.48000 1.50000 -166.6927
-195.55000 -35.66000 1.50000 -211.7453
-250.94000 -128.50000 1.50000 -213.0978
19.96000 -49.48000 1.50000 -166.6616
-195.55000 -35.66000 1.50000 -211.7268
-250.94000 -128.50000 1.50000 -213.0826
19.96000 -49.48000 1.50000 -166.6304
-195.55000 -35.66000 1.50000 -211.7083
-250.94000 -128.50000 1.50000 -213.0673
19.96000 -49.48000 1.50000 -166.5991
-195.55000 -35.66000 1.50000 -211.6897
-250.94000 -128.50000 1.50000 -213.0521
19.96000 -49.48000 1.50000 -166.5677
-195.55000 -35.66000 1.50000 -211.6711
-250.94000 -128.50000 1.50000 -213.0368
19.96000 -49.48000 1.50000 -166.5363
-195.55000 -35.66000 1.50000 -211.6524
-250.94000 -128.50000 1.50000 -213.0215
19.96000 -49.48000 1.50000 -166.5047
-195.55000 -35.66000 1.50000 -211.6337
-250.94000 -128.50000 1.50000 -213.0062
19.96000 -49.48000 1.50000 -166.4730
-195.55000 -35.66000 1.50000 -211.6149
-250.94000 -128.50000 1.50000 -212.9908
19.96000 -49.48000 1.50000 -166.4413
-195.55000 -35.66000 1.50000 -171.5962
-250.94000 -128.50000 1.50000 -212.9754
19.96000 -49.48000 1.50000 -166.4094
-195.55000 -35.66000 1.50000 -171.5773
-250.94000 -128.50000 1.50000 -212.9601
19.96000 -49.48000 1.50000 -166.3775
-195.55000 -35.66000 1.50000 -171.5585
-250.94000 -128.50000 1.50000 -212.9446
19.96000 -49.48000 1.50000 -166.3454
-195.55000 -35.66000 1.50000 -171.5396
-250.94000 -128.50000 1.50000 -212.9292
19.96000 -49.48000 1.50000 -126.3133
-195.55000 -35.66000 1.50000 -171.5207
-250.94000 -128.50000 1.50000 -212.9137
19.96000 -49.48000 1.50000 -126.2810
-195.55000 -35.66000 1.50000 -171.5017
-250.94000 -128.50000 1.50000 -212.8982
19.96000 -49.48000 1.50000 -126.2487
-195.55000 -35.66000 1.50000 -171.4827
-250.94000 -128.50000 1.50000 -252.8827
19.96000 -49.48000 1.50000 -126.2163
-195.55000 -35.66000 1.50000 -171.4636
-250.94000 -128.50000 1.50000 -252.8672
19.96000 -49.48000 1.50000 -126.1837
-195.55000 -35.66000 1.50000 -171.4445
-250.94000 -128.50000 1.50000 -252.8516
19.96000 -49.48000 1.50000 -126.1511
-195.55000 -35.66000 1.50000 -171.4254
-250.94000 -128.50000 1.50000 -252.8360
19.96000 -49.48000 1.50000 -126.1184
-195.55000 -35.66000 1.50000 -131.4062
-250.94000 -128.50000 1.50000 -252.8204
19.96000 -49.48000 1.50000 -126.0856
-195.55000 -35.66000 1.50000 -131.3870
-250.94000 -128.50000 1.50000 -292.8047
19.96000 -49.48000 1.50000 -126.0526
-195.55000 -35.66000 1.50000 -131.3677
-250.94000 -128.50000 1.50000 -292.7891
19.96000 -49.48000 1.50000 -126.0196
-195.55000 -35.66000 1.50000 -131.3484
-250.94000 -128.50000 1.50000 -292.7734
19.96000 -49.48000 1.50000 -125.9865
-195.55000 -35.66000 1.50000 -131.3291
-250.94000 -128.50000 1.50000 -292.7577
19.96000 -49.48000 1.50000 -125.9533
-195.55000 -35.66000 1.50000 -131.3097
-250.94000 -128.50000 1.50000 -292.7419
19.96000 -49.48000 1.50000 -125.9200
-195.55000 -35.66000 1.50000 -131.2903
-250.94000 -128.50000 1.50000 -292.7262
19.96000 -49.48000 1.50000 -125.8865
-195.55000 -35.66000 1.50000 -131.2708
-250.94000 -128.50000 1.50000 -292.7104
19.96000 -49.48000 1.50000 -125.8530
-195.55000 -35.66000 1.50000 -131.2513
-250.94000 -128.50000 1.50000 -292.6946
19.96000 -49.48000 1.50000 -125.8194
-195.55000 -35.66000 1.50000 -131.2317
-250.94000 -128.50000 1.50000 -292.6788
19.96000 -49.48000 1.50000 -125.7857
-195.55000 -35.66000 1.50000 -131.2121
-250.94000 -128.50000 1.50000 -252.6629
19.96000 -49.48000 1.50000 -125.7518
-195.55000 -35.66000 1.50000 -131.1925
-250.94000 -128.50000 1.50000 -252.6470
19.96000 -49.48000 1.50000 -125.7179
-195.55000 -35.66000 1.50000 -131.1728
-250.94000 -128.50000 1.50000 -252.6311
19.96000 -49.48000 1.50000 -125.6839
-195.55000 -35.66000 1.50000 -131.1531
-250.94000 -128.50000 1.50000 -252.6152
19.96000 -49.48000 1.50000 -125.6497
-195.55000 -35.66000 1.50000 -131.1333
-250.94000 -128.50000 1.50000 -252.5992
19.96000 -49.48000 1.50000 -125.6155
-195.55000 -35.66000 1.50000 -131.1135
-250.94000 -128.50000 1.50000 -252.5832
19.96000 -49.48000 1.50000 -125.5812
-195.55000 -35.66000 1.50000 -131.0937
-250.94000 -128.50000 1.50000 -252.5672
19.96000 -49.48000 1.50000 -125.5467
-195.55000 -35.66000 1.50000 -131.0738
-250.94000 -128.50000 1.50000 -252.5512
19.96000 -49.48000 1.50000 -125.5122
-195.55000 -35.66000 1.50000 -131.0538
-250.94000 -128.50000 1.50000 -252.5351
19.96000 -49.48000 1.50000 -125.4775
-195.55000 -35.66000 1.50000 -131.0338
-250.94000 -128.50000 1.50000 -252.5190
19.96000 -49.48000 1.50000 -125.4427
-195.55000 -35.66000 1.50000 -131.0138
-250.94000 -128.50000 1.50000 -252.5029
19.96000 -49.48000 1.50000 -125.4079
-195.55000 -35.66000 1.50000 -130.9937
-250.94000 -128.50000 1.50000 -252.4868
19.96000 -49.48000 1.50000 -125.3729
-195.55000 -35.66000 1.50000 -130.9736
-250.94000 -128.50000 1.50000 -252.4706
19.96000 -49.48000 1.50000 -125.3378
-195.55000 -35.66000 1.50000 -130.9535
-250.94000 -128.50000 1.50000 -252.4544
19.96000 -49.48000 1.50000 -125.3027
-195.55000 -35.66000 1.50000 -130.9332
-250.94000 -128.50000 1.50000 -252.4382
19.96000 -49.48000 1.50000 -125.2674
-195.55000 -35.66000 1.50000 -130.9130
-250.94000 -128.50000 1.50000 -252.4219
19.96000 -49.48000 1.50000 -165.2320
-195.55000 -35.66000 1.50000 -130.8927
-250.94000 -128.50000 1.50000 -252.4057
19.96000 -49.48000 1.50000 -165.1965
-195.55000 -35.66000 1.50000 -130.8724
-250.94000 -128.50000 1.50000 -252.3894
19.96000 -49.48000 1.50000 -165.1609
-195.55000 -35.66000 1.50000 -130.8520
-250.94000 -128.50000 1.50000 -292.3730
19.96000 -49.48000 1.50000 -165.1252
-195.55000 -35.66000 1.50000 -130.8315
-250.94000 -128.50000 1.50000 -252.3567
19.96000 -49.48000 1.50000 -165.0893
-195.55000 -35.66000 1.50000 -130.8111
-250.94000 -128.50000 1.50000 -252.3403
19.96000 -49.48000 1.50000 -165.0534
-195.55000 -35.66000 1.50000 -130.7905
-250.94000 -128.50000 1.50000 -252.3239
19.96000 -49.48000 1.50000 -165.0174
-195.55000 -35.66000 1.50000 -130.7700
-250.94000 -128.50000 1.50000 -252.3075
19.96000 -49.48000 1.50000 -164.9812
-195.55000 -35.66000 1.50000 -130.7493
-250.94000 -128.50000 1.50000 -252.2911
19.96000 -49.48000 1.50000 -164.9450
-195.55000 -35.66000 1.50000 -130.7287
-250.94000 -128.50000 1.50000 -252.2746
19.96000 -49.48000 1.50000 -164.9086
-195.55000 -35.66000 1.50000 -130.7080
-250.94000 -128.50000 1.50000 -252.2581
19.96000 -49.48000 1.50000 -164.8721
-195.55000 -35.66000 1.50000 -130.6872
-250.94000 -128.50000 1.50000 -252.2415
19.96000 -49.48000 1.50000 -164.8356
-195.55000 -35.66000 1.50000 -130.6664
-250.94000 -128.50000 1.50000 -252.2250
19.96000 -49.48000 1.50000 -164.7989
-195.55000 -35.66000 1.50000 -130.6455
-250.94000 -128.50000 1.50000 -252.2084
19.96000 -49.48000 1.50000 -164.7621
-195.55000 -35.66000 1.50000 -170.6246
-250.94000 -128.50000 1.50000 -252.1918
19.96000 -49.48000 1.50000 -164.7252
-195.55000 -35.66000 1.50000 -170.6037
-250.94000 -128.50000 1.50000 -252.1751
19.96000 -49.48000 1.50000 -164.6882
-195.55000 -35.66000 1.50000 -170.5827
-250.94000 -128.50000 1.50000 -252.1585
19.96000 -49.48000 1.50000 -164.6510
-195.55000 -35.66000 1.50000 -170.5616
-250.94000 -128.50000 1.50000 -252.1418
19.96000 -49.48000 1.50000 -164.6138
-195.55000 -35.66000 1.50000 -170.5405
-250.94000 -128.50000 1.50000 -252.1251
19.96000 -49.48000 1.50000 -164.5765
-195.55000 -35.66000 1.50000 -170.5194
-250.94000 -128.50000 1.50000 -252.1083
19.96000 -49.48000 1.50000 -164.5390
-195.55000 -35.66000 1.50000 -170.4982
-250.94000 -128.50000 1.50000 -252.0916
19.96000 -49.48000 1.50000 -164.5015
-195.55000 -35.66000 1.50000 -170.4770
-250.94000 -128.50000 1.50000 -252.0747
19.96000 -49.48000 1.50000 -164.4638
-195.55000 -35.66000 1.50000 -170.4557
-250.94000 -128.50000 1.50000 -252.0579
19.96000 -49.48000 1.50000 -164.4260
-195.55000 -35.66000 1.50000 -170.4343
-250.94000 -128.50000 1.50000 -292.0411
19.96000 -49.48000 1.50000 -164.3881
-195.55000 -35.66000 1.50000 -210.4129
-250.94000 -128.50000 1.50000 -292.0242
19.96000 -49.48000 1.50000 -164.3501
-195.55000 -35.66000 1.50000 -210.3915
-250.94000 -128.50000 1.50000 -252.0073
19.96000 -49.48000 1.50000 -164.3120
-195.55000 -35.66000 1.50000 -210.3700
-250.94000 -128.50000 1.50000 -251.9903
19.96000 -49.48000 1.50000 -164.2738
-195.55000 -35.66000 1.50000 -210.3484
-250.94000 -128.50000 1.50000 -251.9734
19.96000 -49.48000 1.50000 -164.2512
-195.55000 -35.66000 1.50000 -170.3437
-250.94000 -128.50000 1.50000 -251.9665
19.96000 -49.48000 1.50000 -164.2896
-195.55000 -35.66000 1.50000 -170.3652
-250.94000 -128.50000 1.50000 -291.9835
19.96000 -49.48000 1.50000 -164.3279
-195.55000 -35.66000 1.50000 -170.3867
-250.94000 -128.50000 1.50000 -292.0004
19.96000 -49.48000 1.50000 -164.3661
-195.55000 -35.66000 1.50000 -170.4082
-250.94000 -128.50000 1.50000 -252.0174
19.96000 -49.48000 1.50000 -164.4042
-195.55000 -35.66000 1.50000 -170.4296
-250.94000 -128.50000 1.50000 -252.0343
19.96000 -49.48000 1.50000 -164.4422
-195.55000 -35.66000 1.50000 -170.4510
-250.94000 -128.50000 1.50000 -252.0511
19.96000 -49.48000 1.50000 -164.4800
-195.55000 -35.66000 1.50000 -170.4723
-250.94000 -128.50000 1.50000 -252.0680
19.96000 -49.48000 1.50000 -164.5178
-195.55000 -35.66000 1.50000 -170.4936
-250.94000 -128.50000 1.50000 -252.0848
19.96000 -49.48000 1.50000 -164.5554
-195.55000 -35.66000 1.50000 -170.5148
-250.94000 -128.50000 1.50000 -252.1016
19.96000 -49.48000 1.50000 -164.5929
-195.55000 -35.66000 1.50000 -130.5359
-250.94000 -128.50000 1.50000 -252.1184
19.96000 -49.48000 1.50000 -164.6303
-195.55000 -35.66000 1.50000 -130.5571
-250.94000 -128.50000 1.50000 -252.1352
19.96000 -49.48000 1.50000 -164.6676
-195.55000 -35.66000 1.50000 -130.5781
-250.94000 -128.50000 1.50000 -252.1519
19.96000 -49.48000 1.50000 -164.7048
-195.55000 -35.66000 1.50000 -130.5992
-250.94000 -128.50000 1.50000 -252.1686
19.96000 -49.48000 1.50000 -164.7419
-195.55000 -35.66000 1.50000 -130.6201
-250.94000 -128.50000 1.50000 -252.1852
19.96000 -49.48000 1.50000 -164.7789
-195.55000 -35.66000 1.50000 -130.6411
-250.94000 -128.50000 1.50000 -252.2019
19.96000 -49.48000 1.50000 -164.8157
-195.55000 -35.66000 1.50000 -130.6619
-250.94000 -128.50000 1.50000 -252.2185
19.96000 -49.48000 1.50000 -164.8525
-195.55000 -35.66000 1.50000 -130.6828
-250.94000 -128.50000 1.50000 -252.2351
19.96000 -49.48000 1.50000 -164.8891
-195.55000 -35.66000 1.50000 -130.7036
-250.94000 -128.50000 1.50000 -252.2516
19.96000 -49.48000 1.50000 -164.9256
-195.55000 -35.66000 1.50000 -130.7243
-250.94000 -128.50000 1.50000 -252.2682
19.96000 -49.48000 1.50000 -164.9620
-195.55000 -35.66000 1.50000 -130.7450
-250.94000 -128.50000 1.50000 -252.2847
19.96000 -49.48000 1.50000 -164.9983
-195.55000 -35.66000 1.50000 -130.7656
-250.94000 -128.50000 1.50000 -252.3011
19.96000 -49.48000 1.50000 -165.0345
-195.55000 -35.66000 1.50000 -130.7862
-250.94000 -128.50000 1.50000 -292.3176
19.96000 -49.48000 1.50000 -165.0706
-195.55000 -35.66000 1.50000 -130.8067
-250.94000 -128.50000 1.50000 -292.3340
19.96000 -49.48000 1.50000 -165.1066
-195.55000 -35.66000 1.50000 -130.8273
-250.94000 -128.50000 1.50000 -252.3504
19.96000 -49.48000 1.50000 -165.1425
-195.55000 -35.66000 1.50000 -130.8477
-250.94000 -128.50000 1.50000 -252.3668
19.96000 -49.48000 1.50000 -125.1782
-195.55000 -35.66000 1.50000 -130.8681
-250.94000 -128.50000 1.50000 -252.3831
19.96000 -49.48000 1.50000 -125.2139
-195.55000 -35.66000 1.50000 -130.8885
-250.94000 -128.50000 1.50000 -252.3994
19.96000 -49.48000 1.50000 -125.2494
-195.55000 -35.66000 1.50000 -130.9088
-250.94000 -128.50000 1.50000 -252.4157
19.96000 -49.48000 1.50000 -125.2848
-195.55000 -35.66000 1.50000 -130.9291
-250.94000 -128.50000 1.50000 -252.4320
19.96000 -49.48000 1.50000 -125.3202
-195.55000 -35.66000 1.50000 -130.9493
-250.94000 -128.50000 1.50000 -252.4482
19.96000 -49.48000 1.50000 -125.3554
-195.55000 -35.66000 1.50000 -130.9695
-250.94000 -128.50000 1.50000 -252.4644
19.96000 -49.48000 1.50000 -125.3905
-195.55000 -35.66000 1.50000 -130.9896
-250.94000 -128.50000 1.50000 -252.4806
19.96000 -49.48000 1.50000 -125.4255
-195.55000 -35.66000 1.50000 -131.0097
-250.94000 -128.50000 1.50000 -252.4968
19.96000 -49.48000 1.50000 -125.4604
-195.55000 -35.66000 1.50000 -131.0297
-250.94000 -128.50000 1.50000 -252.5129
19.96000 -49.48000 1.50000 -125.4952
-195.55000 -35.66000 1.50000 -131.0497
-250.94000 -128.50000 1.50000 -252.5291
19.96000 -49.48000 1.50000 -125.5299
-195.55000 -35.66000 1.50000 -131.0697
-250.94000 -128.50000 1.50000 -252.5451
19.96000 -49.48000 1.50000 -125.5644
-195.55000 -35.66000 1.50000 -131.0896
-250.94000 -128.50000 1.50000 -252.5612
19.96000 -49.48000 1.50000 -125.5989
-195.55000 -35.66000 1.50000 -131.1095
-250.94000 -128.50000 1.50000 -252.5772
19.96000 -49.48000 1.50000 -125.6333
-195.55000 -35.66000 1.50000 -131.1293
-250.94000 -128.50000 1.50000 -252.5932
19.96000 -49.48000 1.50000 -125.6675
-195.55000 -35.66000 1.50000 -131.1491
-250.94000 -128.50000 1.50000 -252.6092
19.96000 -49.48000 1.50000 -125.7017
-195.55000 -35.66000 1.50000 -131.1688
-250.94000 -128.50000 1.50000 -252.6252
19.96000 -49.48000 1.50000 -125.7358
-195.55000 -35.66000 1.50000 -131.1885
-250.94000 -128.50000 1.50000 -292.6411
19.96000 -49.48000 1.50000 -125.7697
-195.55000 -35.66000 1.50000 -131.2082
-250.94000 -128.50000 1.50000 -292.6570
19.96000 -49.48000 1.50000 -125.8036
-195.55000 -35.66000 1.50000 -131.2278
-250.94000 -128.50000 1.50000 -292.6729
19.96000 -49.48000 1.50000 -125.8373
-195.55000 -35.66000 1.50000 -131.2474
-250.94000 -128.50000 1.50000 -292.6888
19.96000 -49.48000 1.50000 -125.8709
-195.55000 -35.66000 1.50000 -131.2669
-250.94000 -128.50000 1.50000 -292.7046
19.96000 -49.48000 1.50000 -125.9045
-195.55000 -35.66000 1.50000 -131.2864
-250.94000 -128.50000 1.50000 -292.7204
19.96000 -49.48000 1.50000 -125.9379
-195.55000 -35.66000 1.50000 -171.3058
-250.94000 -128.50000 1.50000 -292.7362
19.96000 -49.48000 1.50000 -125.9713
-195.55000 -35.66000 1.50000 -171.3252
-250.94000 -128.50000 1.50000 -292.7520
19.96000 -49.48000 1.50000 -126.0045
-195.55000 -35.66000 1.50000 -171.3446
-250.94000 -128.50000 1.50000 -252.7677
19.96000 -49.48000 1.50000 -126.0376
-195.55000 -35.66000 1.50000 -171.3639
-250.94000 -128.50000 1.50000 -252.7834
19.96000 -49.48000 1.50000 -126.0707
-195.55000 -35.66000 1.50000 -171.3832
-250.94000 -128.50000 1.50000 -252.7991
19.96000 -49.48000 1.50000 -126.1036
-195.55000 -35.66000 1.50000 -171.4024
-250.94000 -128.50000 1.50000 -252.8147
19.96000 -49.48000 1.50000 -126.1364
-195.55000 -35.66000 1.50000 -171.4216
-250.94000 -128.50000 1.50000 -252.8304
19.96000 -49.48000 1.50000 -126.1692
-195.55000 -35.66000 1.50000 -171.4408
-250.94000 -128.50000 1.50000 -212.8460
19.96000 -49.48000 1.50000 -126.2018
-195.55000 -35.66000 1.50000 -171.4599
-250.94000 -128.50000 1.50000 -212.8615
19.96000 -49.48000 1.50000 -166.2344
-195.55000 -35.66000 1.50000 -171.4790
-250.94000 -128.50000 1.50000 -212.8771
19.96000 -49.48000 1.50000 -166.2668
-195.55000 -35.66000 1.50000 -171.4980
-250.94000 -128.50000 1.50000 -212.8926
19.96000 -49.48000 1.50000 -166.2991
-195.55000 -35.66000 1.50000 -211.5170
-250.94000 -128.50000 1.50000 -212.9082
19.96000 -49.48000 1.50000 -166.3314
-195.55000 -35.66000 1.50000 -211.5359
-250.94000 -128.50000 1.50000 -212.9236
19.96000 -49.48000 1.50000 -166.3636
-195.55000 -35.66000 1.50000 -211.5549
-250.94000 -128.50000 1.50000 -212.9391
19.96000 -49.48000 1.50000 -206.3956
-195.55000 -35.66000 1.50000 -211.5737
-250.94000 -128.50000 1.50000 -212.9546
19.96000 -49.48000 1.50000 -166.4276
-195.55000 -35.66000 1.50000 -211.5926
-250.94000 -128.50000 1.50000 -212.9700
19.96000 -49.48000 1.50000 -166.4594
-195.55000 -35.66000 1.50000 -211.6114
-250.94000 -128.50000 1.50000 -212.9854
19.96000 -49.48000 1.50000 -166.4912
-195.55000 -35.66000 1.50000 -211.6301
-250.94000 -128.50000 1.50000 -213.0007
19.96000 -49.48000 1.50000 -166.5229
-195.55000 -35.66000 1.50000 -211.6488
-250.94000 -128.50000 1.50000 -213.0161
19.96000 -49.48000 1.50000 -166.5544
-195.55000 -35.66000 1.50000 -211.6675
-250.94000 -128.50000 1.50000 -213.0314
19.96000 -49.48000 1.50000 -166.5859
-195.55000 -35.66000 1.50000 -211.6862
-250.94000 -128.50000 1.50000 -213.0467
19.96000 -49.48000 1.50000 -166.6173
-195.55000 -35.66000 1.50000 -211.7048
-250.94000 -128.50000 1.50000 -253.0620
19.96000 -49.48000 1.50000 -206.6486
-195.55000 -35.66000 1.50000 -211.7233
-250.94000 -128.50000 1.50000 -253.0772
19.96000 -49.48000 1.50000 -206.6798
-195.55000 -35.66000 1.50000 -211.7419
-250.94000 -128.50000 1.50000 -253.0925
19.96000 -49.48000 1.50000 -166.7109
-195.55000 -35.66000 1.50000 -211.7603
-250.94000 -128.50000 1.50000 -253.1077
19.96000 -49.48000 1.50000 -166.7419
-195.55000 -35.66000 1.50000 -211.7788
-250.94000 -128.50000 1.50000 -253.1228
19.96000 -49.48000 1.50000 -166.7729
-195.55000 -35.66000 1.50000 -211.7972
-250.94000 -128.50000 1.50000 -253.1380
19.96000 -49.48000 1.50000 -166.8037
-195.55000 -35.66000 1.50000 -211.8156
-250.94000 -128.50000 1.50000 -253.1531
19.96000 -49.48000 1.50000 -166.8344
-195.55000 -35.66000 1.50000 -211.8339
-250.94000 -128.50000 1.50000 -253.1682
19.96000 -49.48000 1.50000 -166.8651
-195.55000 -35.66000 1.50000 -211.8522
-250.94000 -128.50000 1.50000 -253.1833
19.96000 -49.48000 1.50000 -166.8956
-195.55000 -35.66000 1.50000 -211.8705
-250.94000 -128.50000 1.50000 -253.1984
19.96000 -49.48000 1.50000 -166.9261
-195.55000 -35.66000 1.50000 -211.8887
-250.94000 -128.50000 1.50000 -253.2134
19.96000 -49.48000 1.50000 -166.9565
-195.55000 -35.66000 1.50000 -211.9069
-250.94000 -128.50000 1.50000 -253.2285
19.96000 -49.48000 1.50000 -166.9868
-195.55000 -35.66000 1.50000 -211.9250
-250.94000 -128.50000 1.50000 -253.2435
19.96000 -49.48000 1.50000 -167.0170
-195.55000 -35.66000 1.50000 -211.9431
-250.94000 -128.50000 1.50000 -253.2584
19.96000 -49.48000 1.50000 -167.0471
-195.55000 -35.66000 1.50000 -211.9612
-250.94000 -128.50000 1.50000 -253.2734
19.96000 -49.48000 1.50000 -167.0771
-195.55000 -35.66000 1.50000 -211.9793
-250.94000 -128.50000 1.50000 -253.2883
19.96000 -49.48000 1.50000 -167.1071
-195.55000 -35.66000 1.50000 -211.9973
-250.94000 -128.50000 1.50000 -253.3032
19.96000 -49.48000 1.50000 -167.1369
-195.55000 -35.66000 1.50000 -212.0152
-250.94000 -128.50000 1.50000 -253.3181
19.96000 -49.48000 1.50000 -167.1667
-195.55000 -35.66000 1.50000 -212.0332
-250.94000 -128.50000 1.50000 -253.3329
19.96000 -49.48000 1.50000 -167.1964
-195.55000 -35.66000 1.50000 -212.0511
-250.94000 -128.50000 1.50000 -253.3478
19.96000 -49.48000 1.50000 -167.2260
-195.55000 -35.66000 1.50000 -212.0689
-250.94000 -128.50000 1.50000 -253.3626
19.96000 -49.48000 1.50000 -167.2555
-195.55000 -35.66000 1.50000 -212.0868
-250.94000 -128.50000 1.50000 -253.3774
19.96000 -49.48000 1.50000 -167.2849
-195.55000 -35.66000 1.50000 -212.1046
-250.94000 -128.50000 1.50000 -253.3922
19.96000 -49.48000 1.50000 -167.3143
-195.55000 -35.66000 1.50000 -212.1223
-250.94000 -128.50000 1.50000 -253.4069
19.96000 -49.48000 1.50000 -167.3435
-195.55000 -35.66000 1.50000 -212.1400
-250.94000 -128.50000 1.50000 -253.4216
19.96000 -49.48000 1.50000 -167.3727
-195.55000 -35.66000 1.50000 -212.1577
-250.94000 -128.50000 1.50000 -253.4363
19.96000 -49.48000 1.50000 -167.4018
-195.55000 -35.66000 1.50000 -212.1754
-250.94000 -128.50000 1.50000 -253.4510
19.96000 -49.48000 1.50000 -167.4308
-195.55000 -35.66000 1.50000 -212.1930
-250.94000 -128.50000 1.50000 -253.4657
19.96000 -49.48000 1.50000 -167.4597
-195.55000 -35.66000 1.50000 -212.2106
-250.94000 -128.50000 1.50000 -253.4803
19.96000 -49.48000 1.50000 -167.4885
-195.55000 -35.66000 1.50000 -212.2281
-250.94000 -128.50000 1.50000 -253.4949
19.96000 -49.48000 1.50000 -167.5173
-195.55000 -35.66000 1.50000 -212.2456
-250.94000 -128.50000 1.50000 -253.5095
19.96000 -49.48000 1.50000 -167.5460
-195.55000 -35.66000 1.50000 -212.2631
-250.94000 -128.50000 1.50000 -253.5241
19.96000 -49.48000 1.50000 -167.5746
-195.55000 -35.66000 1.50000 -212.2805
-250.94000 -128.50000 1.50000 -253.5387
19.96000 -49.48000 1.50000 -167.6031
-195.55000 -35.66000 1.50000 -212.2980
-250.94000 -128.50000 1.50000 -253.5532
19.96000 -49.48000 1.50000 -167.6315
-195.55000 -35.66000 1.50000 -212.3153
-250.94000 -128.50000 1.50000 -253.5677
19.96000 -49.48000 1.50000 -167.6598
-195.55000 -35.66000 1.50000 -212.3327
-250.94000 -128.50000 1.50000 -253.5822
19.96000 -49.48000 1.50000 -167.6881
-195.55000 -35.66000 1.50000 -212.3500
-250.94000 -128.50000 1.50000 -253.5966
19.96000 -49.48000 1.50000 -167.7163
-195.55000 -35.66000 1.50000 -212.3673
-250.94000 -128.50000 1.50000 -253.6111
19.96000 -49.48000 1.50000 -167.7444
-195.55000 -35.66000 1.50000 -212.3845
-250.94000 -128.50000 1.50000 -253.6255
19.96000 -49.48000 1.50000 -167.7724
-195.55000 -35.66000 1.50000 -212.4017
-250.94000 -128.50000 1.50000 -253.6399
19.96000 -49.48000 1.50000 -167.8004
-195.55000 -35.66000 1.50000 -212.4189
-250.94000 -128.50000 1.50000 -253.6543
19.96000 -49.48000 1.50000 -167.8283
-195.55000 -35.66000 1.50000 -212.4361
-250.94000 -128.50000 1.50000 -253.6686
19.96000 -49.48000 1.50000 -167.8560
-195.55000 -35.66000 1.50000 -212.4532
-250.94000 -128.50000 1.50000 -253.6830
19.96000 -49.48000 1.50000 -167.8838
-195.55000 -35.66000 1.50000 -212.4702
-250.94000 -128.50000 1.50000 -253.6973
19.96000 -49.48000 1.50000 -127.8740
-195.55000 -35.66000 1.50000 -212.4673
-250.94000 -128.50000 1.50000 -293.6927
19.96000 -49.48000 1.50000 -167.8463
-195.55000 -35.66000 1.50000 -212.4503
-250.94000 -128.50000 1.50000 -293.6783
19.96000 -49.48000 1.50000 -167.8184
-195.55000 -35.66000 1.50000 -212.4331
-250.94000 -128.50000 1.50000 -293.6640
19.96000 -49.48000 1.50000 -167.7905
-195.55000 -35.66000 1.50000 -212.4160
-250.94000 -128.50000 1.50000 -253.6496
19.96000 -49.48000 1.50000 -167.7625
-195.55000 -35.66000 1.50000 -212.3988
-250.94000 -128.50000 1.50000 -253.6352
19.96000 -49.48000 1.50000 -167.7344
-195.55000 -35.66000 1.50000 -212.3816
-250.94000 -128.50000 1.50000 -253.6208
19.96000 -49.48000 1.50000 -167.7062
-195.55000 -35.66000 1.50000 -212.3643
-250.94000 -128.50000 1.50000 -253.6064
19.96000 -49.48000 1.50000 -167.6779
-195.55000 -35.66000 1.50000 -212.3470
-250.94000 -128.50000 1.50000 -253.5919
19.96000 -49.48000 1.50000 -167.6496
-195.55000 -35.66000 1.50000 -212.3297
-250.94000 -128.50000 1.50000 -253.5775
19.96000 -49.48000 1.50000 -167.6212
-195.55000 -35.66000 1.50000 -212.3123
-250.94000 -128.50000 1.50000 -253.5629
19.96000 -49.48000 1.50000 -167.5927
-195.55000 -35.66000 1.50000 -212.2950
-250.94000 -128.50000 1.50000 -253.5484
19.96000 -49.48000 1.50000 -167.5641
-195.55000 -35.66000 1.50000 -212.2775
-250.94000 -128.50000 1.50000 -253.5339
19.96000 -49.48000 1.50000 -167.5354
-195.55000 -35.66000 1.50000 -212.2601
-250.94000 -128.50000 1.50000 -253.5193
19.96000 -49.48000 1.50000 -167.5067
-195.55000 -35.66000 1.50000 -212.2426
-250.94000 -128.50000 1.50000 -253.5047
19.96000 -49.48000 1.50000 -167.4779
-195.55000 -35.66000 1.50000 -212.2250
-250.94000 -128.50000 1.50000 -253.4901
19.96000 -49.48000 1.50000 -167.4490
-195.55000 -35.66000 1.50000 -212.2075
-250.94000 -128.50000 1.50000 -253.4755
19.96000 -49.48000 1.50000 -167.4200
-195.55000 -35.66000 1.50000 -212.1899
-250.94000 -128.50000 1.50000 -253.4608
19.96000 -49.48000 1.50000 -167.3909
-195.55000 -35.66000 1.50000 -212.1723
-250.94000 -128.50000 1.50000 -253.4462
19.96000 -49.48000 1.50000 -167.3617
-195.55000 -35.66000 1.50000 -212.1546
-250.94000 -128.50000 1.50000 -253.4315
19.96000 -49.48000 1.50000 -167.3325
-195.55000 -35.66000 1.50000 -212.1369
-250.94000 -128.50000 1.50000 -253.4167
19.96000 -49.48000 1.50000 -167.3032
-195.55000 -35.66000 1.50000 -212.1192
-250.94000 -128.50000 1.50000 -253.4020
19.96000 -49.48000 1.50000 -167.2737
-195.55000 -35.66000 1.50000 -212.1014
-250.94000 -128.50000 1.50000 -253.3872
19.96000 -49.48000 1.50000 -167.2442
-195.55000 -35.66000 1.50000 -212.0836
-250.94000 -128.50000 1.50000 -253.3724
19.96000 -49.48000 1.50000 -167.2147
-195.55000 -35.66000 1.50000 -212.0658
-250.94000 -128.50000 1.50000 -253.3576
19.96000 -49.48000 1.50000 -167.1850
-195.55000 -35.66000 1.50000 -212.0479
-250.94000 -128.50000 1.50000 -253.3428
19.96000 -49.48000 1.50000 -167.1552
-195.55000 -35.66000 1.50000 -212.0300
-250.94000 -128.50000 1.50000 -253.3279
19.96000 -49.48000 1.50000 -167.1254
-195.55000 -35.66000 1.50000 -212.0120
-250.94000 -128.50000 1.50000 -253.3131
19.96000 -49.48000 1.50000 -167.0955
-195.55000 -35.66000 1.50000 -211.9940
-250.94000 -128.50000 1.50000 -253.2982
19.96000 -49.48000 1.50000 -167.0654
-195.55000 -35.66000 1.50000 -211.9760
-250.94000 -128.50000 1.50000 -253.2832
19.96000 -49.48000 1.50000 -167.0353
-195.55000 -35.66000 1.50000 -211.9580
-250.94000 -128.50000 1.50000 -253.2683
19.96000 -49.48000 1.50000 -167.0051
-195.55000 -35.66000 1.50000 -211.9399
-250.94000 -128.50000 1.50000 -253.2533
19.96000 -49.48000 1.50000 -166.9748
-195.55000 -35.66000 1.50000 -211.9217
-250.94000 -128.50000 1.50000 -253.2383
19.96000 -49.48000 1.50000 -166.9445
-195.55000 -35.66000 1.50000 -211.9036
-250.94000 -128.50000 1.50000 -253.2233
19.96000 -49.48000 1.50000 -166.9140
-195.55000 -35.66000 1.50000 -211.8854
-250.94000 -128.50000 1.50000 -253.2083
19.96000 -49.48000 1.50000 -166.8834
-195.55000 -35.66000 1.50000 -211.8671
-250.94000 -128.50000 1.50000 -253.1932
19.96000 -49.48000 1.50000 -166.8528
-195.55000 -35.66000 1.50000 -211.8489
-250.94000 -128.50000 1.50000 -253.1781
19.96000 -49.48000 1.50000 -166.8220
-195.55000 -35.66000 1.50000 -211.8305
-250.94000 -128.50000 1.50000 -253.1630
19.96000 -49.48000 1.50000 -166.7912
-195.55000 -35.66000 1.50000 -211.8122
-250.94000 -128.50000 1.50000 -253.1479
19.96000 -49.48000 1.50000 -166.7603
-195.55000 -35.66000 1.50000 -211.7938
-250.94000 -128.50000 1.50000 -253.1328
19.96000 -49.48000 1.50000 -166.7293
-195.55000 -35.66000 1.50000 -211.7754
-250.94000 -128.50000 1.50000 -253.1176
19.96000 -49.48000 1.50000 -166.6982
-195.55000 -35.66000 1.50000 -211.7569
-250.94000 -128.50000 1.50000 -253.1024
19.96000 -49.48000 1.50000 -166.6670
-195.55000 -35.66000 1.50000 -211.7384
-250.94000 -128.50000 1.50000 -253.0872
19.96000 -49.48000 1.50000 -166.6357
-195.55000 -35.66000 1.50000 -211.7199
-250.94000 -128.50000 1.50000 -253.0719
19.96000 -49.48000 1.50000 -166.6043
-195.55000 -35.66000 1.50000 -211.7013
-250.94000 -128.50000 1.50000 -253.0566
19.96000 -49.48000 1.50000 -206.5728
-195.55000 -35.66000 1.50000 -211.6827
-250.94000 -128.50000 1.50000 -253.0414
19.96000 -49.48000 1.50000 -166.5412
-195.55000 -35.66000 1.50000 -211.6640
-250.94000 -128.50000 1.50000 -253.0260
19.96000 -49.48000 1.50000 -166.5095
-195.55000 -35.66000 1.50000 -211.6453
-250.94000 -128.50000 1.50000 -253.0107
19.96000 -49.48000 1.50000 -166.4778
-195.55000 -35.66000 1.50000 -211.6266
-250.94000 -128.50000 1.50000 -212.9953
19.96000 -49.48000 1.50000 -166.4459
-195.55000 -35.66000 1.50000 -211.6078
-250.94000 -128.50000 1.50000 -212.9799
19.96000 -49.48000 1.50000 -166.4139
-195.55000 -35.66000 1.50000 -211.5890
-250.94000 -128.50000 1.50000 -212.9645
19.96000 -49.48000 1.50000 -166.3819
-195.55000 -35.66000 1.50000 -211.5702
-250.94000 -128.50000 1.50000 -212.9491
19.96000 -49.48000 1.50000 -166.3497
-195.55000 -35.66000 1.50000 -211.5513
-250.94000 -128.50000 1.50000 -212.9336
19.96000 -49.48000 1.50000 -166.3175
-195.55000 -35.66000 1.50000 -211.5323
-250.94000 -128.50000 1.50000 -212.9182
19.96000 -49.48000 1.50000 -166.2851
-195.55000 -35.66000 1.50000 -211.5134
-250.94000 -128.50000 1.50000 -212.9026
19.96000 -49.48000 1.50000 -166.2527
-195.55000 -35.66000 1.50000 -211.4944
-250.94000 -128.50000 1.50000 -212.8871
19.96000 -49.48000 1.50000 -166.2201
-195.55000 -35.66000 1.50000 -211.4753
-250.94000 -128.50000 1.50000 -212.8716
19.96000 -49.48000 1.50000 -166.1875
-195.55000 -35.66000 1.50000 -211.4562
-250.94000 -128.50000 1.50000 -212.8560
19.96000 -49.48000 1.50000 -166.1547
-195.55000 -35.66000 1.50000 -211.4371
-250.94000 -128.50000 1.50000 -212.8404
19.96000 -49.48000 1.50000 -126.1219
-195.55000 -35.66000 1.50000 -211.4179
-250.94000 -128.50000 1.50000 -212.8247
19.96000 -49.48000 1.50000 -126.0889
-195.55000 -35.66000 1.50000 -171.3987
-250.94000 -128.50000 1.50000 -212.8091
19.96000 -49.48000 1.50000 -126.0559
-195.55000 -35.66000 1.50000 -171.3795
-250.94000 -128.50000 1.50000 -252.7934
19.96000 -49.48000 1.50000 -126.0228
-195.55000 -35.66000 1.50000 -171.3602
-250.94000 -128.50000 1.50000 -252.7777
19.96000 -49.48000 1.50000 -125.9895
-195.55000 -35.66000 1.50000 -171.3408
-250.94000 -128.50000 1.50000 -252.7620
19.96000 -49.48000 1.50000 -125.9561
-195.55000 -35.66000 1.50000 -171.3215
-250.94000 -128.50000 1.50000 -252.7462
19.96000 -49.48000 1.50000 -125.9227
-195.55000 -35.66000 1.50000 -171.3020
-250.94000 -128.50000 1.50000 -252.7304
19.96000 -49.48000 1.50000 -125.8891
-195.55000 -35.66000 1.50000 -171.2826
-250.94000 -128.50000 1.50000 -252.7146
19.96000 -49.48000 1.50000 -125.8555
-195.55000 -35.66000 1.50000 -171.2631
-250.94000 -128.50000 1.50000 -292.6988
19.96000 -49.48000 1.50000 -125.8217
-195.55000 -35.66000 1.50000 -171.2435
-250.94000 -128.50000 1.50000 -292.6829
19.96000 -49.48000 1.50000 -125.7878
-195.55000 -35.66000 1.50000 -171.2239
-250.94000 -128.50000 1.50000 -292.6671
19.96000 -49.48000 1.50000 -125.7539
-195.55000 -35.66000 1.50000 -171.2043
-250.94000 -128.50000 1.50000 -292.6512
19.96000 -49.48000 1.50000 -125.7198
-195.55000 -35.66000 1.50000 -131.1846
-250.94000 -128.50000 1.50000 -292.6353
19.96000 -49.48000 1.50000 -125.6856
-195.55000 -35.66000 1.50000 -131.1649
-250.94000 -128.50000 1.50000 -292.6193
19.96000 -49.48000 1.50000 -125.6513
-195.55000 -35.66000 1.50000 -131.1452
-250.94000 -128.50000 1.50000 -292.6033
19.96000 -49.48000 1.50000 -125.6169
-195.55000 -35.66000 1.50000 -131.1254
-250.94000 -128.50000 1.50000 -292.5873
19.96000 -49.48000 1.50000 -125.5824
-195.55000 -35.66000 1.50000 -131.1055
-250.94000 -128.50000 1.50000 -252.5713
19.96000 -49.48000 1.50000 -125.5478
-195.55000 -35.66000 1.50000 -131.0856
-250.94000 -128.50000 1.50000 -252.5552
19.96000 -49.48000 1.50000 -125.5131
-195.55000 -35.66000 1.50000 -131.0657
-250.94000 -128.50000 1.50000 -252.5391
19.96000 -49.48000 1.50000 -125.4783
-195.55000 -35.66000 1.50000 -131.0457
-250.94000 -128.50000 1.50000 -252.5230
19.96000 -49.48000 1.50000 -125.4434
-195.55000 -35.66000 1.50000 -131.0257
-250.94000 -128.50000 1.50000 -252.5069
19.96000 -49.48000 1.50000 -125.4083
-195.55000 -35.66000 1.50000 -131.0056
-250.94000 -128.50000 1.50000 -252.4907
19.96000 -49.48000 1.50000 -125.3732
-195.55000 -35.66000 1.50000 -130.9855
-250.94000 -128.50000 1.50000 -252.4745
19.96000 -49.48000 1.50000 -125.3379
-195.55000 -35.66000 1.50000 -130.9654
-250.94000 -128.50000 1.50000 -252.4583
19.96000 -49.48000 1.50000 -125.3026
-195.55000 -35.66000 1.50000 -130.9452
-250.94000 -128.50000 1.50000 -252.4421
19.96000 -49.48000 1.50000 -125.2671
-195.55000 -35.66000 1.50000 -130.9249
-250.94000 -128.50000 1.50000 -252.4258
19.96000 -49.48000 1.50000 -125.2315
-195.55000 -35.66000 1.50000 -130.9046
-250.94000 -128.50000 1.50000 -252.4095
19.96000 -49.48000 1.50000 -125.1959
-195.55000 -35.66000 1.50000 -130.8843
-250.94000 -128.50000 1.50000 -252.3932
19.96000 -49.48000 1.50000 -125.1601
-195.55000 -35.66000 1.50000 -130.8639
-250.94000 -128.50000 1.50000 -252.3769
19.96000 -49.48000 1.50000 -125.1241
-195.55000 -35.66000 1.50000 -130.8435
-250.94000 -128.50000 1.50000 -252.3605
19.96000 -49.48000 1.50000 -125.0881
-195.55000 -35.66000 1.50000 -130.8230
-250.94000 -128.50000 1.50000 -252.3441
19.96000 -49.48000 1.50000 -165.0520
-195.55000 -35.66000 1.50000 -130.8025
-250.94000 -128.50000 1.50000 -252.3277
19.96000 -49.48000 1.50000 -165.0158
-195.55000 -35.66000 1.50000 -130.7819
-250.94000 -128.50000 1.50000 -252.3112
19.96000 -49.48000 1.50000 -164.9794
-195.55000 -35.66000 1.50000 -130.7613
-250.94000 -128.50000 1.50000 -252.2948
19.96000 -49.48000 1.50000 -164.9429
-195.55000 -35.66000 1.50000 -130.7406
-250.94000 -128.50000 1.50000 -292.2783
19.96000 -49.48000 1.50000 -164.9064
-195.55000 -35.66000 1.50000 -130.7199
-250.94000 -128.50000 1.50000 -252.2617
19.96000 -49.48000 1.50000 -164.8697
-195.55000 -35.66000 1.50000 -130.6992
-250.94000 -128.50000 1.50000 -252.2452
19.96000 -49.48000 1.50000 -164.8329
-195.55000 -35.66000 1.50000 -130.6784
-250.94000 -128.50000 1.50000 -252.2286
19.96000 -49.48000 1.50000 -164.7960
-195.55000 -35.66000 1.50000 -130.6575
-250.94000 -128.50000 1.50000 -252.2120
19.96000 -49.48000 1.50000 -164.7590
-195.55000 -35.66000 1.50000 -130.6366
-250.94000 -128.50000 1.50000 -252.1954
19.96000 -49.48000 1.50000 -164.7218
-195.55000 -35.66000 1.50000 -130.6157
-250.94000 -128.50000 1.50000 -252.1787
19.96000 -49.48000 1.50000 -164.6846
-195.55000 -35.66000 1.50000 -130.5947
-250.94000 -128.50000 1.50000 -252.1620
19.96000 -49.48000 1.50000 -164.6472
-195.55000 -35.66000 1.50000 -130.5737
-250.94000 -128.50000 1.50000 -252.1453
19.96000 -49.48000 1.50000 -164.6097
-195.55000 -35.66000 1.50000 -130.5526
-250.94000 -128.50000 1.50000 -252.1286
19.96000 -49.48000 1.50000 -164.5721
-195.55000 -35.66000 1.50000 -130.5314
-250.94000 -128.50000 1.50000 -252.1118
19.96000 -49.48000 1.50000 -164.5344
-195.55000 -35.66000 1.50000 -130.5102
-250.94000 -128.50000 1.50000 -252.0950
19.96000 -49.48000 1.50000 -164.4966
-195.55000 -35.66000 1.50000 -130.4890
-250.94000 -128.50000 1.50000 -252.0782
19.96000 -49.48000 1.50000 -164.4587
-195.55000 -35.66000 1.50000 -130.4677
-250.94000 -128.50000 1.50000 -252.0613
19.96000 -49.48000 1.50000 -164.4206
-195.55000 -35.66000 1.50000 -130.4464
-250.94000 -128.50000 1.50000 -252.0444
19.96000 -49.48000 1.50000 -164.3825
-195.55000 -35.66000 1.50000 -170.4250
-250.94000 -128.50000 1.50000 -252.0275
19.96000 -49.48000 1.50000 -164.3442
-195.55000 -35.66000 1.50000 -170.4035
-250.94000 -128.50000 1.50000 -252.0106
19.96000 -49.48000 1.50000 -164.3058
-195.55000 -35.66000 1.50000 -170.3820
-250.94000 -128.50000 1.50000 -251.9936
19.96000 -49.48000 1.50000 -164.2673
-195.55000 -35.66000 1.50000 -170.3605
-250.94000 -128.50000 1.50000 -251.9766
19.96000 -49.48000 1.50000 -164.2451
-195.55000 -35.66000 1.50000 -130.3558
-250.94000 -128.50000 1.50000 -251.9698
19.96000 -49.48000 1.50000 -164.2838
-195.55000 -35.66000 1.50000 -130.3774
-250.94000 -128.50000 1.50000 -251.9868
19.96000 -49.48000 1.50000 -164.3224
-195.55000 -35.66000 1.50000 -130.3989
-250.94000 -128.50000 1.50000 -252.0038
19.96000 -49.48000 1.50000 -164.3609
-195.55000 -35.66000 1.50000 -130.4204
-250.94000 -128.50000 1.50000 -252.0208
19.96000 -49.48000 1.50000 -164.3992
-195.55000 -35.66000 1.50000 -130.4418
-250.94000 -128.50000 1.50000 -252.0377
19.96000 -49.48000 1.50000 -164.4375
-195.55000 -35.66000 1.50000 -130.4632
-250.94000 -128.50000 1.50000 -252.0546
19.96000 -49.48000 1.50000 -164.4756
-195.55000 -35.66000 1.50000 -130.4845
-250.94000 -128.50000 1.50000 -252.0715
19.96000 -49.48000 1.50000 -164.5136
-195.55000 -35.66000 1.50000 -130.5057
-250.94000 -128.50000 1.50000 -252.0884
19.96000 -49.48000 1.50000 -164.5515
-195.55000 -35.66000 1.50000 -130.5269
-250.94000 -128.50000 1.50000 -252.1052
19.96000 -49.48000 1.50000 -164.5892
-195.55000 -35.66000 1.50000 -130.5481
-250.94000 -128.50000 1.50000 -252.1220
19.96000 -49.48000 1.50000 -164.6269
-195.55000 -35.66000 1.50000 -130.5692
-250.94000 -128.50000 1.50000 -252.1387
19.96000 -49.48000 1.50000 -164.6644
-195.55000 -35.66000 1.50000 -130.5903
-250.94000 -128.50000 1.50000 -252.1555
19.96000 -49.48000 1.50000 -164.7018
-195.55000 -35.66000 1.50000 -130.6113
-250.94000 -128.50000 1.50000 -252.1722
19.96000 -49.48000 1.50000 -164.7392
-195.55000 -35.66000 1.50000 -130.6323
-250.94000 -128.50000 1.50000 -252.1889
19.96000 -49.48000 1.50000 -164.7764
-195.55000 -35.66000 1.50000 -130.6532
-250.94000 -128.50000 1.50000 -252.2056
19.96000 -49.48000 1.50000 -164.8134
-195.55000 -35.66000 1.50000 -130.6740
-250.94000 -128.50000 1.50000 -292.2222
19.96000 -49.48000 1.50000 -164.8504
-195.55000 -35.66000 1.50000 -130.6949
-250.94000 -128.50000 1.50000 -252.2388
19.96000 -49.48000 1.50000 -164.8872
-195.55000 -35.66000 1.50000 -130.7157
-250.94000 -128.50000 1.50000 -252.2554
19.96000 -49.48000 1.50000 -164.9240
-195.55000 -35.66000 1.50000 -130.7364
-250.94000 -128.50000 1.50000 -252.2719
19.96000 -49.48000 1.50000 -164.9606
-195.55000 -35.66000 1.50000 -130.7570
-250.94000 -128.50000 1.50000 -252.2885
19.96000 -49.48000 1.50000 -124.9971
-195.55000 -35.66000 1.50000 -130.7777
-250.94000 -128.50000 1.50000 -252.3049
19.96000 -49.48000 1.50000 -125.0335
-195.55000 -35.66000 1.50000 -130.7983
-250.94000 -128.50000 1.50000 -252.3214
19.96000 -49.48000 1.50000 -125.0698
-195.55000 -35.66000 1.50000 -130.8188
-250.94000 -128.50000 1.50000 -252.3379
19.96000 -49.48000 1.50000 -125.1059
-195.55000 -35.66000 1.50000 -130.8393
-250.94000 -128.50000 1.50000 -252.3543
19.96000 -49.48000 1.50000 -125.1420
-195.55000 -35.66000 1.50000 -130.8598
-250.94000 -128.50000 1.50000 -252.3707
19.96000 -49.48000 1.50000 -125.1779
-195.55000 -35.66000 1.50000 -130.8802
-250.94000 -128.50000 1.50000 -252.3870
19.96000 -49.48000 1.50000 -125.2138
-195.55000 -35.66000 1.50000 -130.9005
-250.94000 -128.50000 1.50000 -252.4034
19.96000 -49.48000 1.50000 -125.2495
-195.55000 -35.66000 1.50000 -130.9208
-250.94000 -128.50000 1.50000 -252.4197
19.96000 -49.48000 1.50000 -125.2851
-195.55000 -35.66000 1.50000 -130.9411
-250.94000 -128.50000 1.50000 -252.4360
19.96000 -49.48000 1.50000 -125.3206
-195.55000 -35.66000 1.50000 -130.9613
-250.94000 -128.50000 1.50000 -252.4522
19.96000 -49.48000 1.50000 -125.3560
-195.55000 -35.66000 1.50000 -130.9815
-250.94000 -128.50000 1.50000 -252.4685
19.96000 -49.48000 1.50000 -125.3913
-195.55000 -35.66000 1.50000 -131.0016
-250.94000 -128.50000 1.50000 -252.4847
19.96000 -49.48000 1.50000 -125.4265
-195.55000 -35.66000 1.50000 -131.0217
-250.94000 -128.50000 1.50000 -252.5009
19.96000 -49.48000 1.50000 -125.4615
-195.55000 -35.66000 1.50000 -131.0417
-250.94000 -128.50000 1.50000 -252.5170
19.96000 -49.48000 1.50000 -125.4965
-195.55000 -35.66000 1.50000 -131.0617
-250.94000 -128.50000 1.50000 -292.5331
19.96000 -49.48000 1.50000 -125.5313
-195.55000 -35.66000 1.50000 -131.0817
-250.94000 -128.50000 1.50000 -292.5493
19.96000 -49.48000 1.50000 -125.5661
-195.55000 -35.66000 1.50000 -171.1016
-250.94000 -128.50000 1.50000 -292.5653
19.96000 -49.48000 1.50000 -125.6007
-195.55000 -35.66000 1.50000 -171.1214
-250.94000 -128.50000 1.50000 -292.5814
19.96000 -49.48000 1.50000 -125.6352
-195.55000 -35.66000 1.50000 -171.1413
-250.94000 -128.50000 1.50000 -292.5974
19.96000 -49.48000 1.50000 -125.6696
-195.55000 -35.66000 1.50000 -171.1610
-250.94000 -128.50000 1.50000 -292.6134
19.96000 -49.48000 1.50000 -125.7039
-195.55000 -35.66000 1.50000 -171.1808
-250.94000 -128.50000 1.50000 -292.6294
19.96000 -49.48000 1.50000 -125.7381
-195.55000 -35.66000 1.50000 -171.2005
-250.94000 -128.50000 1.50000 -292.6453
19.96000 -49.48000 1.50000 -125.7722
-195.55000 -35.66000 1.50000 -171.2201
-250.94000 -128.50000 1.50000 -292.6613
19.96000 -49.48000 1.50000 -125.8062
-195.55000 -35.66000 1.50000 -171.2397
-250.94000 -128.50000 1.50000 -252.6772
19.96000 -49.48000 1.50000 -125.8401
-195.55000 -35.66000 1.50000 -171.2593
-250.94000 -128.50000 1.50000 -252.6930
19.96000 -49.48000 1.50000 -125.8739
-195.55000 -35.66000 1.50000 -171.2788
-250.94000 -128.50000 1.50000 -252.7089
19.96000 -49.48000 1.50000 -125.9075
-195.55000 -35.66000 1.50000 -171.2983
-250.94000 -128.50000 1.50000 -252.7247
19.96000 -49.48000 1.50000 -125.9411
-195.55000 -35.66000 1.50000 -211.3177
-250.94000 -128.50000 1.50000 -252.7405
19.96000 -49.48000 1.50000 -125.9746
-195.55000 -35.66000 1.50000 -211.3371
-250.94000 -128.50000 1.50000 -212.7563
19.96000 -49.48000 1.50000 -126.0080
-195.55000 -35.66000 1.50000 -211.3565
-250.94000 -128.50000 1.50000 -212.7720
19.96000 -49.48000 1.50000 -126.0412
-195.55000 -35.66000 1.50000 -211.3758
-250.94000 -128.50000 1.50000 -212.7878
19.96000 -49.48000 1.50000 -166.0744
-195.55000 -35.66000 1.50000 -211.3951
-250.94000 -128.50000 1.50000 -212.8035
19.96000 -49.48000 1.50000 -166.1074
-195.55000 -35.66000 1.50000 -211.4143
-250.94000 -128.50000 1.50000 -212.8191
19.96000 -49.48000 1.50000 -166.1404
-195.55000 -35.66000 1.50000 -211.4335
-250.94000 -128.50000 1.50000 -212.8348
19.96000 -49.48000 1.50000 -166.1732
-195.55000 -35.66000 1.50000 -211.4526
-250.94000 -128.50000 1.50000 -212.8504
19.96000 -49.48000 1.50000 -166.2060
-195.55000 -35.66000 1.50000 -211.4717
-250.94000 -128.50000 1.50000 -212.8660
19.96000 -49.48000 1.50000 -166.2386
-195.55000 -35.66000 1.50000 -211.4908
-250.94000 -128.50000 1.50000 -212.8816
19.96000 -49.48000 1.50000 -166.2712
-195.55000 -35.66000 1.50000 -211.5098
-250.94000 -128.50000 1.50000 -212.8971
19.96000 -49.48000 1.50000 -166.3037
-195.55000 -35.66000 1.50000 -211.5288
-250.94000 -128.50000 1.50000 -212.9127
19.96000 -49.48000 1.50000 -166.3360
-195.55000 -35.66000 1.50000 -211.5477
-250.94000 -128.50000 1.50000 -212.9282
19.96000 -49.48000 1.50000 -166.3683
-195.55000 -35.66000 1.50000 -211.5666
-250.94000 -128.50000 1.50000 -212.9436
19.96000 -49.48000 1.50000 -166.4004
-195.55000 -35.66000 1.50000 -211.5855
-250.94000 -128.50000 1.50000 -252.9591
19.96000 -49.48000 1.50000 -166.4325
-195.55000 -35.66000 1.50000 -211.6043
-250.94000 -128.50000 1.50000 -252.9745
19.96000 -49.48000 1.50000 -206.4644
-195.55000 -35.66000 1.50000 -211.6231
-250.94000 -128.50000 1.50000 -252.9899
19.96000 -49.48000 1.50000 -206.4963
-195.55000 -35.66000 1.50000 -211.6419
-250.94000 -128.50000 1.50000 -253.0053
19.96000 -49.48000 1.50000 -166.5281
-195.55000 -35.66000 1.50000 -211.6606
-250.94000 -128.50000 1.50000 -253.0207
19.96000 -49.48000 1.50000 -166.5598
-195.55000 -35.66000 1.50000 -211.6792
-250.94000 -128.50000 1.50000 -253.0360
19.96000 -49.48000 1.50000 -166.5913
-195.55000 -35.66000 1.50000 -211.6979
-250.94000 -128.50000 1.50000 -253.0513
19.96000 -49.48000 1.50000 -166.6228
-195.55000 -35.66000 1.50000 -211.7165
-250.94000 -128.50000 1.50000 -253.0666
19.96000 -49.48000 1.50000 -166.6542
-195.55000 -35.66000 1.50000 -211.7350
-250.94000 -128.50000 1.50000 -253.0819
19.96000 -49.48000 1.50000 -166.6855
-195.55000 -35.66000 1.50000 -211.7535
-250.94000 -128.50000 1.50000 -253.0971
19.96000 -49.48000 1.50000 -166.7167
-195.55000 -35.66000 1.50000 -211.7720
-250.94000 -128.50000 1.50000 -253.1123
19.96000 -49.48000 1.50000 -166.7478
-195.55000 -35.66000 1.50000 -211.7905
-250.94000 -128.50000 1.50000 -253.1275
19.96000 -49.48000 1.50000 -166.7788
-195.55000 -35.66000 1.50000 -211.8089
-250.94000 -128.50000 1.50000 -253.1427
19.96000 -49.48000 1.50000 -166.8097
-195.55000 -35.66000 1.50000 -211.8272
-250.94000 -128.50000 1.50000 -253.1579
19.96000 -49.48000 1.50000 -166.8406
-195.55000 -35.66000 1.50000 -211.8456
-250.94000 -128.50000 1.50000 -253.1730
19.96000 -49.48000 1.50000 -166.8713
-195.55000 -35.66000 1.50000 -211.8638
-250.94000 -128.50000 1.50000 -253.1881
19.96000 -49.48000 1.50000 -166.9019
-195.55000 -35.66000 1.50000 -211.8821
-250.94000 -128.50000 1.50000 -253.2032
19.96000 -49.48000 1.50000 -166.9325
-195.55000 -35.66000 1.50000 -211.9003
-250.94000 -128.50000 1.50000 -253.2182
19.96000 -49.48000 1.50000 -166.9630
-195.55000 -35.66000 1.50000 -211.9185
-250.94000 -128.50000 1.50000 -253.2332
19.96000 -49.48000 1.50000 -166.9933
-195.55000 -35.66000 1.50000 -211.9366
-250.94000 -128.50000 1.50000 -253.2483
19.96000 -49.48000 1.50000 -167.0236
-195.55000 -35.66000 1.50000 -211.9547
-250.94000 -128.50000 1.50000 -253.2632
19.96000 -49.48000 1.50000 -167.0538
-195.55000 -35.66000 1.50000 -211.9728
-250.94000 -128.50000 1.50000 -253.2782
19.96000 -49.48000 1.50000 -167.0839
-195.55000 -35.66000 1.50000 -211.9908
-250.94000 -128.50000 1.50000 -253.2932
19.96000 -49.48000 1.50000 -167.1139
-195.55000 -35.66000 1.50000 -212.0088
-250.94000 -128.50000 1.50000 -253.3081
19.96000 -49.48000 1.50000 -167.1438
-195.55000 -35.66000 1.50000 -212.0268
-250.94000 -128.50000 1.50000 -253.3230
19.96000 -49.48000 1.50000 -167.1737
-195.55000 -35.66000 1.50000 -212.0447
-250.94000 -128.50000 1.50000 -253.3378
19.96000 -49.48000 1.50000 -167.2034
-195.55000 -35.66000 1.50000 -212.0626
-250.94000 -128.50000 1.50000 -253.3527
19.96000 -49.48000 1.50000 -167.2331
-195.55000 -35.66000 1.50000 -212.0804
-250.94000 -128.50000 1.50000 -253.3675
19.96000 -49.48000 1.50000 -167.2627
-195.55000 -35.66000 1.50000 -212.0983
-250.94000 -128.50000 1.50000 -253.3823
19.96000 -49.48000 1.50000 -167.2921
-195.55000 -35.66000 1.50000 -212.1161
-250.94000 -128.50000 1.50000 -253.3971
19.96000 -49.48000 1.50000 -167.3215
-195.55000 -35.66000 1.50000 -212.1338
-250.94000 -128.50000 1.50000 -253.4118
19.96000 -49.48000 1.50000 -167.3509
-195.55000 -35.66000 1.50000 -212.1515
-250.94000 -128.50000 1.50000 -253.4266
19.96000 -49.48000 1.50000 -167.3801
-195.55000 -35.66000 1.50000 -212.1692
-250.94000 -128.50000 1.50000 -253.4413
19.96000 -49.48000 1.50000 -167.4093
-195.55000 -35.66000 1.50000 -212.1868
-250.94000 -128.50000 1.50000 -253.4560
19.96000 -49.48000 1.50000 -167.4383
-195.55000 -35.66000 1.50000 -212.2044
-250.94000 -128.50000 1.50000 -253.4707
19.96000 -49.48000 1.50000 -167.4673
-195.55000 -35.66000 1.50000 -212.2220
-250.94000 -128.50000 1.50000 -253.4853
19.96000 -49.48000 1.50000 -167.4962
-195.55000 -35.66000 1.50000 -212.2395
-250.94000 -128.50000 1.50000 -253.4999
19.96000 -49.48000 1.50000 -167.5250
-195.55000 -35.66000 1.50000 -212.2570
-250.94000 -128.50000 1.50000 -253.5145
19.96000 -49.48000 1.50000 -167.5537
-195.55000 -35.66000 1.50000 -212.2745
-250.94000 -128.50000 1.50000 -253.5291
19.96000 -49.48000 1.50000 -167.5824
-195.55000 -35.66000 1.50000 -212.2920
-250.94000 -128.50000 1.50000 -253.5437
19.96000 -49.48000 1.50000 -167.6109
-195.55000 -35.66000 1.50000 -212.3094
-250.94000 -128.50000 1.50000 -253.5582
19.96000 -49.48000 1.50000 -167.6394
-195.55000 -35.66000 1.50000 -212.3267
-250.94000 -128.50000 1.50000 -253.5727
19.96000 -49.48000 1.50000 -167.6678
-195.55000 -35.66000 1.50000 -212.3441
-250.94000 -128.50000 1.50000 -253.5872
19.96000 -49.48000 1.50000 -167.6962
-195.55000 -35.66000 1.50000 -212.3614
-250.94000 -128.50000 1.50000 -253.6017
19.96000 -49.48000 1.50000 -167.7244
-195.55000 -35.66000 1.50000 -212.3786
-250.94000 -128.50000 1.50000 -293.6161
19.96000 -49.48000 1.50000 -167.7525
-195.55000 -35.66000 1.50000 -212.3959
-250.94000 -128.50000 1.50000 -293.6306
19.96000 -49.48000 1.50000 -167.7806
-195.55000 -35.66000 1.50000 -212.4131
-250.94000 -128.50000 1.50000 -293.6450
19.96000 -49.48000 1.50000 -127.8086
-195.55000 -35.66000 1.50000 -212.4302
-250.94000 -128.50000 1.50000 -293.6594
19.96000 -49.48000 1.50000 -127.7989
-195.55000 -35.66000 1.50000 -252.4274
-250.94000 -128.50000 1.50000 -253.6548
19.96000 -49.48000 1.50000 -127.7709
-195.55000 -35.66000 1.50000 -252.4102
-250.94000 -128.50000 1.50000 -253.6404
19.96000 -49.48000 1.50000 -127.7427
-195.55000 -35.66000 1.50000 -252.3930
-250.94000 -128.50000 1.50000 -293.6260
19.96000 -49.48000 1.50000 -127.7145
-195.55000 -35.66000 1.50000 -212.3757
-250.94000 -128.50000 1.50000 -293.6115
19.96000 -49.48000 1.50000 -167.6862
-195.55000 -35.66000 1.50000 -212.3585
-250.94000 -128.50000 1.50000 -293.5970
19.96000 -49.48000 1.50000 -167.6578
-195.55000 -35.66000 1.50000 -212.3411
-250.94000 -128.50000 1.50000 -293.5826
19.96000 -49.48000 1.50000 -167.6293
-195.55000 -35.66000 1.50000 -212.3238
-250.94000 -128.50000 1.50000 -293.5681
19.96000 -49.48000 1.50000 -167.6008
-195.55000 -35.66000 1.50000 -212.3064
-250.94000 -128.50000 1.50000 -253.5535
19.96000 -49.48000 1.50000 -167.5722
-195.55000 -35.66000 1.50000 -212.2890
-250.94000 -128.50000 1.50000 -253.5390
19.96000 -49.48000 1.50000 -167.5434
-195.55000 -35.66000 1.50000 -212.2715
-250.94000 -128.50000 1.50000 -253.5244
19.96000 -49.48000 1.50000 -167.5146
-195.55000 -35.66000 1.50000 -212.2541
-250.94000 -128.50000 1.50000 -253.5098
19.96000 -49.48000 1.50000 -167.4858
-195.55000 -35.66000 1.50000 -212.2366
-250.94000 -128.50000 1.50000 -253.4952
19.96000 -49.48000 1.50000 -167.4568
-195.55000 -35.66000 1.50000 -212.2190
-250.94000 -128.50000 1.50000 -253.4805
19.96000 -49.48000 1.50000 -167.4277
-195.55000 -35.66000 1.50000 -212.2014
-250.94000 -128.50000 1.50000 -253.4659
19.96000 -49.48000 1.50000 -167.3986
-195.55000 -35.66000 1.50000 -212.1838
-250.94000 -128.50000 1.50000 -253.4512
19.96000 -49.48000 1.50000 -167.3694
-195.55000 -35.66000 1.50000 -212.1662
-250.94000 -128.50000 1.50000 -253.4365
19.96000 -49.48000 1.50000 -167.3401
-195.55000 -35.66000 1.50000 -212.1485
-250.94000 -128.50000 1.50000 -253.4217
19.96000 -49.48000 1.50000 -167.3107
-195.55000 -35.66000 1.50000 -212.1307
-250.94000 -128.50000 1.50000 -253.4070
19.96000 -49.48000 1.50000 -167.2812
-195.55000 -35.66000 1.50000 -212.1130
-250.94000 -128.50000 1.50000 -253.3922
19.96000 -49.48000 1.50000 -167.2517
-195.55000 -35.66000 1.50000 -212.0952
-250.94000 -128.50000 1.50000 -253.3774
19.96000 -49.48000 1.50000 -167.2220
-195.55000 -35.66000 1.50000 -212.0774
-250.94000 -128.50000 1.50000 -253.3626
19.96000 -49.48000 1.50000 -167.1923
-195.55000 -35.66000 1.50000 -212.0595
-250.94000 -128.50000 1.50000 -253.3477
19.96000 -49.48000 1.50000 -167.1624
-195.55000 -35.66000 1.50000 -212.0416
-250.94000 -128.50000 1.50000 -253.3329
19.96000 -49.48000 1.50000 -167.1325
-195.55000 -35.66000 1.50000 -212.0237
-250.94000 -128.50000 1.50000 -253.3180
19.96000 -49.48000 1.50000 -167.1025
-195.55000 -35.66000 1.50000 -212.0057
-250.94000 -128.50000 1.50000 -253.3031
19.96000 -49.48000 1.50000 -167.0724
-195.55000 -35.66000 1.50000 -211.9877
-250.94000 -128.50000 1.50000 -253.2881
19.96000 -49.48000 1.50000 -167.0423
-195.55000 -35.66000 1.50000 -211.9696
-250.94000 -128.50000 1.50000 -253.2732
19.96000 -49.48000 1.50000 -167.0120
-195.55000 -35.66000 1.50000 -211.9515
-250.94000 -128.50000 1.50000 -253.2582
19.96000 -49.48000 1.50000 -166.9816
-195.55000 -35.66000 1.50000 -211.9334
-250.94000 -128.50000 1.50000 -253.2432
19.96000 -49.48000 1.50000 -166.9512
-195.55000 -35.66000 1.50000 -211.9153
-250.94000 -128.50000 1.50000 -253.2282
19.96000 -49.48000 1.50000 -166.9206
-195.55000 -35.66000 1.50000 -211.8971
-250.94000 -128.50000 1.50000 -253.2131
19.96000 -49.48000 1.50000 -166.9088
-195.55000 -35.66000 1.50000 -211.8939
-250.94000 -128.50000 1.50000 -253.2081
19.96000 -49.48000 1.50000 -166.9395
-195.55000 -35.66000 1.50000 -211.9121
-250.94000 -128.50000 1.50000 -253.2231
19.96000 -49.48000 1.50000 -166.9700
-195.55000 -35.66000 1.50000 -211.9303
-250.94000 -128.50000 1.50000 -253.2382
19.96000 -49.48000 1.50000 -167.0005
-195.55000 -35.66000 1.50000 -211.9484
-250.94000 -128.50000 1.50000 -253.2532
19.96000 -49.48000 1.50000 -167.0308
-195.55000 -35.66000 1.50000 -211.9665
-250.94000 -128.50000 1.50000 -253.2682
19.96000 -49.48000 1.50000 -167.0611
-195.55000 -35.66000 1.50000 -211.9845
-250.94000 -128.50000 1.50000 -253.2832
19.96000 -49.48000 1.50000 -167.0912
-195.55000 -35.66000 1.50000 -212.0026
-250.94000 -128.50000 1.50000 -253.2981
19.96000 -49.48000 1.50000 -167.1213
-195.55000 -35.66000 1.50000 -212.0205
-250.94000 -128.50000 1.50000 -253.3130
19.96000 -49.48000 1.50000 -167.1513
-195.55000 -35.66000 1.50000 -212.0385
-250.94000 -128.50000 1.50000 -253.3279
19.96000 -49.48000 1.50000 -167.1812
-195.55000 -35.66000 1.50000 -212.0564
-250.94000 -128.50000 1.50000 -253.3428
19.96000 -49.48000 1.50000 -167.2110
-195.55000 -35.66000 1.50000 -212.0743
-250.94000 -128.50000 1.50000 -253.3577
19.96000 -49.48000 1.50000 -167.2408
-195.55000 -35.66000 1.50000 -212.0921
-250.94000 -128.50000 1.50000 -253.3725
19.96000 -49.48000 1.50000 -167.2704
-195.55000 -35.66000 1.50000 -212.1099
-250.94000 -128.50000 1.50000 -253.3873
19.96000 -49.48000 1.50000 -167.2999
-195.55000 -35.66000 1.50000 -212.1277
-250.94000 -128.50000 1.50000 -253.4021
19.96000 -49.48000 1.50000 -167.3294
-195.55000 -35.66000 1.50000 -212.1454
-250.94000 -128.50000 1.50000 -253.4169
19.96000 -49.48000 1.50000 -167.3588
-195.55000 -35.66000 1.50000 -212.1631
-250.94000 -128.50000 1.50000 -253.4317
19.96000 -49.48000 1.50000 -167.3881
-195.55000 -35.66000 1.50000 -212.1808
-250.94000 -128.50000 1.50000 -253.4464
19.96000 -49.48000 1.50000 -167.4173
-195.55000 -35.66000 1.50000 -212.1984
-250.94000 -128.50000 1.50000 -253.4611
19.96000 -49.48000 1.50000 -167.4464
-195.55000 -35.66000 1.50000 -212.2160
-250.94000 -128.50000 1.50000 -253.4758
19.96000 -49.48000 1.50000 -167.4754
-195.55000 -35.66000 1.50000 -212.2336
-250.94000 -128.50000 1.50000 -253.4904
19.96000 -49.48000 1.50000 -167.5044
-195.55000 -35.66000 1.50000 -212.2511
-250.94000 -128.50000 1.50000 -253.5051
19.96000 -49.48000 1.50000 -167.5332
-195.55000 -35.66000 1.50000 -212.2686
-250.94000 -128.50000 1.50000 -293.5197
19.96000 -49.48000 1.50000 -167.5620
-195.55000 -35.66000 1.50000 -252.2861
-250.94000 -128.50000 1.50000 -293.5343
19.96000 -49.48000 1.50000 -167.5907
-195.55000 -35.66000 1.50000 -252.3035
-250.94000 -128.50000 1.50000 -293.5488
19.96000 -49.48000 1.50000 -127.6193
-195.55000 -35.66000 1.50000 -252.3209
-250.94000 -128.50000 1.50000 -293.5634
19.96000 -49.48000 1.50000 -127.6479
-195.55000 -35.66000 1.50000 -252.3383
-250.94000 -128.50000 1.50000 -293.5779
19.96000 -49.48000 1.50000 -127.6763
-195.55000 -35.66000 1.50000 -252.3556
-250.94000 -128.50000 1.50000 -253.5924
19.96000 -49.48000 1.50000 -127.6665
-195.55000 -35.66000 1.50000 -252.3527
-250.94000 -128.50000 1.50000 -213.5878
19.96000 -49.48000 1.50000 -127.6380
-195.55000 -35.66000 1.50000 -252.3354
-250.94000 -128.50000 1.50000 -213.5733
19.96000 -49.48000 1.50000 -127.6094
-195.55000 -35.66000 1.50000 -252.3180
-250.94000 -128.50000 1.50000 -253.5587
19.96000 -49.48000 1.50000 -127.5807
-195.55000 -35.66000 1.50000 -212.3006
-250.94000 -128.50000 1.50000 -253.5442
19.96000 -49.48000 1.50000 -127.5520
-195.55000 -35.66000 1.50000 -252.2832
-250.94000 -128.50000 1.50000 -293.5296
19.96000 -49.48000 1.50000 -127.5231
-195.55000 -35.66000 1.50000 -252.2657
-250.94000 -128.50000 1.50000 -293.5150
19.96000 -49.48000 1.50000 -167.4942
-195.55000 -35.66000 1.50000 -252.2482
-250.94000 -128.50000 1.50000 -293.5004
19.96000 -49.48000 1.50000 -167.4652
-195.55000 -35.66000 1.50000 -252.2307
-250.94000 -128.50000 1.50000 -293.4857
19.96000 -49.48000 1.50000 -167.4361
-195.55000 -35.66000 1.50000 -252.2131
-250.94000 -128.50000 1.50000 -293.4710
19.96000 -49.48000 1.50000 -167.4069
-195.55000 -35.66000 1.50000 -252.1955
-250.94000 -128.50000 1.50000 -253.4563
19.96000 -49.48000 1.50000 -167.3776
-195.55000 -35.66000 1.50000 -252.1779
-250.94000 -128.50000 1.50000 -253.4416
19.96000 -49.48000 1.50000 -167.3483
-195.55000 -35.66000 1.50000 -212.1602
-250.94000 -128.50000 1.50000 -253.4269
19.96000 -49.48000 1.50000 -167.3188
-195.55000 -35.66000 1.50000 -212.1425
-250.94000 -128.50000 1.50000 -253.4121
19.96000 -49.48000 1.50000 -167.2893
-195.55000 -35.66000 1.50000 -212.1247
-250.94000 -128.50000 1.50000 -253.3973
19.96000 -49.48000 1.50000 -167.2596
-195.55000 -35.66000 1.50000 -212.1069
-250.94000 -128.50000 1.50000 -253.3825
19.96000 -49.48000 1.50000 -167.2299
-195.55000 -35.66000 1.50000 -212.0891
-250.94000 -128.50000 1.50000 -253.3677
19.96000 -49.48000 1.50000 -167.2001
-195.55000 -35.66000 1.50000 -212.0713
-250.94000 -128.50000 1.50000 -253.3528
19.96000 -49.48000 1.50000 -167.1702
-195.55000 -35.66000 1.50000 -212.0534
-250.94000 -128.50000 1.50000 -253.3380
19.96000 -49.48000 1.50000 -167.1403
-195.55000 -35.66000 1.50000 -212.0354
-250.94000 -128.50000 1.50000 -253.3231
19.96000 -49.48000 1.50000 -167.1102
-195.55000 -35.66000 1.50000 -212.0175
-250.94000 -128.50000 1.50000 -253.3081
19.96000 -49.48000 1.50000 -167.0800
-195.55000 -35.66000 1.50000 -211.9995
-250.94000 -128.50000 1.50000 -253.2932
19.96000 -49.48000 1.50000 -167.0498
-195.55000 -35.66000 1.50000 -211.9814
-250.94000 -128.50000 1.50000 -253.2782
19.96000 -49.48000 1.50000 -167.0194
-195.55000 -35.66000 1.50000 -211.9634
-250.94000 -128.50000 1.50000 -253.2632
19.96000 -49.48000 1.50000 -166.9890
-195.55000 -35.66000 1.50000 -211.9453
-250.94000 -128.50000 1.50000 -253.2482
19.96000 -49.48000 1.50000 -166.9585
-195.55000 -35.66000 1.50000 -211.9271
-250.94000 -128.50000 1.50000 -253.2332
19.96000 -49.48000 1.50000 -166.9279
-195.55000 -35.66000 1.50000 -211.9089
-250.94000 -128.50000 1.50000 -253.2181
19.96000 -49.48000 1.50000 -166.8972
-195.55000 -35.66000 1.50000 -211.8907
-250.94000 -128.50000 1.50000 -253.2030
19.96000 -49.48000 1.50000 -166.8856
-195.55000 -35.66000 1.50000 -211.8876
-250.94000 -128.50000 1.50000 -253.1980
19.96000 -49.48000 1.50000 -166.9164
-195.55000 -35.66000 1.50000 -211.9058
-250.94000 -128.50000 1.50000 -253.2131
19.96000 -49.48000 1.50000 -166.9471
-195.55000 -35.66000 1.50000 -211.9240
-250.94000 -128.50000 1.50000 -253.2282
19.96000 -49.48000 1.50000 -166.9777
-195.55000 -35.66000 1.50000 -211.9422
-250.94000 -128.50000 1.50000 -253.2433
19.96000 -49.48000 1.50000 -167.0082
-195.55000 -35.66000 1.50000 -211.9603
-250.94000 -128.50000 1.50000 -253.2583
19.96000 -49.48000 1.50000 -167.0386
-195.55000 -35.66000 1.50000 -211.9784
-250.94000 -128.50000 1.50000 -253.2733
19.96000 -49.48000 1.50000 -167.0689
-195.55000 -35.66000 1.50000 -211.9964
-250.94000 -128.50000 1.50000 -253.2883
19.96000 -49.48000 1.50000 -167.0992
-195.55000 -35.66000 1.50000 -212.0144
-250.94000 -128.50000 1.50000 -253.3032
19.96000 -49.48000 1.50000 -167.1293
-195.55000 -35.66000 1.50000 -212.0324
-250.94000 -128.50000 1.50000 -253.3182
19.96000 -49.48000 1.50000 -167.1594
-195.55000 -35.66000 1.50000 -212.0504
-250.94000 -128.50000 1.50000 -253.3331
19.96000 -49.48000 1.50000 -167.1893
-195.55000 -35.66000 1.50000 -252.0683
-250.94000 -128.50000 1.50000 -253.3480
19.96000 -49.48000 1.50000 -167.2192
-195.55000 -35.66000 1.50000 -252.0861
-250.94000 -128.50000 1.50000 -253.3629
19.96000 -49.48000 1.50000 -167.2490
-195.55000 -35.66000 1.50000 -252.1040
-250.94000 -128.50000 1.50000 -253.3777
19.96000 -49.48000 1.50000 -167.2787
-195.55000 -35.66000 1.50000 -252.1218
-250.94000 -128.50000 1.50000 -253.3925
19.96000 -49.48000 1.50000 -167.3083
-195.55000 -35.66000 1.50000 -252.1395
-250.94000 -128.50000 1.50000 -253.4073
19.96000 -49.48000 1.50000 -167.3378
-195.55000 -35.66000 1.50000 -252.1572
-250.94000 -128.50000 1.50000 -293.4221
19.96000 -49.48000 1.50000 -167.3672
-195.55000 -35.66000 1.50000 -252.1749
-250.94000 -128.50000 1.50000 -293.4369
19.96000 -49.48000 1.50000 -167.3966
-195.55000 -35.66000 1.50000 -212.1926
-250.94000 -128.50000 1.50000 -293.4516
19.96000 -49.48000 1.50000 -127.4258
-195.55000 -35.66000 1.50000 -252.2102
-250.94000 -128.50000 1.50000 -293.4663
19.96000 -49.48000 1.50000 -127.4550
-195.55000 -35.66000 1.50000 -252.2278
-250.94000 -128.50000 1.50000 -293.4810
19.96000 -49.48000 1.50000 -127.4841
-195.55000 -35.66000 1.50000 -252.2453
-250.94000 -128.50000 1.50000 -253.4957
19.96000 -49.48000 1.50000 -127.5131
-195.55000 -35.66000 1.50000 -252.2629
-250.94000 -128.50000 1.50000 -253.5103
19.96000 -49.48000 1.50000 -127.5420
-195.55000 -35.66000 1.50000 -252.2803
-250.94000 -128.50000 1.50000 -213.5249
19.96000 -49.48000 1.50000 -127.5708
-195.55000 -35.66000 1.50000 -252.2978
-250.94000 -128.50000 1.50000 -253.5396
19.96000 -49.48000 1.50000 -127.5610
-195.55000 -35.66000 1.50000 -252.2950
-250.94000 -128.50000 1.50000 -253.5349
19.96000 -49.48000 1.50000 -127.5321
-195.55000 -35.66000 1.50000 -252.2775
-250.94000 -128.50000 1.50000 -253.5203
19.96000 -49.48000 1.50000 -127.5031
-195.55000 -35.66000 1.50000 -252.2600
-250.94000 -128.50000 1.50000 -253.5057
19.96000 -49.48000 1.50000 -127.4741
-195.55000 -35.66000 1.50000 -252.2425
-250.94000 -128.50000 1.50000 -253.4910
19.96000 -49.48000 1.50000 -127.4449
-195.55000 -35.66000 1.50000 -252.2249
-250.94000 -128.50000 1.50000 -213.4763
19.96000 -49.48000 1.50000 -127.4157
-195.55000 -35.66000 1.50000 -252.2073
-250.94000 -128.50000 1.50000 -213.4616
19.96000 -49.48000 1.50000 -127.3864
-195.55000 -35.66000 1.50000 -252.1897
-250.94000 -128.50000 1.50000 -253.4469
19.96000 -49.48000 1.50000 -127.3569
-195.55000 -35.66000 1.50000 -252.1720
-250.94000 -128.50000 1.50000 -293.4321
19.96000 -49.48000 1.50000 -127.3274
-195.55000 -35.66000 1.50000 -252.1543
-250.94000 -128.50000 1.50000 -293.4174
19.96000 -49.48000 1.50000 -167.2979
-195.55000 -35.66000 1.50000 -252.1366
-250.94000 -128.50000 1.50000 -293.4026
19.96000 -49.48000 1.50000 -167.2682
-195.55000 -35.66000 1.50000 -252.1188
-250.94000 -128.50000 1.50000 -293.3878
19.96000 -49.48000 1.50000 -167.2384
-195.55000 -35.66000 1.50000 -252.1010
-250.94000 -128.50000 1.50000 -293.3729
19.96000 -49.48000 1.50000 -167.2085
-195.55000 -35.66000 1.50000 -212.0832
-250.94000 -128.50000 1.50000 -253.3580
19.96000 -49.48000 1.50000 -167.1786
-195.55000 -35.66000 1.50000 -252.0653
-250.94000 -128.50000 1.50000 -253.3432
19.96000 -49.48000 1.50000 -167.1486
-195.55000 -35.66000 1.50000 -252.0474
-250.94000 -128.50000 1.50000 -253.3282
19.96000 -49.48000 1.50000 -167.1184
-195.55000 -35.66000 1.50000 -252.0294
-250.94000 -128.50000 1.50000 -253.3133
19.96000 -49.48000 1.50000 -167.0882
-195.55000 -35.66000 1.50000 -252.0114
-250.94000 -128.50000 1.50000 -253.2984
19.96000 -49.48000 1.50000 -167.0579
-195.55000 -35.66000 1.50000 -251.9934
-250.94000 -128.50000 1.50000 -253.2834
19.96000 -49.48000 1.50000 -167.0275
-195.55000 -35.66000 1.50000 -251.9754
-250.94000 -128.50000 1.50000 -253.2684
19.96000 -49.48000 1.50000 -166.9970
-195.55000 -35.66000 1.50000 -251.9573
-250.94000 -128.50000 1.50000 -253.2534
19.96000 -49.48000 1.50000 -166.9664
-195.55000 -35.66000 1.50000 -211.9391
-250.94000 -128.50000 1.50000 -253.2383
19.96000 -49.48000 1.50000 -166.9357
-195.55000 -35.66000 1.50000 -211.9210
-250.94000 -128.50000 1.50000 -253.2232
19.96000 -49.48000 1.50000 -166.9050
-195.55000 -35.66000 1.50000 -211.9028
-250.94000 -128.50000 1.50000 -253.2081
19.96000 -49.48000 1.50000 -166.8741
-195.55000 -35.66000 1.50000 -211.8845
-250.94000 -128.50000 1.50000 -253.1930
19.96000 -49.48000 1.50000 -166.8627
-195.55000 -35.66000 1.50000 -251.8815
-250.94000 -128.50000 1.50000 -253.1880
19.96000 -49.48000 1.50000 -166.8936
-195.55000 -35.66000 1.50000 -251.8997
-250.94000 -128.50000 1.50000 -253.2032
19.96000 -49.48000 1.50000 -166.9245
-195.55000 -35.66000 1.50000 -251.9179
-250.94000 -128.50000 1.50000 -253.2183
19.96000 -49.48000 1.50000 -166.9552
-195.55000 -35.66000 1.50000 -251.9361
-250.94000 -128.50000 1.50000 -253.2334
19.96000 -49.48000 1.50000 -166.9859
-195.55000 -35.66000 1.50000 -251.9543
-250.94000 -128.50000 1.50000 -253.2484
19.96000 -49.48000 1.50000 -167.0165
-195.55000 -35.66000 1.50000 -211.9724
-250.94000 -128.50000 1.50000 -253.2635
19.96000 -49.48000 1.50000 -167.0470
-195.55000 -35.66000 1.50000 -251.9904
-250.94000 -128.50000 1.50000 -253.2785
19.96000 -49.48000 1.50000 -167.0774
-195.55000 -35.66000 1.50000 -252.0085
-250.94000 -128.50000 1.50000 -253.2935
19.96000 -49.48000 1.50000 -167.1077
-195.55000 -35.66000 1.50000 -252.0265
-250.94000 -128.50000 1.50000 -253.3085
19.96000 -49.48000 1.50000 -167.1379
-195.55000 -35.66000 1.50000 -252.0444
-250.94000 -128.50000 1.50000 -293.3234
19.96000 -49.48000 1.50000 -167.1680
-195.55000 -35.66000 1.50000 -252.0624
-250.94000 -128.50000 1.50000 -293.3384
19.96000 -49.48000 1.50000 -167.1980
-195.55000 -35.66000 1.50000 -252.0803
-250.94000 -128.50000 1.50000 -293.3533
19.96000 -49.48000 1.50000 -127.2279
-195.55000 -35.66000 1.50000 -252.0981
-250.94000 -128.50000 1.50000 -293.3682
19.96000 -49.48000 1.50000 -127.2578
-195.55000 -35.66000 1.50000 -252.1159
-250.94000 -128.50000 1.50000 -293.3830
19.96000 -49.48000 1.50000 -127.2875
-195.55000 -35.66000 1.50000 -252.1337
-250.94000 -128.50000 1.50000 -253.3978
19.96000 -49.48000 1.50000 -127.3172
-195.55000 -35.66000 1.50000 -252.1515
-250.94000 -128.50000 1.50000 -213.4126
19.96000 -49.48000 1.50000 -127.3467
-195.55000 -35.66000 1.50000 -252.1692
-250.94000 -128.50000 1.50000 -213.4274
19.96000 -49.48000 1.50000 -127.3762
-195.55000 -35.66000 1.50000 -252.1869
-250.94000 -128.50000 1.50000 -253.4422
19.96000 -49.48000 1.50000 -127.4056
-195.55000 -35.66000 1.50000 -252.2045
-250.94000 -128.50000 1.50000 -253.4569
19.96000 -49.48000 1.50000 -127.4349
-195.55000 -35.66000 1.50000 -252.2221
-250.94000 -128.50000 1.50000 -253.4717
19.96000 -49.48000 1.50000 -127.4641
-195.55000 -35.66000 1.50000 -252.2397
-250.94000 -128.50000 1.50000 -213.4864
19.96000 -49.48000 1.50000 -127.4933
-195.55000 -35.66000 1.50000 -252.2572
-250.94000 -128.50000 1.50000 -213.5010